alpha=0.2
gamma=0.6
selection_rate=1
max_gen=2000
job_num=100
machine_num=10
pop_size=100
Threshold=12194
scenario_num=20
{
	{
		{96, 65, 77, 86, 26, 71, 41, 96, 27, 99},
		{39, 51, 11, 65, 68, 48, 57, 37, 25, 53},
		{69, 34, 91, 10, 42, 69, 23, 21, 12, 39},
		{83, 94, 96, 50, 72, 25, 87, 36, 40, 31},
		{91, 34, 27, 19, 54, 36, 89, 44, 28, 86},
		{33, 64, 44, 16, 99, 68, 83, 40, 55, 42},
		{32, 16, 95, 68, 77, 33, 50, 60, 48, 83},
		{80, 22, 11, 61, 79, 63, 17, 51, 36, 85},
		{33, 34, 91, 17, 56, 94, 59, 18, 57, 56},
		{91, 27, 93, 50, 31, 38, 74, 57, 46, 57},
		{14, 20, 90, 82, 92, 74, 73, 83, 34, 36},
		{62, 37, 45, 80, 39, 21, 89, 84, 14, 35},
		{73, 25, 45, 18, 74, 63, 90, 23, 58, 54},
		{58, 61, 73, 31, 53, 80, 67, 68, 35, 23},
		{93, 94, 22, 22, 85, 18, 86, 38, 53, 24},
		{63, 13, 69, 45, 81, 22, 43, 20, 28, 75},
		{29, 81, 54, 47, 18, 23, 84, 69, 86, 69},
		{61, 83, 50, 87, 88, 58, 22, 29, 87, 13},
		{94, 34, 40, 92, 33, 39, 51, 10, 55, 95},
		{59, 16, 98, 38, 62, 20, 67, 40, 42, 36},
		{79, 17, 93, 94, 61, 40, 78, 88, 82, 18},
		{62, 96, 66, 94, 12, 72, 92, 75, 43, 56},
		{29, 38, 84, 16, 30, 31, 36, 26, 37, 47},
		{65, 91, 91, 71, 33, 74, 49, 38, 54, 97},
		{51, 19, 15, 60, 19, 71, 82, 31, 74, 12},
		{45, 21, 63, 93, 77, 77, 64, 62, 88, 70},
		{65, 48, 20, 28, 55, 83, 30, 69, 64, 96},
		{67, 48, 42, 21, 38, 86, 60, 58, 79, 38},
		{50, 14, 90, 29, 10, 46, 92, 92, 15, 91},
		{18, 84, 22, 74, 64, 23, 79, 72, 47, 41},
		{33, 89, 61, 20, 15, 26, 59, 66, 33, 90},
		{54, 18, 31, 12, 91, 19, 17, 47, 69, 43},
		{81, 39, 51, 31, 64, 40, 34, 31, 72, 37},
		{32, 34, 57, 54, 51, 73, 85, 16, 36, 57},
		{71, 41, 85, 82, 80, 45, 76, 76, 96, 74},
		{15, 16, 45, 21, 84, 20, 99, 66, 27, 94},
		{32, 90, 56, 13, 61, 73, 55, 65, 95, 66},
		{15, 25, 37, 27, 14, 62, 84, 22, 72, 82},
		{16, 30, 76, 49, 28, 56, 22, 37, 30, 42},
		{27, 87, 38, 10, 73, 98, 59, 74, 30, 77},
		{65, 43, 53, 67, 46, 48, 14, 78, 85, 29},
		{62, 88, 16, 82, 82, 73, 10, 17, 37, 82},
		{63, 57, 32, 68, 18, 39, 65, 96, 52, 31},
		{52, 91, 17, 73, 35, 17, 29, 43, 79, 14},
		{32, 77, 84, 25, 91, 61, 40, 80, 36, 73},
		{18, 92, 78, 87, 97, 99, 91, 68, 82, 83},
		{67, 65, 33, 79, 11, 53, 32, 37, 97, 63},
		{12, 88, 63, 88, 51, 13, 35, 30, 53, 22},
		{73, 80, 59, 94, 40, 97, 93, 60, 70, 31},
		{28, 41, 17, 69, 39, 38, 29, 68, 32, 39},
		{10, 65, 76, 73, 39, 27, 66, 91, 27, 60},
		{40, 59, 83, 76, 29, 65, 70, 14, 86, 81},
		{26, 15, 27, 94, 43, 28, 47, 98, 42, 87},
		{92, 76, 77, 47, 47, 22, 21, 31, 16, 70},
		{32, 20, 58, 81, 52, 47, 71, 10, 80, 98},
		{75, 30, 77, 30, 54, 80, 98, 32, 32, 13},
		{91, 80, 17, 34, 35, 93, 58, 41, 98, 50},
		{84, 57, 38, 64, 86, 96, 81, 69, 99, 51},
		{40, 19, 65, 79, 98, 33, 89, 48, 34, 84},
		{10, 84, 23, 33, 96, 11, 58, 50, 50, 53},
		{50, 81, 85, 35, 27, 68, 58, 65, 83, 95},
		{51, 61, 96, 13, 99, 23, 42, 98, 55, 43},
		{51, 62, 23, 37, 24, 71, 57, 36, 54, 84},
		{80, 82, 56, 57, 22, 31, 46, 15, 98, 23},
		{42, 32, 88, 23, 93, 54, 60, 89, 88, 75},
		{93, 53, 70, 36, 71, 41, 35, 88, 87, 46},
		{11, 47, 83, 41, 58, 47, 24, 28, 55, 64},
		{46, 22, 35, 35, 22, 75, 24, 89, 92, 92},
		{93, 44, 78, 15, 79, 37, 11, 46, 68, 34},
		{55, 59, 43, 33, 55, 75, 73, 71, 44, 41},
		{13, 34, 44, 45, 13, 39, 70, 71, 86, 50},
		{22, 72, 91, 28, 91, 64, 79, 78, 34, 77},
		{91, 35, 59, 46, 24, 51, 95, 14, 90, 88},
		{41, 70, 32, 20, 46, 44, 71, 28, 82, 67},
		{34, 55, 95, 45, 58, 58, 65, 48, 47, 43},
		{18, 36, 50, 68, 94, 24, 46, 44, 13, 15},
		{97, 32, 46, 23, 29, 30, 74, 76, 54, 59},
		{50, 55, 90, 88, 96, 93, 30, 50, 12, 83},
		{66, 68, 31, 36, 73, 60, 10, 93, 57, 11},
		{28, 64, 15, 82, 84, 68, 24, 51, 94, 12},
		{55, 83, 80, 79, 96, 66, 64, 81, 79, 99},
		{24, 22, 84, 39, 49, 67, 26, 71, 56, 14},
		{90, 75, 96, 47, 71, 44, 61, 49, 28, 21},
		{65, 14, 17, 16, 99, 65, 33, 40, 25, 97},
		{48, 33, 14, 43, 81, 77, 17, 57, 19, 99},
		{34, 14, 16, 35, 86, 86, 35, 28, 93, 38},
		{11, 75, 47, 25, 62, 39, 84, 16, 12, 18},
		{81, 73, 50, 56, 99, 61, 39, 76, 47, 50},
		{23, 39, 83, 39, 17, 56, 52, 53, 86, 79},
		{79, 86, 96, 90, 33, 22, 30, 36, 13, 45},
		{90, 18, 32, 38, 98, 22, 87, 47, 54, 22},
		{12, 64, 14, 62, 59, 25, 59, 88, 42, 75},
		{84, 69, 93, 90, 16, 41, 89, 76, 94, 25},
		{60, 68, 45, 73, 91, 64, 31, 82, 31, 82},
		{88, 73, 33, 58, 76, 42, 27, 93, 10, 68},
		{47, 83, 38, 49, 58, 10, 92, 68, 65, 83},
		{83, 22, 97, 72, 51, 52, 75, 99, 53, 56},
		{31, 72, 48, 85, 46, 79, 37, 32, 69, 61},
		{93, 18, 38, 67, 70, 66, 40, 32, 64, 18},
		{51, 45, 11, 96, 22, 14, 65, 78, 45, 96}
	},
	{
		{34, 44, 54, 98, 27, 84, 24, 98, 31, 31},
		{93, 45, 40, 47, 57, 99, 11, 71, 97, 81},
		{12, 38, 77, 67, 74, 55, 65, 93, 39, 73},
		{79, 24, 20, 51, 78, 89, 82, 29, 70, 97},
		{91, 88, 61, 96, 60, 46, 45, 64, 61, 61},
		{93, 53, 64, 46, 22, 26, 22, 62, 68, 80},
		{24, 21, 30, 43, 93, 91, 65, 66, 66, 87},
		{57, 27, 96, 27, 20, 43, 43, 42, 73, 67},
		{45, 18, 47, 91, 60, 77, 37, 12, 22, 41},
		{65, 18, 17, 24, 83, 83, 27, 67, 23, 54},
		{35, 25, 25, 34, 71, 69, 40, 51, 37, 97},
		{25, 69, 30, 77, 56, 95, 24, 68, 54, 21},
		{32, 43, 22, 96, 85, 57, 27, 60, 38, 55},
		{49, 89, 58, 16, 85, 73, 63, 29, 70, 35},
		{14, 46, 13, 23, 74, 74, 10, 75, 52, 27},
		{92, 98, 86, 15, 10, 75, 60, 47, 75, 37},
		{56, 41, 16, 90, 41, 82, 58, 24, 43, 27},
		{89, 22, 48, 19, 95, 99, 47, 49, 87, 19},
		{97, 78, 27, 88, 60, 73, 58, 79, 44, 90},
		{25, 29, 98, 28, 18, 43, 62, 34, 94, 46},
		{42, 92, 65, 64, 45, 94, 55, 72, 65, 70},
		{45, 46, 67, 51, 13, 40, 66, 26, 97, 24},
		{98, 28, 53, 98, 30, 75, 52, 31, 33, 13},
		{93, 32, 33, 92, 25, 88, 15, 45, 33, 99},
		{94, 71, 39, 10, 16, 66, 87, 51, 90, 40},
		{98, 48, 73, 86, 73, 31, 80, 42, 13, 74},
		{19, 88, 17, 14, 51, 62, 12, 19, 81, 36},
		{66, 76, 59, 33, 85, 28, 74, 43, 85, 53},
		{37, 83, 86, 32, 92, 45, 73, 83, 31, 89},
		{51, 78, 40, 12, 28, 63, 72, 95, 75, 80},
		{80, 19, 98, 26, 27, 60, 95, 34, 31, 70},
		{77, 50, 63, 49, 78, 84, 49, 79, 46, 62},
		{33, 12, 24, 57, 36, 39, 82, 99, 18, 18},
		{73, 81, 26, 81, 43, 33, 32, 87, 25, 71},
		{93, 16, 13, 26, 30, 77, 41, 21, 68, 75},
		{72, 57, 14, 55, 84, 69, 24, 16, 55, 35},
		{73, 49, 59, 83, 30, 62, 19, 88, 70, 25},
		{83, 95, 40, 51, 45, 31, 58, 85, 54, 52},
		{92, 13, 56, 61, 29, 31, 54, 34, 15, 37},
		{98, 23, 60, 39, 77, 31, 51, 36, 13, 80},
		{18, 64, 55, 43, 36, 32, 61, 59, 60, 28},
		{73, 20, 21, 25, 44, 95, 13, 91, 87, 76},
		{51, 66, 27, 39, 15, 16, 65, 19, 18, 68},
		{30, 87, 55, 72, 59, 11, 23, 52, 27, 98},
		{68, 39, 81, 31, 20, 45, 56, 52, 88, 19},
		{92, 54, 80, 34, 36, 33, 59, 89, 72, 54},
		{19, 37, 39, 51, 24, 12, 37, 22, 89, 72},
		{96, 60, 14, 54, 71, 38, 76, 82, 78, 23},
		{96, 52, 99, 29, 72, 83, 19, 77, 89, 77},
		{37, 18, 21, 62, 65, 59, 83, 87, 71, 56},
		{59, 30, 88, 54, 26, 80, 88, 81, 43, 79},
		{14, 31, 82, 96, 13, 61, 77, 57, 32, 72},
		{25, 83, 22, 80, 27, 96, 68, 82, 26, 38},
		{61, 56, 97, 40, 23, 31, 56, 83, 94, 85},
		{37, 57, 75, 43, 54, 76, 25, 29, 58, 10},
		{38, 73, 68, 34, 11, 15, 75, 38, 44, 28},
		{78, 15, 19, 92, 19, 98, 29, 45, 67, 12},
		{14, 86, 53, 35, 44, 48, 91, 50, 25, 53},
		{79, 88, 80, 35, 45, 98, 16, 85, 59, 25},
		{82, 83, 36, 85, 38, 26, 20, 27, 79, 12},
		{84, 32, 19, 43, 60, 74, 62, 22, 19, 76},
		{15, 57, 49, 33, 51, 74, 44, 36, 10, 41},
		{29, 18, 58, 68, 25, 11, 43, 45, 70, 93},
		{90, 32, 35, 70, 13, 24, 96, 75, 59, 98},
		{86, 12, 90, 39, 26, 51, 30, 24, 36, 90},
		{91, 48, 61, 16, 37, 67, 56, 73, 75, 10},
		{97, 48, 72, 40, 20, 33, 21, 34, 51, 55},
		{99, 77, 48, 21, 62, 48, 20, 89, 33, 15},
		{23, 91, 64, 96, 46, 29, 82, 64, 90, 68},
		{53, 97, 56, 50, 76, 37, 47, 50, 30, 65},
		{56, 33, 72, 59, 16, 51, 47, 43, 42, 31},
		{78, 78, 86, 82, 84, 89, 11, 32, 79, 48},
		{60, 83, 57, 43, 53, 75, 50, 73, 58, 11},
		{34, 14, 42, 38, 74, 87, 43, 45, 36, 39},
		{21, 12, 29, 59, 43, 21, 72, 29, 95, 90},
		{60, 78, 11, 60, 47, 31, 89, 64, 25, 39},
		{81, 68, 98, 18, 52, 20, 42, 46, 29, 88},
		{92, 59, 43, 72, 60, 26, 93, 96, 67, 79},
		{59, 81, 85, 67, 78, 92, 23, 12, 56, 46},
		{41, 28, 47, 27, 13, 26, 65, 61, 63, 77},
		{60, 65, 32, 53, 42, 24, 37, 11, 87, 62},
		{39, 13, 77, 75, 33, 90, 54, 17, 38, 47},
		{67, 36, 95, 48, 51, 44, 77, 82, 51, 12},
		{59, 52, 86, 77, 53, 75, 90, 91, 33, 56},
		{39, 57, 32, 73, 91, 71, 66, 93, 15, 55},
		{36, 57, 14, 10, 25, 83, 64, 30, 26, 73},
		{46, 57, 40, 79, 35, 28, 72, 37, 31, 50},
		{47, 69, 59, 71, 67, 32, 57, 10, 14, 92},
		{58, 66, 21, 74, 65, 13, 83, 97, 10, 22},
		{13, 77, 84, 28, 98, 90, 59, 60, 54, 62},
		{55, 31, 82, 47, 58, 75, 81, 17, 91, 40},
		{28, 98, 51, 99, 15, 59, 84, 27, 70, 40},
		{66, 91, 36, 42, 35, 80, 89, 12, 39, 74},
		{57, 98, 27, 72, 62, 26, 72, 75, 38, 93},
		{63, 16, 41, 79, 14, 88, 70, 88, 12, 26},
		{92, 65, 79, 30, 98, 78, 22, 96, 20, 63},
		{31, 15, 55, 26, 31, 54, 30, 25, 20, 20},
		{72, 23, 96, 88, 98, 89, 94, 95, 72, 23},
		{54, 25, 18, 97, 21, 58, 83, 28, 11, 40},
		{88, 40, 74, 54, 66, 36, 81, 92, 85, 95}
	},
	{
		{60, 79, 96, 59, 68, 47, 53, 69, 58, 79},
		{75, 72, 23, 15, 73, 72, 42, 30, 86, 40},
		{10, 86, 53, 52, 19, 10, 83, 33, 39, 65},
		{11, 77, 63, 90, 91, 43, 55, 17, 59, 64},
		{81, 18, 67, 39, 61, 24, 22, 34, 82, 48},
		{29, 64, 36, 66, 91, 58, 38, 48, 77, 23},
		{28, 50, 21, 40, 78, 67, 28, 47, 41, 68},
		{57, 19, 69, 42, 98, 11, 11, 87, 90, 44},
		{31, 55, 53, 21, 51, 93, 64, 32, 52, 99},
		{40, 53, 80, 36, 48, 53, 65, 97, 97, 44},
		{14, 22, 84, 66, 20, 66, 16, 51, 96, 95},
		{75, 56, 49, 11, 82, 92, 38, 29, 75, 66},
		{62, 34, 46, 12, 77, 24, 61, 86, 15, 67},
		{94, 69, 55, 22, 77, 59, 11, 58, 21, 89},
		{66, 36, 45, 62, 12, 43, 19, 27, 90, 48},
		{32, 24, 91, 48, 17, 89, 16, 79, 42, 49},
		{81, 35, 52, 77, 51, 76, 93, 87, 40, 93},
		{65, 94, 19, 95, 77, 59, 85, 89, 34, 14},
		{20, 12, 60, 20, 84, 62, 13, 67, 70, 17},
		{69, 53, 16, 33, 82, 93, 44, 69, 13, 46},
		{66, 44, 56, 25, 77, 34, 78, 79, 88, 97},
		{57, 12, 73, 41, 50, 74, 98, 56, 84, 93},
		{13, 21, 72, 41, 33, 98, 96, 48, 65, 81},
		{21, 78, 87, 43, 11, 98, 67, 46, 59, 41},
		{31, 11, 81, 78, 69, 11, 24, 70, 18, 20},
		{85, 79, 65, 24, 51, 11, 15, 96, 55, 84},
		{54, 47, 59, 91, 40, 38, 47, 32, 18, 35},
		{59, 33, 73, 31, 46, 81, 48, 30, 79, 28},
		{80, 31, 13, 99, 30, 64, 50, 11, 11, 80},
		{75, 68, 94, 30, 58, 44, 20, 27, 57, 44},
		{19, 55, 77, 19, 84, 39, 29, 85, 63, 45},
		{34, 94, 90, 78, 26, 24, 19, 15, 53, 79},
		{81, 30, 29, 40, 28, 99, 53, 15, 38, 98},
		{69, 33, 84, 48, 12, 27, 49, 83, 76, 98},
		{30, 71, 18, 29, 70, 13, 87, 11, 70, 40},
		{78, 76, 64, 89, 51, 99, 68, 24, 40, 66},
		{12, 13, 77, 35, 44, 38, 45, 65, 28, 49},
		{51, 76, 10, 28, 84, 49, 70, 88, 88, 29},
		{38, 52, 70, 82, 21, 45, 80, 81, 58, 48},
		{66, 73, 12, 39, 32, 47, 59, 19, 92, 30},
		{64, 99, 86, 92, 54, 93, 45, 64, 62, 49},
		{75, 21, 81, 53, 56, 41, 96, 50, 39, 71},
		{87, 72, 10, 42, 26, 33, 29, 51, 96, 67},
		{82, 29, 25, 97, 29, 11, 90, 48, 75, 40},
		{20, 68, 61, 15, 70, 35, 98, 71, 65, 51},
		{38, 99, 42, 31, 41, 17, 63, 95, 62, 65},
		{63, 99, 82, 13, 58, 53, 95, 45, 62, 86},
		{40, 19, 26, 74, 53, 37, 14, 99, 95, 66},
		{92, 51, 65, 38, 91, 69, 43, 78, 14, 80},
		{77, 11, 25, 46, 83, 39, 76, 56, 24, 11},
		{55, 59, 88, 57, 22, 61, 88, 31, 44, 86},
		{97, 11, 98, 47, 32, 57, 45, 33, 43, 83},
		{24, 39, 85, 11, 64, 63, 34, 84, 60, 31},
		{49, 53, 90, 57, 88, 12, 84, 69, 63, 34},
		{15, 74, 97, 31, 54, 52, 23, 76, 49, 76},
		{36, 84, 88, 50, 58, 87, 90, 24, 71, 29},
		{17, 34, 76, 54, 55, 43, 91, 33, 18, 86},
		{18, 26, 85, 25, 93, 24, 35, 25, 63, 16},
		{12, 88, 77, 76, 49, 45, 67, 11, 73, 68},
		{35, 16, 54, 33, 33, 24, 98, 72, 39, 99},
		{94, 65, 35, 81, 90, 98, 16, 84, 11, 43},
		{32, 68, 71, 69, 43, 55, 13, 63, 94, 55},
		{64, 97, 98, 61, 67, 30, 62, 17, 75, 30},
		{55, 84, 16, 94, 85, 98, 82, 63, 89, 39},
		{87, 64, 85, 11, 46, 74, 24, 95, 34, 91},
		{42, 78, 87, 87, 55, 97, 32, 72, 79, 18},
		{94, 58, 43, 52, 29, 28, 50, 98, 32, 66},
		{64, 42, 53, 70, 18, 80, 61, 81, 58, 49},
		{34, 70, 19, 48, 69, 49, 27, 78, 61, 14},
		{24, 49, 41, 47, 76, 83, 27, 22, 13, 43},
		{14, 59, 43, 68, 19, 52, 18, 72, 74, 16},
		{64, 46, 65, 77, 24, 48, 74, 41, 73, 80},
		{72, 94, 44, 94, 36, 84, 69, 91, 61, 30},
		{64, 76, 83, 27, 42, 76, 32, 79, 57, 18},
		{17, 27, 77, 10, 82, 35, 97, 40, 30, 19},
		{79, 28, 10, 26, 92, 90, 61, 64, 80, 89},
		{97, 43, 48, 60, 43, 81, 64, 79, 81, 15},
		{25, 40, 74, 82, 35, 11, 48, 81, 96, 94},
		{20, 64, 65, 74, 87, 57, 73, 38, 34, 80},
		{42, 73, 12, 99, 77, 79, 64, 63, 73, 29},
		{82, 34, 57, 36, 16, 87, 66, 22, 20, 39},
		{64, 61, 26, 43, 31, 65, 77, 34, 99, 18},
		{42, 89, 87, 80, 71, 70, 92, 69, 66, 61},
		{48, 19, 30, 50, 29, 99, 16, 51, 35, 38},
		{68, 84, 83, 91, 80, 51, 42, 83, 67, 48},
		{97, 11, 56, 34, 76, 91, 68, 30, 39, 47},
		{84, 60, 65, 75, 17, 44, 17, 63, 10, 45},
		{94, 13, 92, 55, 77, 68, 23, 54, 93, 31},
		{67, 71, 32, 96, 71, 39, 38, 69, 96, 68},
		{97, 53, 58, 22, 11, 97, 69, 21, 75, 28},
		{27, 90, 33, 98, 50, 53, 23, 75, 36, 23},
		{94, 86, 66, 88, 46, 10, 65, 95, 77, 38},
		{55, 98, 31, 24, 17, 50, 98, 15, 88, 16},
		{12, 73, 21, 91, 71, 50, 84, 84, 63, 74},
		{34, 14, 73, 75, 53, 16, 50, 15, 10, 66},
		{56, 56, 80, 87, 89, 15, 31, 44, 16, 46},
		{84, 47, 71, 73, 24, 22, 73, 66, 56, 10},
		{55, 22, 48, 39, 11, 18, 37, 44, 89, 25},
		{29, 46, 88, 37, 68, 29, 32, 73, 39, 83},
		{54, 62, 29, 32, 35, 23, 27, 55, 68, 73}
	},
	{
		{92, 23, 77, 25, 31, 10, 10, 68, 43, 29},
		{82, 17, 41, 95, 35, 92, 13, 28, 39, 37},
		{15, 86, 97, 29, 98, 86, 80, 98, 75, 21},
		{15, 50, 26, 41, 90, 79, 73, 22, 42, 36},
		{53, 30, 39, 10, 56, 61, 28, 14, 92, 96},
		{74, 75, 27, 83, 72, 37, 88, 54, 43, 42},
		{82, 81, 25, 83, 31, 96, 11, 22, 94, 42},
		{72, 68, 56, 36, 87, 34, 69, 75, 25, 92},
		{67, 27, 37, 31, 68, 26, 77, 56, 41, 47},
		{99, 92, 81, 11, 96, 80, 30, 39, 59, 41},
		{20, 55, 86, 37, 85, 72, 12, 12, 24, 14},
		{53, 34, 72, 27, 28, 14, 33, 25, 84, 90},
		{70, 36, 74, 33, 62, 61, 66, 57, 36, 64},
		{65, 46, 12, 44, 32, 44, 53, 28, 43, 11},
		{52, 64, 63, 99, 78, 17, 88, 96, 87, 86},
		{90, 87, 46, 83, 97, 14, 37, 88, 54, 96},
		{19, 50, 62, 40, 69, 41, 44, 97, 52, 13},
		{34, 91, 42, 33, 79, 68, 21, 44, 82, 63},
		{87, 58, 18, 44, 85, 70, 65, 76, 52, 14},
		{81, 85, 67, 67, 95, 93, 92, 53, 40, 90},
		{27, 68, 92, 61, 54, 33, 73, 18, 29, 62},
		{87, 49, 93, 26, 86, 97, 76, 78, 69, 55},
		{66, 48, 57, 90, 76, 49, 86, 62, 54, 10},
		{43, 53, 50, 48, 25, 61, 29, 37, 33, 87},
		{37, 25, 13, 31, 68, 17, 86, 66, 91, 90},
		{26, 74, 33, 40, 77, 40, 63, 10, 15, 47},
		{27, 28, 42, 89, 48, 46, 84, 54, 37, 60},
		{73, 25, 35, 87, 34, 85, 73, 62, 81, 65},
		{30, 25, 51, 85, 89, 42, 38, 26, 32, 73},
		{52, 15, 42, 39, 29, 23, 19, 95, 17, 89},
		{66, 98, 15, 99, 38, 36, 33, 33, 26, 66},
		{17, 42, 69, 87, 81, 22, 88, 31, 11, 29},
		{62, 78, 70, 76, 92, 87, 21, 21, 50, 66},
		{24, 86, 82, 12, 73, 83, 36, 68, 87, 23},
		{82, 99, 60, 92, 39, 23, 68, 17, 29, 35},
		{70, 75, 63, 88, 75, 19, 73, 20, 57, 68},
		{58, 35, 39, 71, 64, 98, 50, 55, 94, 57},
		{20, 45, 80, 79, 83, 88, 47, 62, 48, 12},
		{35, 26, 92, 88, 35, 70, 85, 74, 32, 27},
		{65, 85, 22, 79, 37, 82, 61, 93, 57, 53},
		{50, 41, 51, 25, 80, 54, 39, 95, 34, 18},
		{77, 62, 53, 16, 46, 70, 66, 44, 84, 94},
		{23, 66, 79, 92, 35, 27, 19, 29, 84, 31},
		{89, 94, 96, 11, 46, 58, 84, 42, 19, 28},
		{36, 59, 41, 91, 42, 61, 77, 55, 60, 83},
		{19, 44, 18, 55, 48, 13, 46, 52, 61, 41},
		{17, 70, 20, 82, 88, 27, 40, 15, 70, 87},
		{18, 24, 70, 44, 80, 62, 90, 95, 54, 27},
		{57, 73, 35, 72, 96, 44, 66, 90, 98, 39},
		{20, 34, 85, 75, 58, 50, 35, 47, 52, 59},
		{98, 58, 63, 33, 78, 15, 89, 72, 53, 16},
		{28, 48, 10, 54, 74, 39, 11, 93, 49, 27},
		{46, 81, 60, 25, 82, 47, 19, 19, 46, 26},
		{97, 62, 84, 46, 16, 82, 82, 96, 34, 89},
		{28, 55, 90, 22, 57, 47, 78, 31, 96, 99},
		{89, 18, 74, 78, 34, 68, 80, 16, 11, 84},
		{93, 30, 61, 61, 46, 85, 39, 84, 44, 36},
		{97, 98, 91, 45, 42, 97, 27, 71, 84, 33},
		{26, 76, 11, 13, 14, 90, 70, 66, 26, 60},
		{17, 21, 25, 92, 89, 26, 83, 74, 87, 64},
		{98, 75, 48, 24, 49, 62, 43, 80, 77, 53},
		{87, 90, 92, 16, 72, 29, 32, 40, 66, 87},
		{40, 29, 32, 42, 66, 34, 34, 24, 46, 96},
		{97, 87, 27, 28, 59, 15, 13, 63, 88, 40},
		{35, 58, 17, 89, 48, 38, 72, 53, 90, 90},
		{60, 79, 22, 87, 52, 65, 69, 92, 38, 35},
		{73, 67, 67, 40, 27, 90, 65, 54, 68, 33},
		{45, 48, 19, 72, 59, 27, 48, 88, 76, 69},
		{17, 53, 89, 23, 55, 35, 73, 17, 86, 91},
		{69, 32, 25, 22, 17, 67, 65, 87, 22, 35},
		{10, 87, 19, 40, 51, 10, 39, 95, 95, 62},
		{15, 51, 95, 10, 17, 66, 29, 96, 55, 19},
		{52, 69, 45, 14, 70, 67, 68, 63, 95, 37},
		{94, 63, 39, 75, 43, 47, 71, 52, 71, 56},
		{29, 86, 53, 54, 52, 15, 77, 42, 53, 49},
		{14, 96, 24, 92, 66, 74, 73, 16, 70, 43},
		{95, 97, 30, 14, 93, 89, 21, 88, 60, 57},
		{85, 98, 80, 89, 94, 56, 25, 86, 39, 34},
		{16, 36, 52, 94, 75, 87, 97, 74, 38, 45},
		{91, 69, 26, 55, 81, 46, 93, 10, 79, 66},
		{23, 99, 17, 75, 41, 69, 68, 12, 96, 25},
		{93, 45, 51, 78, 83, 57, 91, 73, 10, 80},
		{36, 69, 73, 10, 84, 83, 75, 44, 26, 49},
		{62, 87, 79, 35, 47, 28, 65, 61, 38, 10},
		{18, 59, 67, 51, 58, 38, 51, 68, 84, 45},
		{91, 67, 92, 41, 61, 34, 22, 25, 49, 37},
		{95, 59, 42, 58, 32, 22, 65, 36, 70, 10},
		{94, 29, 75, 37, 63, 11, 14, 79, 65, 10},
		{64, 23, 49, 38, 51, 96, 71, 41, 10, 55},
		{76, 62, 69, 34, 81, 80, 56, 12, 60, 48},
		{28, 99, 10, 54, 52, 14, 99, 44, 13, 26},
		{66, 46, 47, 77, 93, 58, 10, 93, 57, 45},
		{81, 59, 26, 38, 79, 57, 81, 95, 52, 89},
		{80, 69, 47, 64, 14, 79, 97, 50, 61, 12},
		{54, 57, 22, 31, 92, 40, 25, 83, 26, 78},
		{45, 11, 34, 88, 79, 74, 20, 66, 60, 20},
		{27, 44, 57, 78, 97, 68, 20, 53, 64, 18},
		{17, 66, 55, 18, 51, 49, 61, 18, 74, 19},
		{38, 16, 27, 99, 23, 64, 80, 39, 40, 10},
		{75, 65, 30, 42, 67, 63, 54, 39, 82, 34}
	},
	{
		{31, 86, 78, 52, 29, 74, 92, 41, 75, 15},
		{38, 98, 33, 82, 59, 27, 73, 27, 43, 28},
		{96, 23, 66, 59, 73, 90, 59, 38, 52, 44},
		{25, 39, 31, 86, 63, 72, 52, 49, 27, 21},
		{77, 30, 13, 95, 97, 29, 19, 61, 23, 93},
		{42, 94, 80, 26, 46, 60, 82, 97, 54, 11},
		{79, 72, 84, 79, 11, 43, 23, 58, 88, 46},
		{15, 19, 24, 68, 58, 15, 96, 72, 39, 35},
		{12, 19, 18, 23, 98, 13, 17, 10, 65, 60},
		{98, 47, 14, 30, 43, 24, 99, 69, 31, 87},
		{98, 81, 47, 65, 31, 47, 33, 19, 15, 20},
		{99, 76, 88, 16, 62, 84, 32, 81, 11, 75},
		{36, 12, 64, 72, 26, 72, 99, 22, 53, 85},
		{31, 74, 19, 49, 44, 66, 30, 33, 83, 60},
		{87, 96, 17, 54, 97, 90, 74, 84, 89, 15},
		{94, 77, 86, 47, 76, 16, 48, 39, 79, 95},
		{29, 42, 93, 40, 35, 10, 79, 43, 63, 61},
		{53, 36, 50, 25, 55, 40, 69, 75, 53, 42},
		{41, 77, 15, 55, 57, 35, 96, 82, 93, 41},
		{99, 47, 38, 75, 67, 46, 64, 59, 75, 61},
		{59, 86, 19, 32, 48, 44, 79, 94, 11, 26},
		{73, 39, 14, 20, 69, 94, 72, 13, 53, 70},
		{75, 26, 26, 95, 57, 65, 88, 47, 94, 83},
		{12, 34, 89, 64, 86, 30, 67, 67, 51, 40},
		{79, 49, 58, 70, 77, 91, 71, 79, 97, 25},
		{47, 94, 43, 75, 88, 38, 35, 48, 12, 36},
		{97, 83, 73, 48, 41, 64, 30, 87, 95, 47},
		{21, 55, 21, 86, 99, 20, 35, 12, 34, 67},
		{55, 34, 93, 31, 66, 53, 59, 63, 94, 46},
		{98, 19, 22, 44, 52, 11, 25, 56, 66, 16},
		{30, 34, 92, 45, 46, 81, 86, 72, 59, 14},
		{42, 50, 89, 94, 43, 29, 40, 77, 53, 18},
		{90, 43, 95, 51, 83, 67, 92, 78, 27, 43},
		{11, 17, 34, 80, 26, 41, 90, 23, 54, 55},
		{96, 54, 76, 20, 41, 92, 70, 96, 67, 61},
		{54, 84, 86, 29, 56, 32, 55, 77, 89, 90},
		{47, 25, 75, 18, 83, 36, 44, 41, 94, 32},
		{83, 54, 83, 75, 37, 91, 25, 41, 75, 84},
		{30, 58, 31, 59, 60, 46, 68, 39, 75, 42},
		{46, 22, 22, 70, 78, 72, 81, 99, 99, 73},
		{76, 71, 91, 56, 53, 39, 34, 49, 83, 67},
		{46, 92, 68, 97, 51, 67, 34, 53, 17, 26},
		{65, 68, 36, 21, 72, 16, 71, 30, 60, 45},
		{71, 12, 41, 82, 34, 66, 90, 90, 26, 48},
		{75, 44, 11, 27, 40, 56, 85, 16, 18, 28},
		{67, 66, 70, 34, 58, 93, 65, 91, 57, 50},
		{78, 86, 79, 46, 13, 76, 99, 58, 78, 97},
		{82, 76, 71, 38, 49, 98, 81, 65, 66, 79},
		{55, 79, 72, 84, 87, 87, 95, 38, 19, 90},
		{38, 18, 90, 68, 50, 35, 52, 55, 93, 98},
		{12, 63, 57, 11, 75, 16, 75, 71, 93, 18},
		{94, 56, 86, 69, 76, 78, 35, 38, 49, 39},
		{61, 33, 62, 77, 30, 10, 85, 12, 56, 99},
		{91, 17, 66, 96, 75, 48, 91, 41, 52, 54},
		{27, 74, 73, 28, 62, 95, 24, 12, 27, 37},
		{43, 49, 64, 81, 76, 68, 16, 22, 69, 17},
		{51, 33, 35, 10, 74, 52, 92, 16, 56, 77},
		{21, 11, 38, 86, 98, 34, 44, 26, 89, 87},
		{62, 32, 48, 80, 28, 33, 15, 91, 66, 53},
		{79, 91, 27, 60, 94, 21, 30, 91, 55, 12},
		{22, 24, 53, 23, 13, 34, 28, 96, 74, 65},
		{21, 32, 94, 44, 26, 42, 67, 71, 27, 25},
		{90, 67, 51, 73, 85, 92, 97, 51, 42, 27},
		{28, 87, 86, 53, 65, 42, 69, 17, 37, 20},
		{10, 29, 91, 77, 33, 67, 75, 72, 56, 11},
		{68, 69, 28, 53, 36, 28, 64, 67, 36, 14},
		{53, 87, 90, 65, 55, 91, 63, 25, 52, 49},
		{74, 82, 52, 81, 36, 52, 47, 22, 49, 78},
		{60, 22, 17, 91, 44, 75, 79, 91, 31, 61},
		{67, 63, 73, 97, 56, 82, 76, 29, 99, 42},
		{50, 99, 36, 43, 83, 79, 37, 52, 90, 22},
		{89, 67, 66, 35, 60, 55, 32, 59, 16, 74},
		{71, 59, 41, 86, 77, 19, 22, 93, 21, 57},
		{96, 43, 24, 66, 82, 28, 32, 99, 88, 19},
		{81, 22, 72, 75, 14, 31, 24, 21, 10, 25},
		{18, 43, 84, 66, 34, 36, 28, 23, 96, 28},
		{44, 42, 38, 16, 28, 38, 71, 16, 86, 74},
		{42, 23, 42, 56, 13, 84, 71, 18, 71, 79},
		{62, 73, 58, 51, 95, 98, 72, 89, 60, 45},
		{24, 91, 29, 60, 86, 37, 39, 59, 87, 14},
		{16, 52, 86, 20, 78, 83, 28, 96, 97, 40},
		{37, 40, 88, 49, 36, 41, 18, 10, 17, 11},
		{99, 68, 13, 88, 38, 39, 25, 27, 29, 11},
		{65, 93, 90, 16, 20, 14, 14, 21, 40, 58},
		{36, 72, 64, 68, 85, 85, 65, 28, 28, 57},
		{18, 57, 26, 69, 98, 55, 95, 17, 51, 72},
		{65, 72, 78, 92, 73, 54, 88, 27, 16, 98},
		{10, 16, 78, 26, 36, 74, 15, 47, 31, 91},
		{63, 37, 43, 73, 83, 93, 89, 52, 41, 92},
		{49, 64, 48, 66, 23, 13, 19, 57, 61, 83},
		{70, 41, 54, 91, 23, 42, 32, 43, 51, 12},
		{57, 18, 37, 50, 83, 59, 69, 77, 30, 38},
		{55, 43, 74, 74, 90, 97, 49, 49, 63, 66},
		{92, 15, 92, 70, 99, 41, 28, 73, 73, 57},
		{44, 42, 82, 19, 63, 43, 90, 94, 10, 75},
		{71, 60, 52, 96, 91, 60, 46, 49, 71, 47},
		{78, 90, 79, 74, 42, 26, 48, 74, 16, 88},
		{71, 93, 13, 85, 90, 69, 48, 37, 61, 69},
		{84, 42, 42, 19, 96, 43, 45, 36, 26, 87},
		{27, 88, 66, 13, 83, 98, 90, 48, 13, 26}
	},
	{
		{96, 10, 34, 73, 70, 84, 54, 12, 17, 64},
		{78, 75, 22, 65, 71, 36, 49, 27, 92, 31},
		{29, 92, 89, 95, 39, 40, 32, 61, 50, 97},
		{10, 65, 67, 84, 72, 57, 73, 50, 81, 58},
		{13, 21, 53, 39, 30, 56, 30, 22, 47, 16},
		{28, 32, 13, 16, 94, 40, 61, 65, 78, 12},
		{84, 42, 88, 40, 70, 35, 45, 36, 92, 27},
		{11, 16, 85, 15, 68, 44, 23, 21, 27, 92},
		{17, 32, 89, 12, 51, 39, 92, 19, 43, 67},
		{13, 36, 47, 34, 52, 91, 42, 58, 11, 62},
		{47, 64, 86, 44, 36, 24, 93, 12, 58, 76},
		{84, 98, 61, 50, 76, 28, 62, 32, 16, 10},
		{96, 51, 25, 39, 26, 18, 78, 64, 77, 56},
		{83, 76, 11, 86, 98, 52, 20, 48, 92, 39},
		{10, 75, 46, 64, 49, 59, 68, 60, 59, 72},
		{26, 77, 19, 65, 82, 19, 68, 84, 86, 29},
		{84, 72, 37, 11, 83, 13, 45, 88, 41, 33},
		{38, 44, 74, 30, 68, 19, 68, 85, 16, 37},
		{43, 18, 54, 90, 84, 59, 28, 81, 37, 79},
		{14, 89, 85, 41, 90, 42, 85, 32, 32, 45},
		{12, 79, 63, 90, 59, 22, 64, 79, 58, 50},
		{43, 14, 66, 85, 54, 69, 49, 63, 27, 55},
		{10, 11, 65, 80, 60, 91, 24, 35, 10, 18},
		{86, 76, 30, 11, 72, 85, 88, 68, 37, 68},
		{39, 83, 65, 76, 42, 49, 13, 38, 58, 58},
		{43, 20, 54, 32, 50, 67, 69, 23, 46, 37},
		{26, 39, 98, 48, 37, 65, 96, 83, 87, 73},
		{76, 53, 65, 89, 91, 16, 22, 97, 77, 36},
		{94, 21, 55, 58, 71, 33, 43, 66, 90, 26},
		{55, 35, 83, 20, 12, 18, 18, 26, 55, 34},
		{54, 51, 64, 89, 45, 50, 11, 45, 79, 22},
		{11, 55, 68, 11, 19, 33, 81, 73, 98, 61},
		{55, 51, 12, 35, 54, 42, 56, 29, 43, 89},
		{39, 68, 80, 42, 27, 21, 82, 48, 32, 42},
		{89, 47, 87, 42, 71, 39, 61, 19, 54, 39},
		{90, 58, 83, 50, 27, 95, 16, 72, 84, 56},
		{85, 48, 59, 85, 76, 45, 73, 39, 39, 20},
		{59, 98, 85, 63, 86, 19, 91, 96, 54, 32},
		{53, 21, 25, 94, 71, 42, 31, 97, 35, 14},
		{54, 88, 77, 99, 35, 10, 54, 15, 51, 26},
		{98, 65, 99, 90, 81, 39, 74, 45, 37, 44},
		{63, 94, 64, 17, 29, 91, 48, 80, 20, 16},
		{52, 50, 13, 16, 28, 50, 75, 79, 14, 83},
		{28, 72, 85, 80, 31, 83, 71, 31, 81, 26},
		{17, 84, 33, 23, 20, 40, 12, 30, 43, 54},
		{71, 81, 77, 86, 54, 84, 28, 16, 13, 13},
		{34, 64, 17, 45, 16, 17, 46, 87, 94, 35},
		{99, 22, 37, 43, 76, 25, 61, 47, 45, 80},
		{68, 32, 67, 79, 59, 58, 79, 71, 61, 43},
		{32, 75, 61, 26, 56, 54, 20, 87, 56, 22},
		{20, 36, 23, 16, 87, 68, 80, 89, 13, 19},
		{89, 33, 56, 16, 60, 52, 12, 81, 50, 70},
		{80, 69, 96, 10, 61, 85, 14, 46, 78, 96},
		{58, 50, 78, 11, 70, 64, 34, 41, 90, 16},
		{81, 77, 34, 24, 97, 52, 35, 65, 74, 68},
		{83, 55, 76, 19, 61, 63, 27, 27, 46, 22},
		{38, 92, 61, 64, 32, 70, 81, 90, 61, 37},
		{25, 25, 26, 24, 72, 11, 36, 51, 52, 79},
		{40, 68, 60, 14, 96, 83, 91, 42, 58, 58},
		{41, 11, 61, 51, 89, 18, 37, 62, 99, 40},
		{33, 74, 44, 75, 14, 63, 29, 57, 29, 69},
		{56, 19, 30, 46, 91, 77, 41, 15, 48, 10},
		{46, 15, 68, 19, 89, 84, 51, 24, 21, 56},
		{17, 18, 11, 97, 80, 14, 67, 17, 85, 36},
		{93, 94, 76, 17, 35, 71, 99, 60, 75, 45},
		{58, 67, 72, 12, 57, 66, 47, 78, 41, 49},
		{99, 97, 28, 11, 28, 30, 72, 34, 95, 85},
		{56, 13, 92, 42, 83, 47, 18, 80, 76, 38},
		{18, 26, 42, 25, 31, 77, 90, 24, 48, 46},
		{86, 33, 39, 73, 66, 86, 40, 66, 13, 22},
		{68, 73, 58, 33, 73, 98, 36, 17, 53, 93},
		{32, 67, 50, 92, 30, 10, 46, 48, 15, 90},
		{39, 82, 95, 14, 48, 65, 84, 78, 41, 91},
		{71, 21, 63, 97, 20, 75, 83, 15, 50, 50},
		{16, 11, 99, 32, 95, 73, 39, 85, 37, 28},
		{37, 37, 29, 63, 71, 52, 51, 53, 88, 57},
		{84, 79, 42, 32, 97, 72, 58, 94, 73, 99},
		{64, 35, 88, 51, 96, 36, 47, 15, 80, 26},
		{61, 60, 21, 38, 67, 73, 19, 90, 79, 22},
		{53, 43, 17, 68, 33, 41, 64, 28, 39, 48},
		{78, 92, 80, 33, 38, 87, 71, 90, 35, 32},
		{89, 14, 49, 98, 20, 41, 88, 93, 24, 68},
		{32, 71, 54, 69, 44, 46, 32, 71, 71, 57},
		{44, 88, 81, 74, 14, 45, 86, 62, 43, 87},
		{59, 13, 98, 46, 80, 82, 19, 14, 63, 73},
		{46, 72, 26, 54, 92, 58, 53, 41, 95, 50},
		{20, 26, 88, 64, 62, 89, 59, 73, 20, 37},
		{74, 39, 60, 76, 85, 76, 51, 76, 60, 20},
		{13, 50, 79, 42, 34, 25, 74, 96, 70, 96},
		{44, 81, 66, 23, 69, 14, 13, 57, 40, 20},
		{33, 48, 67, 39, 59, 92, 38, 46, 30, 37},
		{66, 39, 39, 72, 90, 49, 90, 32, 74, 30},
		{83, 80, 43, 34, 41, 33, 29, 86, 63, 44},
		{32, 59, 28, 57, 62, 25, 14, 33, 41, 83},
		{87, 45, 82, 84, 80, 61, 48, 18, 24, 14},
		{86, 73, 51, 41, 15, 68, 26, 88, 55, 66},
		{34, 50, 41, 95, 37, 58, 43, 92, 94, 53},
		{16, 54, 23, 52, 50, 61, 31, 82, 33, 91},
		{14, 21, 95, 15, 11, 17, 38, 83, 65, 76},
		{43, 95, 88, 78, 78, 54, 42, 96, 72, 71}
	},
	{
		{33, 50, 69, 42, 86, 76, 33, 57, 70, 94},
		{39, 20, 60, 10, 26, 90, 46, 91, 49, 73},
		{50, 75, 86, 56, 31, 90, 75, 97, 59, 83},
		{15, 96, 19, 81, 47, 31, 22, 53, 74, 27},
		{13, 95, 38, 78, 77, 92, 44, 96, 40, 47},
		{86, 77, 81, 78, 25, 48, 86, 46, 66, 97},
		{53, 77, 39, 48, 67, 25, 54, 56, 53, 25},
		{42, 68, 95, 88, 79, 88, 17, 13, 66, 86},
		{19, 65, 72, 86, 38, 74, 29, 26, 97, 20},
		{20, 73, 93, 34, 37, 89, 17, 87, 71, 30},
		{48, 62, 78, 74, 18, 42, 77, 76, 11, 51},
		{47, 68, 32, 65, 74, 69, 80, 38, 59, 11},
		{68, 38, 59, 52, 42, 94, 24, 26, 63, 32},
		{62, 57, 23, 48, 45, 68, 39, 74, 31, 88},
		{47, 67, 61, 41, 97, 58, 76, 30, 68, 41},
		{38, 16, 80, 69, 26, 60, 86, 89, 14, 27},
		{54, 10, 12, 53, 92, 25, 98, 85, 43, 72},
		{33, 15, 28, 21, 34, 89, 78, 60, 99, 44},
		{16, 41, 21, 42, 59, 91, 47, 85, 76, 74},
		{17, 86, 17, 85, 40, 76, 63, 59, 50, 79},
		{12, 93, 27, 29, 25, 68, 38, 47, 34, 78},
		{10, 33, 74, 27, 60, 26, 28, 52, 69, 64},
		{52, 10, 19, 43, 80, 81, 33, 52, 11, 80},
		{35, 10, 77, 12, 58, 61, 45, 64, 31, 23},
		{87, 29, 18, 44, 42, 35, 77, 27, 75, 77},
		{91, 83, 20, 56, 93, 99, 94, 61, 45, 70},
		{23, 66, 86, 93, 58, 90, 34, 99, 75, 42},
		{39, 50, 24, 95, 90, 47, 80, 98, 84, 92},
		{75, 22, 63, 84, 92, 83, 91, 23, 39, 29},
		{58, 58, 46, 30, 99, 31, 39, 36, 88, 94},
		{55, 86, 26, 27, 88, 94, 57, 14, 54, 48},
		{49, 57, 25, 82, 11, 59, 92, 26, 82, 79},
		{83, 23, 21, 73, 60, 37, 97, 97, 44, 34},
		{54, 28, 52, 27, 71, 90, 50, 38, 16, 68},
		{92, 31, 63, 41, 14, 46, 29, 19, 77, 63},
		{98, 82, 69, 59, 27, 69, 90, 77, 56, 99},
		{77, 64, 49, 73, 35, 11, 18, 83, 77, 55},
		{57, 94, 53, 55, 84, 54, 63, 87, 46, 47},
		{94, 73, 29, 57, 76, 11, 82, 80, 79, 55},
		{63, 21, 20, 52, 44, 58, 96, 61, 47, 55},
		{72, 53, 46, 76, 29, 45, 66, 14, 20, 83},
		{71, 88, 20, 84, 57, 52, 59, 75, 88, 62},
		{75, 63, 60, 79, 28, 84, 42, 49, 44, 58},
		{96, 87, 48, 49, 33, 50, 38, 16, 60, 91},
		{91, 41, 20, 19, 79, 18, 90, 85, 53, 77},
		{52, 92, 78, 69, 42, 69, 44, 23, 75, 60},
		{21, 55, 39, 13, 18, 76, 85, 37, 69, 93},
		{38, 35, 53, 59, 75, 39, 33, 87, 18, 11},
		{69, 82, 85, 52, 32, 44, 58, 96, 50, 17},
		{77, 14, 83, 95, 37, 21, 24, 43, 56, 33},
		{17, 28, 10, 89, 79, 61, 36, 26, 23, 70},
		{40, 29, 40, 17, 41, 20, 77, 46, 47, 44},
		{20, 73, 87, 96, 44, 94, 43, 32, 44, 35},
		{74, 19, 93, 75, 67, 85, 26, 36, 52, 83},
		{60, 40, 54, 18, 82, 33, 37, 23, 58, 48},
		{91, 44, 20, 11, 34, 26, 86, 32, 85, 89},
		{43, 23, 60, 59, 38, 23, 54, 28, 33, 82},
		{92, 40, 66, 76, 60, 64, 86, 38, 86, 54},
		{55, 88, 61, 14, 93, 18, 15, 69, 63, 54},
		{67, 71, 28, 91, 71, 75, 11, 54, 61, 74},
		{34, 10, 19, 17, 19, 70, 50, 44, 70, 59},
		{99, 73, 83, 44, 12, 34, 56, 74, 41, 42},
		{61, 40, 43, 95, 40, 62, 19, 81, 95, 91},
		{60, 34, 92, 21, 35, 43, 42, 42, 45, 19},
		{19, 78, 21, 39, 25, 69, 40, 17, 26, 85},
		{61, 45, 55, 17, 34, 73, 67, 20, 35, 56},
		{60, 34, 62, 99, 28, 15, 88, 83, 15, 92},
		{74, 47, 62, 13, 14, 85, 44, 92, 50, 79},
		{20, 50, 99, 28, 15, 80, 27, 73, 91, 11},
		{54, 81, 51, 90, 60, 49, 42, 74, 82, 64},
		{51, 63, 88, 90, 23, 56, 25, 37, 86, 78},
		{22, 61, 87, 97, 89, 10, 91, 87, 78, 39},
		{75, 66, 79, 45, 90, 20, 92, 92, 80, 18},
		{41, 36, 19, 57, 45, 91, 18, 46, 34, 25},
		{77, 82, 67, 50, 27, 49, 83, 39, 44, 19},
		{23, 98, 78, 61, 33, 74, 34, 86, 10, 38},
		{18, 97, 83, 49, 17, 69, 76, 42, 38, 62},
		{64, 69, 82, 17, 50, 43, 54, 72, 14, 99},
		{17, 30, 73, 12, 40, 13, 67, 32, 87, 86},
		{30, 83, 44, 15, 25, 30, 11, 67, 11, 70},
		{83, 82, 54, 80, 99, 42, 50, 80, 29, 50},
		{58, 38, 68, 22, 92, 38, 50, 19, 46, 36},
		{62, 31, 86, 43, 32, 27, 25, 46, 10, 41},
		{86, 56, 63, 84, 30, 75, 70, 16, 32, 70},
		{66, 84, 57, 20, 38, 22, 54, 61, 18, 98},
		{79, 21, 57, 34, 24, 66, 76, 35, 13, 33},
		{53, 15, 71, 78, 20, 92, 65, 74, 32, 12},
		{53, 30, 26, 39, 21, 75, 77, 92, 20, 65},
		{76, 69, 97, 93, 99, 69, 93, 19, 92, 34},
		{40, 93, 95, 96, 84, 39, 48, 51, 51, 70},
		{98, 45, 44, 67, 39, 20, 20, 70, 91, 77},
		{28, 85, 23, 76, 80, 81, 21, 13, 35, 24},
		{76, 65, 46, 28, 81, 57, 61, 28, 41, 22},
		{30, 61, 31, 86, 45, 66, 92, 35, 68, 13},
		{15, 95, 22, 78, 75, 79, 82, 74, 30, 78},
		{76, 95, 65, 32, 85, 68, 67, 38, 70, 63},
		{18, 36, 21, 72, 62, 36, 73, 60, 32, 75},
		{63, 12, 11, 20, 70, 99, 28, 81, 19, 77},
		{25, 90, 62, 28, 45, 71, 84, 31, 89, 75},
		{57, 69, 73, 44, 16, 53, 73, 17, 37, 94}
	},
	{
		{18, 87, 51, 87, 10, 35, 66, 22, 98, 94},
		{75, 31, 57, 98, 13, 61, 26, 86, 88, 76},
		{25, 36, 10, 44, 83, 49, 88, 82, 20, 14},
		{19, 44, 66, 55, 90, 42, 10, 79, 94, 69},
		{11, 86, 28, 69, 83, 87, 27, 48, 83, 97},
		{49, 30, 81, 15, 96, 19, 55, 58, 96, 30},
		{36, 15, 59, 98, 83, 42, 35, 32, 46, 16},
		{26, 71, 98, 18, 50, 41, 12, 84, 34, 67},
		{55, 76, 30, 83, 82, 40, 42, 65, 67, 41},
		{67, 65, 38, 76, 14, 14, 19, 18, 42, 53},
		{53, 19, 64, 88, 81, 71, 31, 19, 51, 97},
		{11, 54, 84, 16, 34, 41, 39, 52, 89, 48},
		{26, 88, 89, 39, 63, 19, 24, 70, 82, 78},
		{40, 40, 41, 59, 22, 68, 52, 12, 99, 16},
		{55, 61, 71, 49, 66, 98, 22, 72, 38, 41},
		{35, 90, 83, 64, 18, 79, 28, 46, 78, 63},
		{69, 96, 41, 45, 51, 32, 93, 31, 93, 66},
		{61, 99, 30, 63, 62, 68, 14, 91, 47, 12},
		{58, 59, 20, 31, 33, 65, 68, 56, 90, 65},
		{53, 10, 52, 14, 55, 17, 53, 90, 24, 76},
		{77, 43, 94, 11, 60, 66, 88, 15, 70, 86},
		{26, 42, 98, 90, 65, 63, 79, 52, 74, 74},
		{57, 64, 78, 89, 28, 48, 37, 42, 89, 43},
		{57, 88, 36, 91, 87, 76, 16, 76, 47, 68},
		{38, 44, 41, 31, 42, 54, 99, 23, 33, 89},
		{10, 71, 60, 45, 90, 18, 14, 66, 27, 53},
		{96, 30, 45, 81, 69, 37, 70, 82, 73, 82},
		{72, 77, 22, 99, 88, 81, 84, 62, 48, 86},
		{79, 91, 18, 73, 18, 58, 81, 12, 74, 24},
		{18, 50, 51, 34, 94, 24, 72, 24, 91, 25},
		{61, 31, 64, 88, 12, 56, 64, 45, 97, 39},
		{37, 73, 22, 85, 21, 28, 65, 33, 63, 89},
		{73, 32, 80, 85, 77, 82, 14, 57, 19, 87},
		{26, 23, 53, 54, 49, 11, 63, 72, 51, 10},
		{66, 73, 72, 95, 56, 52, 58, 49, 48, 35},
		{47, 57, 22, 80, 81, 86, 51, 38, 27, 78},
		{22, 34, 54, 94, 89, 69, 32, 71, 39, 46},
		{93, 12, 33, 67, 78, 58, 82, 89, 85, 42},
		{66, 99, 79, 71, 38, 23, 46, 13, 52, 64},
		{62, 80, 70, 35, 81, 78, 78, 15, 92, 25},
		{73, 72, 66, 67, 40, 30, 99, 94, 71, 64},
		{70, 52, 23, 36, 44, 64, 46, 50, 93, 38},
		{50, 25, 70, 32, 11, 59, 67, 69, 37, 96},
		{53, 91, 11, 66, 52, 27, 80, 44, 38, 67},
		{19, 50, 39, 10, 25, 40, 58, 98, 59, 38},
		{53, 44, 28, 13, 16, 60, 93, 15, 11, 11},
		{10, 42, 67, 47, 52, 57, 96, 77, 43, 10},
		{25, 45, 80, 15, 53, 86, 15, 56, 83, 13},
		{91, 29, 89, 64, 23, 42, 96, 60, 28, 43},
		{72, 80, 66, 95, 91, 84, 13, 22, 65, 89},
		{21, 43, 71, 68, 15, 83, 43, 91, 13, 55},
		{93, 93, 62, 21, 75, 81, 36, 50, 29, 18},
		{66, 75, 84, 67, 21, 36, 84, 93, 89, 36},
		{86, 58, 16, 67, 17, 96, 97, 77, 67, 67},
		{41, 39, 28, 68, 41, 70, 49, 44, 83, 69},
		{95, 44, 80, 86, 28, 95, 65, 15, 23, 92},
		{16, 40, 56, 88, 31, 48, 70, 90, 77, 48},
		{72, 18, 97, 64, 13, 68, 37, 75, 85, 67},
		{12, 93, 60, 83, 10, 23, 18, 32, 50, 45},
		{39, 52, 56, 19, 25, 96, 58, 49, 27, 54},
		{82, 68, 92, 86, 11, 41, 57, 69, 59, 86},
		{24, 25, 81, 56, 98, 62, 84, 62, 26, 81},
		{84, 70, 68, 52, 99, 50, 13, 84, 43, 98},
		{54, 55, 77, 66, 86, 94, 48, 89, 16, 49},
		{50, 33, 37, 88, 93, 53, 80, 76, 24, 42},
		{99, 59, 79, 20, 42, 54, 85, 23, 47, 53},
		{66, 66, 68, 76, 34, 51, 41, 13, 24, 44},
		{40, 31, 56, 62, 61, 14, 30, 53, 60, 63},
		{82, 77, 96, 33, 92, 90, 90, 20, 67, 38},
		{10, 81, 17, 83, 11, 60, 47, 81, 98, 27},
		{66, 60, 58, 24, 87, 67, 69, 16, 92, 26},
		{24, 62, 31, 72, 10, 65, 68, 49, 32, 67},
		{96, 45, 67, 64, 76, 56, 21, 18, 31, 43},
		{50, 38, 32, 18, 13, 40, 41, 83, 61, 78},
		{25, 64, 84, 32, 83, 71, 42, 48, 24, 94},
		{23, 66, 46, 98, 91, 43, 67, 81, 74, 25},
		{37, 89, 42, 42, 57, 45, 40, 52, 57, 53},
		{95, 82, 49, 64, 54, 57, 51, 16, 78, 85},
		{48, 94, 39, 62, 42, 88, 14, 93, 90, 90},
		{21, 51, 15, 30, 35, 84, 94, 76, 79, 34},
		{48, 48, 50, 71, 81, 92, 23, 65, 18, 22},
		{40, 72, 11, 46, 56, 34, 82, 69, 53, 92},
		{77, 69, 48, 11, 57, 58, 92, 13, 93, 52},
		{44, 38, 34, 13, 53, 99, 17, 74, 15, 94},
		{30, 66, 33, 56, 89, 49, 61, 19, 43, 72},
		{51, 13, 32, 82, 71, 95, 74, 95, 92, 82},
		{32, 93, 52, 51, 39, 21, 51, 21, 56, 81},
		{62, 42, 76, 36, 85, 82, 81, 32, 84, 90},
		{78, 12, 68, 29, 12, 20, 82, 43, 69, 47},
		{71, 96, 59, 76, 30, 44, 27, 57, 10, 27},
		{26, 20, 96, 11, 71, 95, 68, 60, 39, 68},
		{87, 64, 34, 73, 87, 54, 13, 60, 21, 27},
		{54, 12, 33, 10, 27, 36, 71, 35, 40, 76},
		{61, 72, 63, 45, 87, 63, 58, 80, 30, 20},
		{48, 52, 97, 53, 41, 59, 73, 40, 29, 86},
		{46, 36, 46, 44, 17, 84, 34, 63, 82, 68},
		{40, 83, 34, 27, 82, 73, 82, 43, 72, 98},
		{86, 80, 43, 68, 71, 73, 35, 71, 56, 74},
		{83, 57, 49, 34, 10, 85, 98, 44, 49, 60},
		{73, 45, 83, 32, 30, 51, 15, 72, 58, 97}
	},
	{
		{61, 40, 62, 39, 58, 29, 40, 37, 90, 90},
		{37, 37, 52, 82, 35, 73, 63, 68, 67, 60},
		{28, 23, 70, 88, 14, 66, 11, 99, 10, 17},
		{14, 80, 99, 90, 60, 95, 10, 35, 37, 66},
		{48, 34, 99, 78, 48, 67, 86, 26, 65, 37},
		{70, 50, 44, 52, 97, 34, 91, 49, 79, 93},
		{42, 72, 11, 20, 40, 61, 80, 24, 35, 88},
		{61, 83, 78, 24, 16, 85, 75, 31, 36, 47},
		{93, 30, 21, 99, 80, 28, 49, 85, 47, 44},
		{74, 45, 26, 91, 19, 60, 47, 38, 81, 78},
		{57, 59, 25, 37, 65, 78, 31, 88, 73, 13},
		{46, 28, 21, 25, 88, 16, 83, 84, 66, 62},
		{56, 57, 25, 67, 16, 23, 21, 64, 17, 40},
		{68, 97, 77, 78, 70, 99, 71, 22, 97, 77},
		{38, 68, 69, 88, 55, 64, 29, 11, 39, 22},
		{43, 23, 61, 28, 64, 63, 14, 90, 79, 32},
		{37, 85, 85, 21, 82, 88, 12, 32, 36, 17},
		{96, 30, 31, 50, 65, 38, 90, 71, 99, 31},
		{90, 72, 63, 61, 60, 34, 58, 90, 76, 45},
		{22, 48, 44, 62, 95, 46, 76, 22, 14, 50},
		{27, 45, 19, 39, 23, 45, 94, 37, 55, 28},
		{52, 41, 18, 47, 94, 11, 70, 28, 87, 94},
		{35, 15, 60, 58, 43, 39, 33, 97, 70, 10},
		{80, 62, 13, 40, 38, 10, 95, 82, 36, 29},
		{58, 23, 80, 41, 35, 41, 76, 99, 54, 59},
		{39, 83, 35, 96, 83, 12, 69, 32, 40, 72},
		{16, 90, 92, 95, 93, 80, 47, 80, 46, 48},
		{19, 80, 92, 14, 82, 28, 32, 34, 55, 19},
		{45, 58, 32, 45, 84, 79, 40, 14, 60, 55},
		{81, 77, 29, 57, 17, 65, 26, 66, 64, 78},
		{15, 85, 61, 76, 95, 89, 56, 29, 38, 36},
		{22, 63, 30, 95, 89, 31, 46, 10, 29, 38},
		{51, 47, 15, 99, 78, 72, 74, 30, 78, 20},
		{89, 98, 63, 58, 79, 11, 75, 53, 63, 24},
		{84, 48, 14, 23, 65, 52, 16, 21, 94, 53},
		{43, 20, 92, 36, 78, 76, 21, 80, 31, 73},
		{62, 98, 84, 44, 22, 36, 48, 12, 63, 25},
		{23, 10, 98, 45, 27, 96, 17, 24, 21, 65},
		{25, 28, 99, 89, 97, 79, 57, 17, 10, 90},
		{10, 50, 76, 42, 83, 30, 48, 52, 99, 63},
		{91, 29, 79, 41, 83, 58, 44, 75, 74, 69},
		{96, 21, 29, 45, 75, 13, 90, 98, 15, 68},
		{92, 89, 38, 95, 45, 70, 80, 95, 21, 61},
		{34, 74, 28, 51, 70, 34, 42, 41, 44, 75},
		{56, 69, 81, 26, 20, 91, 15, 49, 87, 13},
		{53, 41, 24, 20, 80, 34, 41, 61, 86, 65},
		{62, 99, 36, 95, 38, 83, 24, 16, 61, 33},
		{37, 28, 27, 26, 39, 94, 74, 23, 54, 42},
		{77, 35, 16, 14, 20, 58, 79, 32, 76, 81},
		{90, 83, 82, 77, 92, 43, 90, 63, 31, 63},
		{88, 55, 11, 72, 75, 45, 39, 17, 15, 49},
		{60, 36, 14, 91, 13, 47, 30, 76, 29, 85},
		{26, 51, 78, 52, 81, 74, 79, 68, 99, 49},
		{94, 24, 49, 77, 45, 27, 65, 94, 46, 13},
		{19, 74, 38, 67, 18, 89, 54, 97, 32, 33},
		{79, 16, 84, 68, 43, 71, 43, 46, 22, 42},
		{30, 53, 93, 40, 84, 10, 49, 12, 96, 26},
		{54, 63, 66, 94, 72, 57, 29, 59, 74, 63},
		{42, 53, 37, 31, 30, 43, 39, 78, 52, 52},
		{71, 47, 59, 32, 52, 59, 45, 87, 69, 95},
		{71, 21, 43, 63, 29, 45, 86, 23, 49, 41},
		{49, 17, 71, 94, 98, 78, 32, 90, 35, 95},
		{90, 84, 46, 13, 63, 83, 43, 88, 74, 69},
		{46, 56, 57, 71, 59, 40, 24, 35, 81, 75},
		{27, 65, 19, 26, 66, 22, 13, 31, 72, 60},
		{31, 53, 66, 36, 13, 75, 87, 83, 34, 72},
		{65, 90, 83, 29, 93, 22, 44, 32, 14, 80},
		{86, 73, 91, 44, 56, 39, 96, 92, 87, 88},
		{25, 77, 74, 77, 10, 11, 94, 19, 30, 44},
		{21, 21, 92, 11, 32, 85, 54, 17, 42, 92},
		{95, 96, 83, 87, 59, 40, 35, 69, 82, 89},
		{98, 73, 40, 60, 67, 83, 90, 60, 17, 45},
		{75, 65, 22, 90, 85, 46, 16, 41, 32, 87},
		{19, 51, 23, 71, 48, 91, 87, 34, 60, 64},
		{46, 63, 95, 33, 69, 76, 80, 39, 66, 63},
		{47, 16, 14, 30, 43, 45, 51, 93, 97, 83},
		{63, 68, 67, 19, 31, 80, 32, 73, 20, 88},
		{31, 45, 53, 84, 65, 29, 64, 60, 54, 91},
		{57, 80, 33, 38, 54, 85, 45, 91, 63, 98},
		{98, 25, 61, 87, 68, 64, 59, 27, 45, 35},
		{10, 84, 81, 44, 90, 13, 72, 63, 65, 67},
		{66, 24, 60, 89, 37, 61, 30, 80, 73, 95},
		{82, 72, 19, 32, 35, 62, 12, 37, 59, 63},
		{80, 96, 40, 49, 73, 43, 14, 43, 72, 41},
		{90, 68, 28, 23, 92, 46, 72, 58, 59, 16},
		{76, 21, 89, 40, 89, 66, 96, 71, 56, 98},
		{94, 60, 42, 75, 84, 93, 27, 14, 40, 82},
		{97, 18, 34, 55, 50, 47, 67, 30, 64, 95},
		{50, 50, 88, 54, 80, 92, 52, 42, 54, 40},
		{50, 87, 23, 33, 52, 47, 79, 74, 58, 74},
		{78, 19, 27, 86, 14, 84, 50, 17, 65, 27},
		{55, 94, 86, 45, 41, 66, 45, 21, 97, 33},
		{57, 58, 71, 31, 86, 33, 15, 93, 78, 24},
		{89, 59, 20, 49, 97, 48, 99, 59, 99, 98},
		{42, 45, 96, 67, 63, 28, 37, 47, 20, 20},
		{46, 91, 17, 29, 84, 34, 37, 24, 10, 67},
		{48, 66, 40, 15, 26, 24, 87, 50, 76, 37},
		{20, 14, 49, 31, 27, 47, 68, 17, 82, 90},
		{89, 18, 31, 25, 68, 19, 71, 89, 20, 38},
		{55, 75, 72, 95, 62, 21, 80, 90, 99, 52}
	},
	{
		{53, 73, 63, 43, 32, 69, 30, 14, 63, 71},
		{92, 49, 52, 78, 15, 13, 72, 85, 50, 78},
		{86, 89, 92, 58, 86, 25, 95, 64, 69, 85},
		{15, 93, 94, 94, 25, 56, 53, 20, 88, 37},
		{24, 43, 22, 88, 12, 62, 51, 30, 87, 26},
		{86, 74, 18, 77, 49, 15, 83, 58, 32, 88},
		{40, 45, 19, 32, 67, 91, 23, 11, 40, 76},
		{73, 63, 13, 89, 13, 12, 81, 92, 34, 20},
		{97, 42, 54, 37, 55, 93, 75, 11, 48, 99},
		{70, 45, 50, 39, 50, 12, 52, 72, 91, 85},
		{28, 73, 85, 94, 23, 21, 14, 81, 99, 85},
		{50, 78, 21, 63, 49, 19, 22, 24, 52, 62},
		{48, 50, 91, 98, 32, 62, 45, 13, 84, 43},
		{44, 18, 33, 81, 17, 57, 60, 81, 75, 98},
		{76, 79, 74, 57, 48, 97, 54, 10, 63, 80},
		{97, 22, 53, 65, 77, 33, 80, 97, 22, 27},
		{19, 57, 43, 17, 96, 90, 17, 44, 86, 16},
		{84, 34, 94, 14, 39, 40, 56, 45, 85, 74},
		{25, 19, 45, 77, 91, 99, 15, 68, 43, 68},
		{93, 57, 90, 67, 64, 42, 99, 71, 68, 89},
		{43, 99, 36, 93, 27, 89, 83, 45, 23, 22},
		{46, 23, 10, 56, 33, 80, 69, 94, 99, 62},
		{50, 72, 18, 68, 65, 85, 98, 32, 14, 83},
		{87, 63, 19, 87, 82, 44, 89, 59, 27, 31},
		{47, 67, 20, 65, 82, 38, 53, 79, 84, 21},
		{98, 94, 80, 92, 18, 51, 19, 11, 90, 58},
		{51, 69, 82, 12, 92, 39, 20, 62, 25, 14},
		{40, 80, 67, 94, 60, 56, 96, 60, 47, 91},
		{10, 17, 38, 14, 36, 81, 32, 68, 98, 17},
		{30, 19, 47, 66, 14, 81, 81, 12, 23, 86},
		{68, 45, 54, 17, 31, 15, 52, 85, 84, 97},
		{58, 35, 11, 79, 81, 22, 14, 69, 13, 46},
		{66, 29, 29, 90, 25, 39, 77, 49, 63, 45},
		{78, 39, 86, 30, 73, 91, 28, 74, 30, 21},
		{31, 78, 61, 22, 84, 62, 11, 28, 53, 94},
		{58, 43, 30, 76, 10, 81, 65, 81, 89, 19},
		{57, 85, 48, 71, 39, 11, 58, 12, 71, 67},
		{18, 67, 95, 21, 12, 71, 81, 83, 54, 77},
		{88, 23, 98, 64, 25, 16, 84, 81, 24, 15},
		{70, 58, 70, 53, 49, 81, 22, 80, 21, 87},
		{79, 15, 35, 43, 27, 20, 56, 56, 51, 21},
		{45, 91, 23, 71, 46, 49, 78, 37, 63, 61},
		{81, 49, 59, 15, 42, 16, 89, 35, 61, 73},
		{92, 11, 96, 87, 54, 42, 15, 53, 43, 18},
		{83, 31, 92, 14, 17, 35, 81, 21, 13, 71},
		{65, 55, 86, 33, 15, 28, 71, 32, 39, 58},
		{93, 62, 72, 45, 62, 10, 63, 88, 58, 27},
		{90, 97, 67, 29, 62, 83, 14, 38, 11, 76},
		{43, 38, 16, 75, 22, 10, 81, 88, 94, 68},
		{88, 45, 18, 81, 17, 60, 61, 29, 37, 20},
		{61, 64, 10, 84, 78, 90, 57, 98, 74, 10},
		{99, 94, 33, 67, 91, 40, 59, 27, 85, 97},
		{85, 40, 92, 58, 34, 11, 25, 31, 69, 41},
		{73, 67, 82, 67, 78, 87, 56, 88, 17, 41},
		{52, 31, 37, 20, 11, 68, 10, 80, 53, 67},
		{23, 56, 48, 51, 64, 42, 75, 13, 67, 82},
		{96, 62, 20, 63, 27, 14, 43, 97, 55, 70},
		{75, 73, 67, 64, 53, 29, 42, 59, 35, 52},
		{41, 13, 18, 45, 91, 12, 11, 92, 34, 56},
		{74, 25, 47, 76, 64, 84, 80, 63, 67, 96},
		{53, 16, 59, 98, 91, 58, 46, 57, 10, 58},
		{97, 73, 35, 60, 60, 16, 10, 96, 10, 75},
		{92, 12, 33, 45, 72, 62, 46, 74, 82, 73},
		{65, 57, 33, 42, 28, 23, 99, 82, 56, 81},
		{51, 48, 88, 16, 60, 57, 30, 68, 12, 79},
		{87, 75, 82, 59, 45, 46, 38, 52, 91, 87},
		{31, 69, 88, 20, 15, 89, 79, 17, 53, 28},
		{70, 80, 13, 22, 39, 36, 77, 80, 86, 54},
		{97, 72, 36, 84, 43, 35, 26, 45, 42, 43},
		{78, 79, 77, 13, 18, 77, 37, 83, 80, 11},
		{44, 94, 12, 53, 75, 85, 99, 55, 94, 32},
		{83, 16, 99, 81, 91, 16, 92, 91, 97, 22},
		{87, 28, 52, 36, 62, 28, 23, 17, 13, 54},
		{83, 82, 59, 11, 42, 60, 80, 29, 57, 33},
		{70, 91, 69, 27, 37, 53, 56, 66, 10, 44},
		{99, 55, 89, 61, 25, 85, 81, 45, 73, 62},
		{34, 95, 20, 65, 87, 61, 58, 69, 77, 87},
		{43, 53, 46, 15, 50, 20, 65, 35, 66, 45},
		{82, 15, 50, 20, 72, 91, 10, 16, 74, 63},
		{24, 33, 82, 23, 90, 48, 81, 94, 97, 29},
		{37, 77, 32, 45, 76, 81, 14, 16, 93, 84},
		{74, 87, 57, 43, 49, 11, 25, 80, 41, 83},
		{84, 44, 72, 46, 16, 49, 90, 97, 28, 34},
		{56, 15, 30, 42, 52, 36, 63, 58, 50, 11},
		{63, 65, 93, 90, 77, 86, 46, 53, 73, 92},
		{35, 83, 95, 83, 33, 97, 48, 29, 10, 58},
		{36, 50, 94, 72, 48, 81, 70, 73, 54, 90},
		{47, 61, 14, 40, 81, 81, 28, 63, 83, 43},
		{22, 53, 79, 51, 22, 97, 57, 96, 36, 71},
		{97, 96, 51, 25, 22, 41, 12, 30, 35, 73},
		{26, 71, 92, 20, 23, 59, 88, 58, 73, 15},
		{61, 16, 99, 62, 27, 63, 10, 17, 72, 60},
		{56, 86, 54, 46, 72, 23, 71, 41, 76, 13},
		{27, 73, 31, 72, 67, 25, 14, 41, 76, 38},
		{81, 39, 14, 77, 79, 81, 80, 97, 71, 42},
		{69, 16, 90, 42, 91, 29, 61, 72, 30, 89},
		{55, 61, 66, 63, 54, 75, 98, 37, 18, 13},
		{14, 88, 93, 77, 67, 12, 28, 16, 79, 68},
		{21, 68, 31, 67, 28, 19, 50, 34, 35, 43},
		{59, 54, 78, 86, 77, 13, 39, 64, 45, 96}
	},
	{
		{42, 93, 98, 81, 64, 72, 44, 28, 90, 50},
		{60, 69, 31, 46, 54, 10, 54, 44, 51, 43},
		{67, 36, 43, 56, 81, 76, 20, 35, 62, 73},
		{36, 64, 68, 27, 73, 77, 23, 69, 84, 37},
		{31, 51, 18, 28, 11, 87, 66, 94, 95, 48},
		{16, 53, 12, 97, 93, 33, 80, 57, 56, 85},
		{44, 81, 46, 13, 42, 42, 97, 50, 70, 19},
		{50, 89, 13, 88, 97, 33, 23, 22, 35, 81},
		{72, 95, 25, 38, 27, 78, 59, 88, 17, 30},
		{87, 54, 74, 48, 42, 89, 21, 65, 71, 13},
		{14, 69, 67, 15, 69, 90, 51, 42, 32, 38},
		{26, 22, 58, 30, 20, 19, 79, 72, 71, 53},
		{65, 79, 66, 92, 12, 32, 93, 66, 60, 45},
		{94, 55, 90, 98, 22, 74, 39, 93, 22, 28},
		{89, 82, 16, 16, 10, 89, 61, 12, 13, 84},
		{68, 18, 86, 96, 63, 78, 49, 15, 67, 16},
		{26, 89, 22, 45, 68, 18, 73, 68, 56, 67},
		{77, 47, 52, 78, 87, 31, 86, 10, 52, 97},
		{47, 14, 48, 29, 19, 80, 38, 22, 77, 72},
		{13, 93, 24, 83, 76, 59, 78, 26, 55, 10},
		{27, 34, 52, 47, 53, 56, 22, 83, 72, 54},
		{66, 89, 62, 33, 22, 40, 91, 89, 24, 78},
		{47, 38, 23, 72, 81, 78, 74, 74, 77, 73},
		{17, 40, 16, 35, 99, 58, 70, 77, 25, 43},
		{45, 71, 25, 59, 86, 79, 65, 80, 91, 68},
		{51, 61, 93, 23, 71, 87, 81, 64, 96, 80},
		{86, 16, 66, 14, 71, 31, 94, 90, 63, 12},
		{61, 28, 44, 45, 38, 19, 71, 37, 77, 29},
		{69, 91, 10, 52, 93, 74, 40, 98, 69, 45},
		{83, 76, 47, 66, 66, 66, 58, 17, 95, 97},
		{80, 27, 90, 67, 33, 15, 29, 76, 48, 17},
		{34, 58, 84, 69, 16, 20, 20, 98, 99, 42},
		{95, 65, 69, 55, 99, 82, 92, 76, 93, 30},
		{36, 82, 72, 46, 52, 93, 58, 49, 21, 13},
		{58, 15, 24, 94, 76, 21, 67, 16, 35, 67},
		{62, 21, 93, 59, 42, 63, 79, 24, 69, 12},
		{23, 54, 66, 56, 37, 36, 28, 98, 45, 64},
		{56, 91, 62, 48, 20, 36, 64, 29, 55, 96},
		{63, 14, 78, 19, 82, 53, 27, 29, 85, 86},
		{27, 98, 77, 86, 94, 69, 33, 12, 55, 17},
		{73, 81, 18, 44, 64, 92, 52, 97, 33, 11},
		{21, 57, 27, 68, 56, 15, 92, 10, 24, 91},
		{42, 24, 64, 70, 80, 10, 94, 55, 25, 96},
		{30, 74, 66, 46, 92, 69, 23, 40, 58, 27},
		{68, 78, 39, 13, 91, 60, 92, 40, 96, 12},
		{84, 44, 46, 66, 45, 77, 37, 92, 60, 18},
		{81, 32, 79, 37, 49, 74, 50, 16, 89, 28},
		{71, 99, 28, 74, 63, 11, 77, 71, 98, 77},
		{19, 83, 38, 31, 16, 86, 21, 37, 67, 97},
		{12, 98, 20, 56, 88, 21, 85, 80, 74, 64},
		{25, 97, 16, 47, 53, 81, 30, 71, 13, 50},
		{85, 18, 53, 22, 70, 11, 87, 23, 28, 59},
		{81, 55, 59, 22, 57, 98, 86, 14, 82, 52},
		{99, 97, 81, 88, 31, 38, 76, 55, 91, 27},
		{68, 27, 68, 65, 17, 65, 84, 86, 18, 61},
		{14, 12, 45, 21, 44, 92, 57, 47, 91, 91},
		{54, 92, 99, 44, 62, 76, 44, 34, 12, 20},
		{37, 58, 94, 14, 75, 98, 63, 60, 59, 34},
		{97, 67, 72, 64, 37, 78, 43, 27, 27, 53},
		{34, 36, 80, 73, 76, 46, 78, 87, 44, 61},
		{54, 66, 11, 26, 69, 79, 89, 20, 68, 27},
		{98, 94, 42, 96, 48, 95, 79, 93, 47, 93},
		{47, 68, 64, 55, 65, 35, 86, 37, 61, 18},
		{52, 42, 83, 97, 55, 30, 33, 26, 38, 67},
		{66, 44, 33, 54, 83, 53, 65, 42, 55, 89},
		{60, 16, 52, 77, 90, 33, 57, 99, 96, 41},
		{64, 77, 14, 52, 32, 47, 87, 47, 62, 92},
		{50, 80, 77, 69, 85, 27, 25, 21, 57, 60},
		{94, 16, 42, 92, 96, 55, 81, 25, 28, 91},
		{45, 85, 98, 64, 93, 20, 11, 52, 21, 55},
		{14, 28, 44, 51, 91, 68, 70, 87, 64, 41},
		{97, 51, 53, 35, 96, 16, 93, 13, 87, 38},
		{93, 72, 15, 58, 11, 63, 24, 51, 87, 91},
		{54, 91, 30, 45, 98, 46, 47, 31, 21, 61},
		{75, 11, 65, 88, 95, 31, 99, 86, 76, 59},
		{92, 84, 68, 76, 82, 75, 18, 30, 47, 77},
		{12, 62, 98, 12, 14, 55, 64, 27, 67, 66},
		{66, 10, 68, 16, 62, 70, 85, 60, 32, 64},
		{24, 66, 88, 40, 51, 50, 27, 47, 61, 54},
		{39, 27, 42, 48, 46, 28, 39, 14, 49, 86},
		{99, 75, 50, 80, 37, 81, 70, 31, 19, 37},
		{29, 76, 78, 54, 55, 49, 45, 95, 80, 12},
		{34, 13, 71, 50, 56, 91, 93, 15, 51, 11},
		{73, 23, 43, 64, 72, 91, 42, 86, 65, 29},
		{36, 31, 80, 67, 72, 43, 98, 45, 91, 83},
		{83, 47, 34, 59, 97, 91, 22, 10, 45, 57},
		{92, 69, 82, 43, 77, 25, 71, 18, 82, 49},
		{39, 54, 30, 72, 38, 24, 13, 32, 26, 95},
		{40, 28, 14, 75, 24, 85, 94, 15, 54, 27},
		{37, 50, 96, 28, 58, 21, 50, 40, 71, 47},
		{12, 41, 17, 63, 49, 74, 18, 20, 67, 93},
		{63, 49, 60, 10, 75, 89, 55, 67, 17, 73},
		{38, 15, 10, 63, 79, 96, 36, 80, 71, 52},
		{99, 20, 62, 78, 61, 84, 92, 47, 58, 75},
		{68, 90, 22, 69, 86, 16, 65, 94, 35, 90},
		{79, 96, 54, 87, 75, 81, 41, 31, 49, 35},
		{40, 76, 36, 60, 63, 48, 58, 19, 23, 36},
		{93, 77, 60, 22, 42, 50, 95, 96, 38, 72},
		{73, 64, 17, 60, 36, 36, 13, 26, 93, 91},
		{93, 78, 17, 99, 73, 29, 70, 43, 97, 10}
	},
	{
		{79, 97, 37, 49, 30, 21, 99, 63, 41, 27},
		{39, 81, 65, 16, 14, 76, 21, 89, 50, 51},
		{55, 71, 74, 99, 79, 96, 84, 39, 37, 48},
		{43, 21, 10, 83, 70, 94, 98, 57, 99, 95},
		{69, 37, 39, 94, 82, 29, 38, 48, 16, 46},
		{53, 73, 30, 79, 11, 15, 93, 79, 59, 16},
		{69, 64, 28, 12, 12, 38, 86, 29, 67, 89},
		{33, 56, 42, 49, 56, 90, 90, 12, 45, 47},
		{75, 35, 40, 58, 52, 68, 69, 17, 38, 70},
		{87, 93, 13, 85, 16, 22, 28, 80, 76, 57},
		{39, 89, 92, 85, 86, 76, 63, 41, 93, 65},
		{63, 26, 54, 51, 60, 40, 18, 99, 76, 90},
		{11, 28, 87, 73, 57, 19, 67, 95, 76, 86},
		{12, 80, 16, 64, 23, 56, 82, 76, 25, 57},
		{86, 37, 56, 11, 87, 27, 36, 84, 76, 48},
		{34, 69, 30, 55, 29, 86, 15, 24, 51, 97},
		{11, 65, 75, 25, 65, 17, 76, 77, 17, 70},
		{51, 67, 27, 98, 37, 82, 10, 59, 71, 79},
		{22, 61, 11, 33, 21, 96, 43, 19, 60, 54},
		{81, 13, 67, 88, 26, 74, 27, 80, 78, 84},
		{52, 16, 81, 74, 31, 56, 13, 56, 70, 53},
		{54, 87, 88, 82, 92, 44, 68, 97, 93, 77},
		{94, 86, 83, 65, 14, 66, 74, 41, 47, 24},
		{35, 23, 42, 33, 94, 46, 56, 84, 91, 67},
		{32, 20, 96, 27, 39, 32, 36, 75, 32, 53},
		{66, 86, 39, 14, 30, 15, 73, 94, 17, 70},
		{38, 23, 25, 88, 91, 26, 28, 77, 53, 87},
		{87, 75, 13, 21, 86, 37, 62, 89, 77, 68},
		{39, 24, 38, 61, 68, 13, 99, 21, 58, 43},
		{85, 83, 86, 51, 83, 80, 26, 46, 62, 13},
		{17, 64, 43, 71, 20, 22, 94, 23, 54, 80},
		{24, 69, 58, 58, 75, 91, 11, 78, 40, 20},
		{80, 95, 99, 66, 41, 74, 34, 19, 56, 71},
		{28, 19, 35, 32, 81, 94, 36, 23, 38, 97},
		{47, 94, 74, 84, 32, 81, 98, 84, 90, 67},
		{69, 66, 36, 82, 78, 52, 52, 74, 81, 22},
		{49, 98, 82, 22, 35, 73, 48, 76, 41, 74},
		{79, 58, 52, 64, 52, 25, 46, 98, 91, 30},
		{37, 70, 36, 99, 88, 74, 53, 34, 55, 40},
		{24, 93, 40, 30, 72, 72, 57, 84, 31, 47},
		{54, 37, 71, 48, 52, 97, 30, 76, 64, 22},
		{88, 50, 77, 23, 49, 90, 59, 10, 13, 45},
		{13, 77, 73, 26, 32, 74, 79, 13, 73, 62},
		{33, 31, 85, 31, 91, 58, 62, 47, 76, 76},
		{95, 27, 76, 99, 80, 43, 70, 24, 35, 39},
		{80, 88, 64, 71, 75, 13, 43, 15, 54, 81},
		{60, 42, 52, 64, 56, 93, 69, 28, 97, 53},
		{68, 80, 96, 30, 73, 60, 40, 71, 79, 90},
		{19, 50, 81, 36, 92, 56, 58, 77, 26, 40},
		{29, 48, 83, 95, 56, 51, 48, 37, 25, 46},
		{46, 19, 11, 69, 36, 73, 49, 10, 36, 79},
		{63, 87, 14, 89, 77, 50, 28, 33, 91, 59},
		{98, 18, 69, 25, 41, 45, 12, 33, 96, 56},
		{24, 68, 85, 95, 49, 38, 46, 94, 56, 26},
		{65, 93, 63, 86, 57, 16, 13, 26, 72, 90},
		{56, 76, 97, 56, 27, 66, 90, 16, 45, 46},
		{83, 48, 11, 43, 45, 70, 13, 48, 32, 42},
		{84, 28, 75, 27, 17, 35, 66, 83, 35, 60},
		{87, 84, 63, 32, 46, 60, 95, 79, 95, 40},
		{42, 51, 34, 44, 55, 13, 36, 93, 13, 40},
		{82, 91, 34, 65, 74, 55, 59, 67, 27, 16},
		{86, 71, 79, 28, 80, 75, 82, 55, 33, 93},
		{58, 10, 13, 68, 75, 89, 89, 57, 69, 40},
		{88, 53, 91, 13, 48, 60, 83, 87, 23, 71},
		{51, 12, 15, 27, 89, 20, 49, 88, 95, 39},
		{26, 71, 39, 19, 98, 71, 86, 60, 18, 13},
		{90, 65, 76, 56, 65, 32, 88, 25, 45, 52},
		{69, 43, 26, 90, 70, 70, 60, 85, 10, 49},
		{55, 22, 85, 19, 23, 19, 80, 81, 18, 87},
		{82, 14, 27, 24, 14, 22, 25, 68, 18, 48},
		{62, 97, 99, 12, 63, 40, 90, 81, 20, 17},
		{79, 81, 56, 82, 34, 96, 27, 26, 86, 49},
		{92, 27, 60, 31, 63, 15, 43, 37, 17, 99},
		{78, 63, 37, 45, 90, 42, 90, 60, 30, 26},
		{18, 87, 68, 34, 50, 56, 66, 13, 40, 61},
		{71, 25, 66, 62, 94, 96, 30, 68, 30, 62},
		{11, 89, 75, 91, 45, 50, 24, 93, 22, 43},
		{82, 48, 85, 21, 61, 56, 89, 82, 73, 67},
		{53, 30, 34, 21, 30, 74, 87, 79, 20, 17},
		{75, 57, 41, 53, 31, 33, 29, 52, 28, 83},
		{87, 28, 30, 15, 58, 71, 79, 21, 42, 47},
		{26, 19, 72, 61, 71, 26, 53, 38, 11, 81},
		{35, 24, 95, 31, 11, 58, 50, 46, 15, 78},
		{35, 53, 44, 84, 25, 16, 67, 67, 86, 41},
		{75, 73, 80, 65, 54, 85, 82, 71, 62, 63},
		{76, 59, 66, 16, 10, 65, 75, 41, 50, 89},
		{27, 91, 39, 72, 78, 43, 64, 79, 83, 70},
		{90, 54, 41, 87, 55, 21, 20, 14, 20, 57},
		{24, 44, 51, 98, 33, 18, 68, 46, 77, 55},
		{87, 78, 58, 59, 32, 11, 81, 85, 48, 10},
		{47, 93, 31, 78, 37, 79, 85, 39, 19, 88},
		{79, 89, 76, 11, 50, 12, 77, 25, 38, 88},
		{64, 20, 23, 34, 50, 84, 89, 72, 47, 61},
		{54, 46, 66, 15, 44, 35, 77, 99, 22, 49},
		{90, 57, 37, 54, 56, 70, 27, 29, 28, 93},
		{47, 37, 20, 66, 71, 50, 99, 46, 40, 78},
		{92, 53, 92, 19, 18, 86, 47, 57, 64, 75},
		{78, 31, 43, 27, 99, 72, 72, 93, 53, 37},
		{69, 89, 45, 27, 28, 99, 46, 62, 83, 81},
		{20, 37, 55, 27, 65, 72, 48, 15, 46, 29}
	},
	{
		{88, 49, 17, 80, 58, 73, 33, 50, 41, 30},
		{41, 66, 86, 43, 19, 40, 91, 78, 79, 87},
		{53, 59, 27, 36, 96, 41, 58, 37, 18, 74},
		{87, 93, 84, 29, 61, 66, 32, 95, 64, 60},
		{24, 65, 99, 45, 27, 96, 65, 15, 48, 44},
		{21, 52, 67, 47, 73, 56, 14, 90, 48, 67},
		{11, 44, 39, 43, 46, 70, 92, 88, 44, 76},
		{65, 83, 69, 85, 49, 25, 78, 62, 26, 80},
		{25, 81, 86, 15, 19, 36, 46, 26, 42, 66},
		{20, 46, 27, 95, 78, 89, 99, 53, 39, 21},
		{76, 35, 22, 98, 73, 57, 77, 62, 34, 23},
		{26, 24, 87, 36, 95, 83, 92, 99, 21, 40},
		{65, 94, 67, 22, 81, 41, 66, 24, 60, 89},
		{88, 46, 94, 74, 56, 71, 15, 32, 29, 81},
		{89, 61, 28, 40, 76, 47, 93, 33, 73, 61},
		{55, 99, 14, 43, 44, 90, 40, 36, 31, 46},
		{88, 59, 58, 62, 28, 52, 86, 43, 34, 82},
		{57, 85, 57, 69, 16, 52, 44, 52, 62, 36},
		{45, 71, 49, 12, 42, 81, 58, 15, 83, 94},
		{15, 82, 80, 42, 90, 18, 27, 83, 42, 50},
		{21, 78, 29, 52, 88, 21, 94, 69, 70, 89},
		{66, 66, 18, 24, 26, 48, 18, 88, 87, 48},
		{39, 21, 29, 53, 20, 96, 59, 82, 63, 17},
		{37, 11, 18, 32, 84, 40, 41, 17, 96, 35},
		{64, 69, 53, 89, 55, 13, 29, 22, 24, 10},
		{24, 95, 42, 56, 85, 25, 67, 93, 61, 97},
		{33, 60, 35, 70, 93, 55, 18, 28, 17, 30},
		{37, 73, 78, 27, 61, 64, 84, 93, 29, 39},
		{95, 85, 80, 56, 44, 21, 65, 82, 68, 37},
		{78, 66, 33, 88, 33, 47, 93, 31, 94, 43},
		{81, 82, 17, 63, 80, 90, 66, 72, 52, 66},
		{27, 13, 46, 36, 61, 97, 90, 18, 96, 66},
		{19, 65, 84, 53, 12, 62, 76, 29, 70, 52},
		{93, 87, 71, 18, 46, 71, 22, 79, 74, 85},
		{62, 63, 53, 55, 20, 29, 56, 83, 50, 35},
		{92, 38, 38, 21, 72, 56, 47, 90, 40, 67},
		{90, 94, 44, 71, 24, 23, 23, 52, 73, 61},
		{13, 19, 24, 16, 17, 24, 55, 79, 60, 51},
		{44, 57, 95, 34, 83, 30, 67, 58, 33, 97},
		{44, 19, 54, 10, 31, 39, 89, 34, 98, 64},
		{72, 94, 90, 22, 19, 48, 86, 11, 64, 92},
		{60, 33, 15, 13, 46, 20, 13, 26, 43, 13},
		{85, 55, 29, 53, 57, 74, 41, 79, 40, 29},
		{32, 20, 69, 59, 93, 87, 88, 52, 81, 62},
		{53, 92, 18, 25, 36, 29, 53, 38, 85, 58},
		{38, 35, 96, 59, 71, 69, 50, 51, 84, 42},
		{76, 64, 84, 40, 40, 90, 59, 42, 93, 66},
		{90, 27, 84, 17, 68, 96, 56, 78, 80, 68},
		{56, 37, 91, 71, 20, 70, 43, 42, 60, 73},
		{38, 59, 92, 68, 86, 81, 22, 79, 32, 91},
		{33, 30, 69, 53, 86, 19, 19, 51, 63, 23},
		{24, 97, 52, 23, 67, 11, 18, 71, 42, 38},
		{18, 79, 72, 50, 42, 64, 79, 56, 44, 46},
		{48, 79, 81, 80, 30, 39, 17, 34, 35, 44},
		{86, 98, 82, 98, 70, 81, 91, 81, 62, 77},
		{76, 71, 82, 75, 93, 96, 99, 12, 43, 55},
		{55, 52, 21, 28, 96, 59, 79, 67, 93, 68},
		{22, 29, 48, 54, 59, 31, 77, 49, 27, 76},
		{43, 30, 46, 54, 58, 56, 70, 89, 71, 91},
		{84, 48, 40, 77, 56, 70, 88, 23, 54, 42},
		{95, 26, 35, 92, 58, 26, 11, 53, 58, 76},
		{32, 42, 10, 14, 11, 89, 92, 68, 73, 71},
		{97, 30, 39, 73, 95, 90, 39, 14, 17, 56},
		{83, 33, 26, 93, 84, 75, 16, 83, 98, 15},
		{66, 91, 93, 85, 22, 58, 64, 81, 70, 57},
		{12, 44, 84, 97, 44, 49, 52, 53, 92, 37},
		{33, 64, 35, 70, 36, 94, 16, 24, 71, 37},
		{14, 10, 37, 41, 96, 70, 12, 83, 12, 24},
		{92, 19, 30, 11, 19, 28, 13, 89, 85, 57},
		{92, 96, 83, 63, 14, 75, 63, 96, 67, 75},
		{18, 18, 68, 94, 25, 46, 62, 35, 73, 51},
		{24, 79, 31, 44, 77, 13, 31, 28, 15, 53},
		{63, 97, 44, 71, 64, 22, 96, 31, 52, 68},
		{64, 33, 70, 29, 45, 25, 65, 98, 17, 36},
		{96, 34, 97, 36, 18, 71, 48, 99, 33, 49},
		{68, 27, 63, 30, 21, 21, 79, 13, 40, 66},
		{48, 90, 91, 98, 56, 46, 10, 95, 54, 34},
		{76, 20, 75, 25, 30, 50, 44, 18, 27, 14},
		{65, 19, 82, 88, 57, 66, 42, 47, 13, 81},
		{17, 72, 19, 49, 68, 78, 96, 32, 81, 57},
		{23, 55, 53, 68, 77, 46, 94, 15, 16, 31},
		{51, 78, 27, 94, 84, 67, 37, 17, 62, 86},
		{85, 27, 35, 49, 49, 40, 48, 15, 83, 63},
		{77, 69, 13, 64, 35, 43, 60, 95, 83, 85},
		{62, 73, 97, 10, 84, 30, 32, 35, 11, 52},
		{41, 63, 35, 12, 94, 86, 82, 58, 88, 17},
		{80, 48, 91, 53, 13, 34, 42, 52, 15, 46},
		{72, 19, 97, 94, 88, 85, 51, 69, 18, 75},
		{22, 67, 12, 64, 81, 77, 42, 88, 53, 38},
		{97, 91, 55, 47, 72, 11, 88, 48, 89, 71},
		{62, 22, 17, 90, 31, 74, 36, 27, 49, 83},
		{67, 86, 46, 11, 95, 63, 99, 61, 44, 96},
		{58, 43, 60, 87, 89, 20, 38, 61, 84, 40},
		{31, 56, 95, 99, 64, 49, 47, 34, 19, 39},
		{41, 84, 23, 81, 66, 92, 88, 81, 15, 42},
		{95, 36, 85, 12, 68, 35, 21, 95, 59, 74},
		{62, 39, 20, 25, 89, 26, 46, 56, 16, 90},
		{64, 36, 57, 18, 33, 74, 39, 80, 24, 60},
		{46, 74, 76, 54, 64, 27, 97, 50, 29, 68},
		{94, 90, 91, 74, 92, 88, 73, 31, 76, 76}
	},
	{
		{99, 70, 70, 66, 46, 85, 67, 46, 60, 18},
		{30, 76, 83, 29, 85, 73, 99, 99, 96, 39},
		{83, 68, 27, 97, 13, 22, 45, 85, 77, 74},
		{16, 24, 48, 26, 93, 25, 92, 52, 36, 65},
		{63, 95, 92, 53, 72, 33, 89, 58, 86, 29},
		{14, 85, 84, 14, 20, 99, 19, 77, 47, 89},
		{29, 84, 94, 51, 83, 97, 37, 97, 51, 18},
		{92, 21, 83, 49, 53, 99, 64, 64, 43, 79},
		{61, 18, 81, 46, 81, 13, 80, 53, 80, 26},
		{45, 69, 60, 97, 39, 30, 79, 67, 46, 36},
		{76, 61, 59, 41, 77, 56, 13, 70, 21, 68},
		{28, 60, 66, 30, 45, 10, 31, 71, 55, 26},
		{81, 58, 21, 97, 66, 28, 42, 61, 15, 85},
		{38, 95, 68, 42, 26, 58, 51, 86, 49, 58},
		{42, 94, 71, 46, 95, 60, 74, 95, 95, 72},
		{58, 14, 59, 25, 95, 74, 49, 20, 86, 63},
		{61, 30, 32, 83, 51, 53, 81, 12, 43, 45},
		{93, 50, 81, 86, 65, 58, 79, 70, 48, 33},
		{25, 84, 49, 85, 87, 38, 31, 71, 29, 11},
		{68, 91, 42, 91, 54, 33, 42, 17, 64, 46},
		{29, 41, 13, 20, 70, 86, 72, 96, 49, 50},
		{68, 28, 19, 45, 76, 32, 79, 82, 19, 45},
		{48, 75, 74, 32, 90, 66, 30, 82, 80, 36},
		{20, 98, 45, 18, 77, 62, 28, 28, 28, 88},
		{64, 56, 99, 75, 39, 98, 83, 32, 64, 60},
		{54, 66, 48, 71, 23, 37, 65, 46, 75, 31},
		{30, 54, 46, 45, 42, 78, 34, 84, 97, 87},
		{35, 38, 84, 67, 54, 52, 24, 43, 77, 87},
		{12, 38, 24, 60, 25, 90, 53, 35, 70, 86},
		{49, 19, 34, 70, 98, 94, 21, 42, 23, 72},
		{65, 18, 84, 84, 20, 96, 78, 38, 40, 78},
		{67, 22, 30, 10, 74, 87, 55, 60, 60, 59},
		{65, 97, 69, 18, 54, 92, 23, 75, 20, 23},
		{25, 15, 47, 79, 25, 61, 25, 62, 91, 75},
		{10, 51, 12, 28, 11, 37, 22, 80, 48, 18},
		{52, 35, 62, 62, 63, 63, 51, 19, 64, 43},
		{85, 28, 95, 58, 84, 64, 72, 77, 29, 79},
		{26, 79, 25, 76, 55, 73, 71, 77, 86, 34},
		{73, 70, 70, 78, 95, 75, 75, 64, 34, 62},
		{76, 14, 56, 11, 33, 88, 75, 38, 18, 98},
		{14, 46, 55, 52, 28, 72, 68, 83, 60, 97},
		{95, 46, 26, 10, 76, 64, 79, 52, 57, 23},
		{10, 78, 77, 99, 16, 49, 62, 40, 79, 67},
		{19, 72, 77, 20, 55, 42, 64, 49, 15, 74},
		{30, 30, 31, 87, 25, 14, 86, 88, 39, 12},
		{22, 62, 60, 14, 98, 59, 70, 32, 23, 81},
		{57, 38, 51, 64, 98, 28, 57, 52, 72, 96},
		{95, 11, 16, 30, 80, 60, 74, 58, 85, 78},
		{96, 68, 54, 48, 34, 72, 55, 86, 67, 87},
		{13, 53, 62, 97, 61, 46, 44, 62, 97, 69},
		{93, 55, 55, 88, 98, 40, 46, 58, 86, 34},
		{16, 86, 91, 56, 49, 17, 67, 15, 43, 33},
		{56, 12, 64, 11, 10, 63, 24, 90, 39, 87},
		{11, 20, 63, 10, 88, 70, 62, 19, 80, 59},
		{56, 46, 32, 91, 10, 35, 36, 86, 51, 28},
		{33, 62, 89, 72, 17, 37, 89, 89, 49, 84},
		{51, 90, 84, 43, 24, 24, 68, 74, 10, 91},
		{32, 12, 86, 35, 15, 64, 24, 84, 15, 20},
		{95, 46, 38, 53, 85, 75, 86, 84, 16, 18},
		{27, 60, 71, 85, 53, 39, 78, 31, 52, 51},
		{34, 92, 26, 77, 44, 11, 13, 55, 58, 89},
		{58, 53, 97, 78, 71, 45, 79, 59, 69, 15},
		{62, 19, 10, 36, 25, 79, 15, 89, 34, 53},
		{29, 16, 62, 72, 84, 81, 69, 74, 62, 70},
		{74, 63, 18, 73, 92, 30, 33, 72, 49, 12},
		{12, 66, 85, 77, 63, 48, 78, 76, 38, 42},
		{19, 17, 83, 78, 54, 88, 65, 86, 19, 93},
		{76, 35, 32, 45, 91, 40, 66, 85, 89, 89},
		{72, 39, 64, 16, 95, 48, 54, 40, 90, 12},
		{59, 94, 22, 86, 93, 67, 67, 32, 26, 77},
		{15, 95, 39, 25, 10, 58, 79, 73, 11, 17},
		{25, 67, 92, 43, 83, 70, 93, 56, 89, 42},
		{58, 77, 32, 97, 27, 18, 76, 93, 33, 35},
		{88, 44, 92, 56, 49, 32, 13, 13, 98, 50},
		{27, 31, 76, 28, 46, 77, 77, 55, 37, 87},
		{50, 47, 42, 83, 46, 28, 79, 42, 91, 55},
		{53, 45, 16, 50, 84, 14, 23, 45, 94, 13},
		{21, 94, 60, 56, 91, 10, 75, 21, 35, 55},
		{14, 81, 52, 73, 81, 69, 33, 29, 65, 12},
		{36, 25, 59, 79, 71, 50, 98, 65, 24, 75},
		{59, 80, 38, 96, 46, 82, 84, 51, 42, 43},
		{60, 78, 56, 17, 18, 57, 56, 72, 49, 84},
		{98, 38, 51, 66, 98, 18, 51, 22, 94, 82},
		{59, 49, 68, 52, 18, 97, 76, 16, 93, 79},
		{84, 38, 92, 82, 87, 49, 32, 34, 13, 94},
		{59, 36, 63, 94, 87, 34, 89, 69, 29, 51},
		{49, 20, 48, 34, 67, 69, 51, 68, 38, 65},
		{93, 49, 13, 77, 12, 86, 21, 13, 60, 27},
		{61, 14, 21, 44, 82, 66, 42, 71, 32, 83},
		{76, 76, 15, 67, 83, 30, 79, 17, 22, 85},
		{90, 56, 70, 23, 85, 34, 56, 90, 23, 93},
		{59, 64, 83, 89, 29, 61, 60, 50, 86, 62},
		{84, 20, 16, 77, 57, 28, 70, 57, 39, 32},
		{24, 95, 45, 24, 72, 75, 45, 67, 86, 31},
		{65, 19, 15, 73, 87, 36, 15, 59, 57, 89},
		{27, 60, 24, 73, 22, 85, 93, 15, 83, 59},
		{97, 26, 62, 15, 59, 99, 50, 74, 88, 18},
		{40, 31, 12, 77, 92, 36, 49, 68, 26, 19},
		{70, 53, 10, 18, 22, 11, 93, 91, 87, 86},
		{21, 15, 66, 80, 46, 71, 73, 15, 97, 28}
	},
	{
		{49, 67, 11, 47, 60, 57, 92, 70, 55, 61},
		{48, 38, 16, 75, 16, 15, 21, 15, 36, 48},
		{71, 37, 75, 30, 30, 40, 19, 91, 98, 62},
		{41, 70, 68, 26, 10, 56, 33, 73, 62, 97},
		{53, 46, 46, 25, 40, 80, 62, 99, 46, 58},
		{46, 38, 81, 43, 93, 80, 24, 34, 30, 66},
		{38, 16, 68, 73, 41, 44, 83, 55, 21, 35},
		{45, 49, 69, 80, 40, 77, 38, 86, 19, 66},
		{94, 55, 31, 21, 61, 13, 82, 30, 52, 99},
		{41, 90, 86, 36, 70, 28, 90, 22, 84, 65},
		{40, 69, 72, 55, 98, 81, 91, 34, 78, 53},
		{68, 43, 90, 93, 57, 72, 95, 24, 62, 53},
		{79, 46, 91, 41, 10, 50, 30, 61, 75, 63},
		{60, 75, 48, 61, 78, 81, 14, 29, 49, 60},
		{42, 68, 26, 67, 90, 79, 32, 84, 96, 21},
		{59, 29, 77, 33, 39, 76, 38, 62, 82, 74},
		{58, 79, 16, 98, 15, 28, 39, 15, 20, 13},
		{48, 49, 23, 11, 35, 90, 37, 39, 41, 92},
		{49, 80, 76, 18, 76, 18, 14, 30, 88, 27},
		{32, 77, 51, 70, 55, 40, 67, 71, 52, 53},
		{78, 43, 80, 92, 45, 32, 47, 55, 45, 78},
		{34, 24, 16, 60, 30, 45, 20, 10, 65, 23},
		{14, 37, 78, 65, 53, 36, 73, 57, 26, 35},
		{55, 30, 57, 14, 61, 76, 21, 84, 29, 77},
		{79, 12, 65, 13, 86, 76, 10, 16, 25, 54},
		{24, 41, 82, 75, 54, 65, 18, 57, 64, 50},
		{79, 29, 64, 87, 54, 37, 12, 35, 49, 15},
		{49, 30, 80, 60, 95, 69, 22, 10, 89, 99},
		{51, 25, 53, 48, 99, 91, 36, 54, 38, 28},
		{78, 70, 61, 34, 87, 98, 68, 51, 66, 67},
		{57, 19, 36, 87, 19, 73, 43, 24, 55, 76},
		{31, 30, 47, 20, 79, 30, 85, 19, 95, 71},
		{92, 82, 74, 13, 14, 66, 19, 75, 72, 81},
		{64, 77, 16, 76, 44, 18, 11, 39, 44, 70},
		{20, 76, 96, 92, 15, 37, 36, 82, 53, 89},
		{72, 53, 68, 33, 72, 60, 92, 92, 97, 82},
		{27, 60, 89, 17, 36, 37, 42, 37, 33, 91},
		{48, 66, 94, 38, 85, 55, 32, 76, 63, 41},
		{71, 35, 42, 88, 76, 33, 68, 66, 64, 65},
		{66, 93, 53, 23, 73, 86, 93, 55, 86, 18},
		{84, 70, 10, 27, 25, 10, 77, 66, 12, 83},
		{87, 28, 79, 72, 14, 50, 78, 90, 53, 79},
		{63, 16, 30, 27, 56, 91, 92, 66, 47, 92},
		{60, 97, 69, 83, 30, 87, 56, 95, 26, 29},
		{71, 29, 48, 18, 34, 75, 84, 46, 64, 77},
		{12, 43, 57, 91, 82, 61, 88, 21, 69, 63},
		{47, 79, 68, 23, 67, 52, 22, 81, 32, 39},
		{42, 47, 21, 59, 29, 85, 87, 59, 58, 55},
		{74, 71, 10, 72, 84, 89, 21, 48, 10, 82},
		{20, 98, 13, 17, 78, 97, 37, 56, 61, 68},
		{29, 31, 15, 87, 40, 63, 58, 57, 67, 67},
		{23, 94, 64, 36, 23, 61, 25, 19, 62, 66},
		{26, 73, 39, 32, 57, 94, 17, 98, 26, 84},
		{20, 82, 54, 54, 66, 93, 89, 46, 30, 72},
		{47, 29, 90, 19, 19, 49, 14, 79, 85, 36},
		{20, 94, 32, 54, 82, 42, 15, 24, 14, 48},
		{37, 59, 50, 45, 84, 34, 44, 38, 22, 41},
		{68, 88, 60, 78, 72, 95, 11, 82, 63, 13},
		{30, 44, 56, 64, 74, 17, 67, 95, 34, 62},
		{84, 78, 63, 56, 10, 35, 90, 48, 50, 35},
		{37, 23, 69, 75, 16, 36, 45, 75, 41, 22},
		{16, 26, 43, 78, 89, 26, 94, 77, 29, 68},
		{48, 81, 94, 72, 97, 50, 59, 84, 60, 66},
		{27, 54, 24, 16, 44, 90, 38, 15, 97, 79},
		{29, 41, 68, 64, 95, 12, 28, 27, 24, 38},
		{27, 17, 40, 11, 61, 55, 26, 88, 58, 52},
		{41, 15, 25, 18, 96, 58, 59, 51, 47, 64},
		{78, 14, 11, 13, 35, 69, 78, 61, 97, 49},
		{69, 68, 26, 33, 34, 25, 92, 24, 14, 33},
		{78, 99, 54, 42, 88, 77, 35, 43, 24, 24},
		{80, 95, 99, 37, 55, 12, 24, 18, 96, 64},
		{44, 88, 76, 44, 21, 77, 90, 10, 79, 42},
		{88, 96, 49, 23, 38, 43, 67, 63, 24, 55},
		{16, 18, 18, 52, 34, 44, 22, 73, 31, 70},
		{47, 85, 68, 14, 51, 74, 22, 12, 26, 95},
		{54, 48, 55, 77, 72, 98, 44, 99, 61, 88},
		{61, 52, 11, 86, 55, 46, 89, 46, 71, 32},
		{76, 34, 68, 17, 77, 90, 96, 64, 28, 72},
		{23, 62, 94, 72, 39, 64, 24, 34, 86, 28},
		{83, 15, 13, 68, 87, 10, 81, 63, 88, 39},
		{71, 78, 57, 82, 59, 67, 96, 50, 69, 99},
		{45, 19, 26, 37, 10, 34, 38, 98, 99, 90},
		{61, 18, 54, 46, 74, 10, 41, 76, 65, 69},
		{97, 77, 80, 84, 37, 69, 40, 49, 98, 92},
		{82, 92, 48, 42, 38, 17, 47, 13, 42, 70},
		{17, 16, 54, 40, 53, 93, 25, 39, 81, 36},
		{14, 39, 45, 84, 46, 45, 52, 21, 27, 80},
		{88, 64, 91, 95, 91, 39, 20, 78, 16, 17},
		{84, 83, 29, 68, 26, 46, 63, 65, 98, 93},
		{41, 65, 99, 29, 78, 98, 18, 86, 89, 14},
		{38, 65, 23, 44, 54, 11, 44, 70, 14, 59},
		{62, 68, 87, 63, 39, 13, 59, 85, 63, 27},
		{97, 38, 33, 33, 28, 39, 57, 49, 84, 46},
		{96, 33, 25, 89, 58, 34, 26, 69, 56, 59},
		{26, 46, 73, 55, 15, 12, 26, 86, 38, 47},
		{58, 10, 17, 92, 18, 91, 43, 47, 15, 86},
		{36, 23, 19, 85, 89, 12, 59, 17, 36, 97},
		{35, 81, 48, 28, 29, 64, 75, 11, 87, 85},
		{79, 88, 84, 45, 22, 51, 82, 45, 27, 48},
		{99, 19, 67, 11, 90, 59, 15, 99, 71, 74}
	},
	{
		{62, 75, 32, 18, 21, 26, 54, 81, 78, 56},
		{17, 19, 17, 96, 60, 45, 69, 31, 91, 43},
		{86, 31, 81, 85, 82, 37, 24, 85, 93, 49},
		{67, 62, 14, 97, 82, 45, 36, 72, 35, 61},
		{82, 82, 42, 46, 32, 27, 72, 36, 75, 22},
		{15, 37, 81, 56, 60, 53, 72, 61, 15, 11},
		{85, 79, 28, 30, 26, 68, 17, 71, 24, 92},
		{16, 39, 98, 23, 71, 55, 23, 87, 34, 30},
		{32, 65, 88, 73, 36, 77, 71, 31, 26, 73},
		{68, 40, 40, 96, 92, 25, 16, 96, 59, 24},
		{78, 45, 53, 63, 29, 67, 65, 55, 50, 70},
		{55, 19, 67, 50, 59, 96, 88, 85, 77, 16},
		{95, 85, 94, 92, 29, 26, 68, 75, 20, 67},
		{71, 21, 84, 26, 41, 26, 31, 52, 39, 67},
		{18, 84, 17, 27, 17, 90, 59, 43, 79, 16},
		{87, 68, 81, 76, 89, 89, 96, 96, 49, 83},
		{94, 71, 38, 63, 15, 52, 42, 67, 13, 85},
		{46, 32, 71, 59, 54, 77, 13, 14, 70, 85},
		{16, 41, 14, 59, 57, 95, 68, 76, 97, 29},
		{49, 28, 25, 64, 55, 80, 52, 96, 22, 82},
		{45, 72, 87, 13, 48, 12, 37, 39, 75, 81},
		{32, 27, 27, 96, 83, 10, 78, 82, 27, 41},
		{45, 71, 81, 65, 75, 55, 80, 16, 56, 62},
		{75, 18, 70, 41, 45, 91, 40, 95, 36, 47},
		{61, 92, 50, 40, 95, 79, 79, 73, 63, 56},
		{33, 74, 66, 74, 12, 17, 63, 82, 83, 52},
		{80, 59, 50, 20, 97, 33, 96, 76, 70, 30},
		{65, 16, 57, 87, 55, 92, 89, 94, 43, 39},
		{29, 43, 35, 19, 12, 72, 75, 71, 64, 86},
		{48, 67, 45, 92, 67, 51, 98, 53, 55, 61},
		{43, 78, 40, 63, 50, 43, 11, 51, 75, 85},
		{93, 37, 49, 60, 11, 90, 30, 41, 80, 20},
		{82, 46, 67, 84, 99, 81, 69, 22, 60, 28},
		{46, 51, 68, 16, 21, 75, 47, 91, 15, 51},
		{75, 60, 80, 41, 66, 36, 39, 35, 86, 69},
		{98, 20, 42, 18, 66, 96, 95, 81, 59, 89},
		{86, 85, 26, 37, 86, 98, 20, 38, 64, 50},
		{93, 48, 94, 65, 89, 24, 65, 77, 72, 50},
		{91, 44, 85, 44, 85, 78, 32, 73, 59, 76},
		{48, 75, 83, 47, 35, 53, 85, 68, 77, 52},
		{80, 96, 66, 72, 97, 11, 56, 27, 66, 78},
		{65, 98, 66, 65, 53, 27, 20, 61, 70, 44},
		{47, 25, 40, 69, 80, 64, 78, 26, 81, 60},
		{70, 96, 92, 49, 28, 25, 61, 66, 70, 22},
		{39, 69, 14, 96, 28, 23, 12, 81, 53, 76},
		{53, 52, 92, 30, 53, 34, 52, 32, 16, 64},
		{17, 91, 91, 57, 86, 71, 11, 43, 36, 74},
		{40, 87, 63, 23, 97, 24, 54, 37, 58, 52},
		{23, 49, 73, 71, 29, 57, 79, 17, 47, 36},
		{63, 72, 55, 64, 52, 41, 67, 47, 38, 24},
		{36, 12, 81, 74, 82, 18, 63, 43, 50, 71},
		{52, 59, 91, 16, 16, 76, 99, 74, 72, 76},
		{37, 50, 23, 22, 55, 66, 22, 45, 94, 17},
		{41, 88, 59, 53, 89, 97, 43, 78, 45, 16},
		{76, 99, 54, 28, 55, 93, 69, 39, 45, 53},
		{77, 59, 55, 10, 79, 24, 40, 25, 97, 77},
		{14, 81, 48, 11, 96, 84, 49, 55, 33, 99},
		{37, 41, 28, 41, 72, 56, 71, 26, 49, 22},
		{73, 35, 88, 82, 54, 51, 86, 65, 89, 65},
		{73, 77, 15, 83, 52, 80, 61, 31, 40, 79},
		{21, 55, 26, 92, 47, 72, 33, 19, 33, 98},
		{85, 89, 94, 73, 12, 36, 44, 45, 45, 12},
		{68, 29, 72, 89, 90, 94, 87, 86, 21, 89},
		{81, 59, 54, 79, 76, 97, 57, 97, 89, 55},
		{15, 84, 36, 29, 30, 98, 48, 74, 40, 50},
		{33, 38, 76, 32, 87, 79, 64, 98, 32, 17},
		{73, 78, 49, 27, 88, 83, 17, 53, 25, 98},
		{37, 89, 98, 18, 64, 61, 49, 25, 36, 59},
		{11, 52, 48, 83, 26, 32, 61, 87, 96, 40},
		{80, 27, 95, 92, 62, 18, 55, 15, 99, 68},
		{89, 54, 59, 70, 90, 73, 42, 90, 53, 22},
		{15, 41, 63, 96, 45, 67, 68, 72, 66, 78},
		{58, 36, 12, 57, 90, 84, 85, 79, 29, 52},
		{36, 49, 85, 60, 52, 32, 19, 84, 69, 49},
		{61, 49, 68, 58, 59, 73, 74, 37, 69, 23},
		{10, 20, 78, 86, 56, 35, 97, 80, 98, 69},
		{81, 38, 40, 31, 19, 44, 47, 79, 95, 66},
		{92, 78, 33, 21, 42, 94, 87, 97, 18, 68},
		{66, 84, 17, 17, 42, 49, 74, 30, 47, 70},
		{15, 40, 77, 40, 64, 62, 73, 99, 53, 82},
		{27, 93, 90, 40, 11, 12, 65, 77, 86, 74},
		{96, 15, 93, 13, 62, 21, 39, 49, 34, 39},
		{45, 14, 61, 97, 37, 84, 11, 81, 37, 34},
		{65, 91, 22, 50, 64, 78, 73, 42, 68, 12},
		{14, 32, 93, 67, 18, 65, 60, 67, 30, 10},
		{83, 39, 49, 39, 61, 97, 24, 78, 91, 25},
		{65, 19, 93, 86, 27, 38, 62, 52, 71, 43},
		{66, 78, 85, 30, 78, 70, 45, 63, 69, 10},
		{59, 48, 79, 76, 72, 50, 98, 29, 75, 54},
		{87, 79, 81, 12, 29, 25, 34, 90, 81, 51},
		{22, 31, 49, 80, 66, 70, 69, 93, 18, 91},
		{85, 57, 15, 10, 51, 41, 44, 69, 35, 16},
		{90, 24, 84, 42, 15, 37, 51, 53, 61, 50},
		{92, 14, 92, 28, 63, 45, 58, 71, 51, 18},
		{57, 83, 49, 10, 23, 86, 33, 83, 54, 38},
		{51, 80, 34, 12, 13, 79, 68, 29, 62, 38},
		{10, 77, 80, 38, 52, 72, 38, 55, 38, 90},
		{40, 77, 43, 13, 56, 33, 70, 15, 55, 65},
		{52, 76, 39, 30, 63, 28, 13, 22, 24, 87},
		{93, 28, 64, 14, 45, 39, 24, 24, 83, 76}
	},
	{
		{14, 29, 18, 28, 96, 73, 57, 49, 21, 44},
		{77, 11, 92, 29, 10, 95, 35, 78, 26, 18},
		{52, 70, 21, 42, 26, 72, 67, 93, 48, 84},
		{16, 31, 94, 29, 22, 53, 18, 31, 45, 46},
		{12, 81, 32, 10, 81, 27, 17, 93, 74, 21},
		{57, 42, 27, 88, 41, 91, 23, 26, 49, 70},
		{58, 23, 44, 45, 39, 85, 51, 23, 33, 65},
		{98, 22, 92, 53, 48, 36, 92, 27, 91, 29},
		{79, 73, 33, 83, 92, 83, 38, 86, 80, 50},
		{17, 59, 93, 48, 28, 62, 17, 78, 46, 85},
		{17, 76, 95, 31, 42, 48, 44, 20, 43, 88},
		{28, 10, 85, 23, 76, 45, 13, 45, 18, 82},
		{63, 29, 40, 57, 88, 70, 44, 95, 71, 91},
		{53, 24, 36, 21, 35, 55, 63, 39, 43, 24},
		{23, 61, 88, 76, 37, 50, 46, 83, 71, 93},
		{78, 45, 50, 36, 89, 29, 24, 51, 41, 75},
		{62, 42, 26, 96, 12, 97, 94, 30, 53, 92},
		{74, 88, 10, 94, 34, 18, 46, 96, 85, 46},
		{88, 72, 96, 74, 52, 68, 11, 70, 70, 86},
		{82, 59, 34, 48, 66, 42, 65, 79, 23, 92},
		{37, 52, 63, 58, 60, 43, 66, 78, 78, 23},
		{41, 97, 46, 17, 48, 29, 54, 66, 76, 15},
		{22, 97, 57, 50, 95, 88, 37, 86, 22, 46},
		{14, 39, 50, 61, 41, 57, 54, 61, 55, 82},
		{34, 43, 15, 55, 36, 84, 44, 85, 37, 68},
		{59, 27, 59, 17, 70, 55, 17, 47, 14, 66},
		{98, 89, 74, 16, 70, 80, 82, 60, 50, 49},
		{85, 38, 63, 99, 36, 76, 63, 92, 73, 94},
		{91, 55, 49, 89, 96, 28, 45, 19, 62, 39},
		{44, 54, 88, 25, 40, 59, 88, 52, 74, 17},
		{88, 26, 32, 56, 42, 25, 45, 33, 96, 67},
		{27, 68, 49, 41, 83, 59, 14, 71, 82, 91},
		{25, 65, 27, 40, 12, 76, 82, 17, 19, 97},
		{62, 17, 14, 91, 13, 20, 19, 93, 71, 86},
		{86, 87, 63, 80, 50, 25, 45, 39, 20, 70},
		{56, 75, 95, 63, 89, 64, 27, 20, 80, 10},
		{38, 12, 18, 70, 98, 55, 68, 17, 75, 82},
		{49, 47, 45, 60, 61, 54, 19, 82, 69, 73},
		{99, 60, 77, 12, 14, 10, 57, 90, 24, 80},
		{75, 67, 32, 47, 16, 66, 38, 95, 37, 92},
		{90, 61, 88, 55, 27, 99, 54, 81, 28, 89},
		{32, 89, 25, 40, 61, 93, 84, 87, 12, 64},
		{81, 11, 81, 46, 94, 82, 31, 77, 55, 27},
		{56, 91, 43, 19, 94, 80, 21, 33, 20, 85},
		{71, 29, 95, 16, 26, 53, 38, 69, 39, 66},
		{46, 69, 80, 33, 95, 97, 10, 36, 39, 27},
		{10, 40, 98, 44, 38, 87, 54, 90, 29, 43},
		{94, 29, 58, 24, 50, 65, 98, 87, 60, 32},
		{60, 43, 48, 98, 98, 82, 36, 33, 25, 93},
		{75, 16, 71, 58, 11, 42, 23, 83, 69, 30},
		{34, 82, 19, 72, 40, 37, 24, 29, 41, 54},
		{92, 62, 66, 98, 74, 71, 32, 50, 58, 87},
		{72, 60, 69, 54, 27, 24, 11, 32, 41, 34},
		{42, 59, 53, 70, 57, 48, 87, 99, 48, 55},
		{71, 16, 40, 99, 23, 73, 10, 36, 23, 69},
		{99, 55, 83, 37, 84, 33, 75, 28, 39, 99},
		{58, 40, 98, 76, 20, 74, 72, 79, 13, 86},
		{58, 66, 90, 88, 18, 75, 58, 96, 54, 28},
		{14, 63, 90, 95, 77, 36, 31, 16, 63, 68},
		{46, 78, 94, 49, 71, 61, 83, 79, 74, 69},
		{87, 61, 20, 28, 81, 46, 87, 38, 55, 34},
		{16, 59, 56, 51, 33, 95, 45, 94, 86, 87},
		{85, 13, 57, 87, 23, 36, 55, 29, 65, 56},
		{53, 59, 61, 60, 94, 26, 48, 98, 44, 92},
		{64, 26, 76, 29, 39, 48, 84, 83, 61, 11},
		{73, 81, 92, 87, 95, 40, 81, 75, 81, 72},
		{78, 49, 79, 34, 78, 80, 96, 77, 20, 66},
		{61, 38, 17, 70, 19, 59, 18, 95, 85, 43},
		{51, 23, 73, 26, 73, 40, 76, 95, 28, 42},
		{74, 23, 92, 43, 49, 94, 11, 58, 46, 39},
		{16, 84, 84, 40, 12, 34, 31, 48, 59, 60},
		{56, 18, 27, 79, 28, 38, 95, 85, 46, 65},
		{10, 82, 15, 47, 98, 37, 33, 83, 84, 13},
		{70, 61, 89, 80, 64, 33, 49, 93, 19, 23},
		{92, 25, 15, 94, 44, 99, 82, 33, 18, 71},
		{97, 61, 78, 90, 77, 56, 80, 89, 47, 89},
		{77, 31, 71, 90, 65, 58, 44, 27, 86, 67},
		{91, 28, 83, 86, 15, 62, 17, 56, 46, 60},
		{56, 90, 87, 79, 37, 50, 57, 78, 17, 58},
		{18, 59, 91, 36, 26, 83, 32, 47, 85, 74},
		{55, 33, 21, 70, 31, 13, 56, 90, 13, 41},
		{66, 67, 77, 14, 57, 86, 39, 59, 60, 73},
		{45, 60, 60, 84, 23, 62, 82, 77, 26, 44},
		{99, 61, 96, 35, 95, 49, 63, 88, 25, 51},
		{47, 21, 77, 44, 78, 46, 53, 65, 15, 96},
		{50, 69, 19, 41, 17, 42, 66, 41, 28, 45},
		{12, 15, 30, 58, 92, 28, 83, 30, 29, 69},
		{15, 66, 88, 68, 69, 83, 62, 49, 44, 91},
		{50, 98, 57, 91, 17, 97, 53, 14, 56, 65},
		{41, 79, 83, 27, 19, 44, 48, 84, 13, 73},
		{74, 74, 73, 91, 89, 36, 76, 29, 17, 98},
		{13, 87, 66, 93, 90, 11, 88, 76, 69, 28},
		{52, 25, 37, 85, 37, 34, 62, 63, 97, 25},
		{34, 77, 56, 99, 98, 39, 79, 68, 46, 33},
		{41, 68, 72, 40, 53, 48, 17, 57, 73, 48},
		{36, 21, 15, 26, 63, 68, 54, 64, 22, 70},
		{90, 63, 41, 36, 73, 36, 88, 87, 25, 61},
		{15, 60, 49, 46, 57, 22, 42, 87, 51, 48},
		{36, 50, 93, 49, 13, 65, 19, 98, 74, 17},
		{44, 90, 92, 82, 82, 13, 79, 88, 33, 42}
	},
	{
		{33, 31, 11, 40, 36, 37, 25, 11, 29, 72},
		{55, 64, 30, 58, 79, 28, 90, 60, 66, 98},
		{71, 83, 42, 73, 17, 21, 75, 53, 98, 93},
		{28, 87, 38, 89, 97, 88, 94, 32, 84, 94},
		{34, 87, 35, 74, 51, 87, 24, 33, 28, 91},
		{19, 99, 85, 24, 25, 40, 70, 44, 82, 83},
		{20, 36, 35, 30, 64, 27, 60, 64, 30, 24},
		{17, 66, 96, 58, 18, 51, 14, 86, 93, 27},
		{93, 28, 77, 18, 24, 27, 91, 79, 56, 54},
		{61, 13, 11, 67, 55, 50, 39, 36, 35, 21},
		{44, 78, 90, 30, 97, 88, 79, 93, 60, 56},
		{23, 64, 98, 78, 39, 37, 58, 11, 69, 10},
		{67, 56, 49, 76, 94, 88, 22, 98, 76, 43},
		{90, 53, 68, 96, 70, 44, 61, 89, 37, 63},
		{95, 25, 79, 41, 73, 64, 69, 96, 17, 99},
		{35, 14, 75, 47, 29, 52, 49, 60, 47, 69},
		{29, 96, 46, 57, 63, 12, 49, 30, 34, 32},
		{74, 88, 64, 74, 51, 80, 88, 59, 31, 98},
		{57, 15, 36, 21, 51, 66, 65, 40, 82, 73},
		{93, 94, 32, 56, 16, 30, 80, 25, 81, 36},
		{59, 48, 32, 38, 71, 49, 35, 55, 80, 95},
		{75, 20, 55, 22, 41, 22, 66, 37, 38, 21},
		{72, 54, 92, 42, 51, 40, 33, 17, 56, 68},
		{21, 40, 62, 29, 21, 66, 46, 61, 78, 49},
		{31, 32, 39, 97, 17, 45, 94, 56, 97, 63},
		{19, 37, 66, 66, 49, 70, 52, 94, 48, 13},
		{68, 87, 39, 88, 33, 17, 77, 82, 18, 39},
		{60, 64, 87, 24, 71, 71, 15, 44, 96, 31},
		{96, 79, 54, 42, 63, 21, 35, 71, 36, 90},
		{65, 51, 75, 27, 51, 87, 41, 59, 16, 92},
		{31, 10, 24, 88, 54, 34, 68, 29, 83, 85},
		{69, 70, 47, 34, 37, 38, 83, 93, 27, 48},
		{64, 44, 61, 15, 25, 39, 73, 35, 62, 27},
		{10, 76, 76, 87, 34, 41, 78, 75, 61, 12},
		{46, 93, 87, 27, 64, 91, 34, 21, 87, 29},
		{88, 43, 17, 17, 45, 17, 10, 85, 11, 68},
		{47, 80, 17, 25, 33, 74, 21, 41, 78, 10},
		{99, 33, 21, 69, 51, 95, 54, 12, 96, 79},
		{24, 36, 36, 12, 36, 23, 65, 84, 31, 49},
		{96, 97, 88, 10, 31, 41, 87, 86, 10, 93},
		{89, 65, 98, 97, 49, 51, 70, 34, 79, 37},
		{46, 19, 78, 64, 44, 18, 96, 91, 84, 68},
		{85, 23, 10, 31, 56, 81, 87, 94, 22, 48},
		{45, 74, 12, 45, 14, 65, 11, 63, 33, 47},
		{37, 38, 15, 72, 75, 49, 16, 44, 47, 40},
		{36, 83, 89, 38, 72, 82, 57, 37, 63, 80},
		{47, 28, 23, 32, 96, 30, 53, 85, 98, 53},
		{51, 12, 11, 98, 80, 17, 78, 75, 97, 88},
		{54, 74, 66, 41, 74, 81, 45, 57, 77, 11},
		{97, 14, 30, 96, 15, 46, 93, 40, 89, 93},
		{53, 23, 73, 58, 94, 95, 28, 23, 52, 11},
		{73, 19, 26, 74, 81, 82, 35, 56, 35, 56},
		{73, 19, 54, 31, 10, 92, 61, 50, 39, 75},
		{48, 77, 63, 20, 61, 25, 20, 12, 62, 21},
		{14, 31, 32, 23, 67, 76, 39, 34, 44, 55},
		{28, 34, 14, 60, 77, 19, 66, 90, 36, 41},
		{26, 79, 17, 23, 61, 32, 25, 99, 82, 78},
		{52, 61, 72, 15, 42, 72, 34, 60, 75, 89},
		{78, 39, 49, 73, 64, 13, 88, 92, 51, 89},
		{31, 22, 23, 39, 29, 75, 88, 57, 67, 53},
		{60, 84, 97, 16, 69, 28, 86, 26, 37, 77},
		{44, 59, 86, 62, 79, 64, 73, 85, 95, 53},
		{85, 97, 67, 56, 89, 95, 72, 27, 30, 61},
		{81, 96, 91, 28, 40, 60, 98, 68, 32, 52},
		{32, 61, 78, 83, 10, 25, 81, 21, 36, 65},
		{11, 74, 42, 14, 17, 52, 44, 72, 44, 99},
		{10, 13, 13, 42, 78, 99, 23, 52, 38, 89},
		{78, 29, 43, 50, 15, 46, 81, 84, 67, 77},
		{73, 47, 93, 68, 52, 81, 20, 78, 51, 59},
		{83, 85, 82, 38, 24, 91, 94, 68, 64, 72},
		{87, 43, 59, 53, 14, 21, 70, 52, 61, 58},
		{46, 46, 91, 35, 83, 26, 86, 86, 35, 44},
		{20, 10, 35, 25, 69, 76, 39, 16, 53, 60},
		{87, 55, 56, 71, 70, 28, 48, 29, 71, 55},
		{43, 24, 90, 65, 72, 33, 73, 83, 77, 81},
		{58, 95, 68, 93, 10, 96, 84, 48, 69, 64},
		{91, 15, 54, 26, 33, 61, 64, 34, 49, 91},
		{44, 90, 75, 38, 74, 51, 59, 24, 86, 27},
		{50, 52, 18, 44, 40, 54, 31, 46, 57, 20},
		{39, 82, 54, 85, 21, 49, 49, 27, 33, 96},
		{15, 18, 70, 11, 59, 48, 69, 10, 32, 28},
		{79, 86, 57, 68, 76, 13, 80, 58, 51, 14},
		{25, 70, 61, 76, 53, 38, 73, 40, 90, 67},
		{78, 59, 31, 49, 21, 85, 58, 45, 31, 39},
		{84, 15, 60, 10, 57, 37, 99, 20, 16, 58},
		{99, 91, 16, 15, 24, 31, 61, 27, 37, 99},
		{87, 57, 51, 24, 36, 99, 34, 13, 11, 62},
		{36, 36, 26, 39, 99, 70, 25, 56, 15, 32},
		{58, 25, 55, 79, 66, 86, 93, 11, 56, 32},
		{57, 66, 48, 93, 88, 14, 84, 18, 48, 72},
		{51, 50, 62, 30, 90, 65, 50, 66, 98, 11},
		{54, 49, 74, 23, 61, 40, 29, 50, 18, 45},
		{54, 74, 71, 84, 95, 13, 81, 18, 85, 78},
		{16, 35, 26, 61, 55, 38, 62, 47, 53, 53},
		{32, 21, 81, 61, 93, 22, 27, 87, 71, 29},
		{64, 95, 77, 48, 59, 47, 99, 43, 66, 98},
		{57, 53, 95, 71, 84, 87, 37, 94, 59, 76},
		{70, 37, 61, 97, 61, 70, 53, 26, 73, 87},
		{14, 91, 55, 18, 67, 23, 49, 73, 24, 47},
		{30, 23, 76, 54, 54, 82, 26, 67, 78, 92}
	},
	{
		{97, 88, 34, 99, 52, 19, 78, 44, 21, 28},
		{94, 76, 62, 92, 82, 62, 32, 64, 60, 36},
		{57, 67, 55, 52, 25, 67, 76, 96, 60, 95},
		{43, 74, 70, 89, 95, 90, 41, 81, 67, 88},
		{23, 12, 64, 34, 93, 38, 78, 11, 19, 24},
		{54, 79, 26, 59, 52, 89, 36, 72, 16, 50},
		{79, 88, 87, 38, 47, 48, 78, 71, 26, 65},
		{24, 54, 97, 31, 24, 47, 94, 68, 33, 99},
		{88, 17, 89, 66, 11, 73, 85, 28, 60, 72},
		{29, 78, 30, 12, 33, 50, 91, 52, 77, 71},
		{50, 30, 68, 16, 99, 65, 64, 75, 74, 23},
		{31, 74, 35, 99, 95, 42, 81, 99, 64, 23},
		{31, 91, 28, 20, 54, 90, 68, 40, 17, 31},
		{23, 72, 32, 94, 83, 34, 95, 88, 81, 23},
		{63, 70, 14, 21, 19, 77, 13, 80, 88, 17},
		{88, 59, 44, 58, 10, 46, 28, 88, 47, 57},
		{66, 59, 20, 56, 70, 22, 86, 77, 50, 99},
		{78, 41, 79, 64, 71, 82, 48, 58, 55, 10},
		{18, 25, 14, 87, 85, 91, 30, 73, 74, 89},
		{34, 28, 32, 39, 33, 15, 57, 98, 98, 97},
		{87, 30, 33, 46, 43, 94, 69, 98, 64, 97},
		{20, 31, 45, 83, 28, 84, 70, 69, 63, 55},
		{69, 42, 66, 50, 49, 71, 84, 29, 92, 15},
		{71, 15, 26, 35, 21, 89, 50, 45, 58, 22},
		{94, 71, 76, 64, 11, 10, 75, 96, 30, 35},
		{31, 12, 99, 80, 20, 36, 46, 40, 65, 18},
		{30, 33, 65, 53, 94, 40, 14, 50, 91, 91},
		{92, 60, 59, 40, 63, 92, 65, 54, 24, 95},
		{91, 25, 32, 54, 76, 51, 25, 21, 19, 53},
		{69, 88, 56, 28, 30, 26, 57, 48, 80, 87},
		{37, 15, 74, 40, 70, 52, 21, 47, 78, 76},
		{52, 85, 57, 55, 81, 52, 18, 38, 80, 30},
		{82, 75, 18, 81, 25, 76, 81, 20, 28, 77},
		{92, 14, 41, 80, 87, 84, 96, 66, 87, 71},
		{46, 91, 42, 79, 57, 26, 60, 65, 29, 67},
		{99, 54, 33, 99, 85, 47, 25, 23, 44, 51},
		{43, 17, 92, 10, 75, 65, 42, 99, 98, 23},
		{17, 74, 31, 61, 60, 92, 69, 38, 17, 83},
		{79, 32, 14, 84, 13, 73, 45, 74, 11, 90},
		{41, 67, 61, 76, 45, 81, 12, 38, 36, 37},
		{14, 56, 33, 47, 83, 29, 61, 34, 32, 28},
		{73, 27, 44, 42, 81, 51, 40, 85, 77, 77},
		{82, 69, 71, 46, 57, 80, 45, 91, 72, 12},
		{35, 73, 21, 51, 58, 39, 22, 86, 18, 35},
		{66, 43, 50, 41, 89, 98, 10, 91, 16, 24},
		{30, 70, 78, 89, 89, 33, 51, 51, 18, 74},
		{80, 70, 31, 45, 84, 44, 97, 33, 85, 35},
		{83, 10, 24, 56, 47, 85, 59, 24, 38, 32},
		{28, 72, 83, 63, 24, 35, 96, 39, 34, 64},
		{77, 69, 36, 37, 18, 42, 56, 70, 64, 83},
		{28, 41, 47, 61, 14, 78, 27, 71, 65, 17},
		{49, 90, 37, 19, 27, 50, 72, 84, 81, 88},
		{88, 43, 23, 91, 10, 54, 27, 59, 14, 98},
		{67, 97, 97, 51, 13, 55, 47, 35, 89, 37},
		{59, 21, 68, 99, 50, 52, 71, 27, 67, 50},
		{25, 82, 99, 27, 84, 66, 62, 56, 23, 93},
		{52, 78, 86, 81, 91, 11, 12, 69, 88, 94},
		{10, 51, 17, 51, 98, 91, 29, 81, 34, 74},
		{65, 80, 49, 29, 18, 59, 23, 31, 31, 30},
		{41, 76, 81, 40, 93, 53, 80, 98, 88, 25},
		{24, 21, 61, 24, 53, 15, 10, 87, 80, 18},
		{53, 70, 10, 17, 68, 90, 11, 26, 14, 88},
		{37, 69, 17, 84, 43, 76, 72, 10, 11, 59},
		{49, 71, 26, 20, 51, 46, 73, 40, 34, 88},
		{66, 72, 45, 67, 72, 44, 65, 82, 10, 32},
		{82, 24, 49, 89, 64, 77, 33, 42, 85, 60},
		{81, 18, 66, 44, 47, 96, 19, 34, 25, 80},
		{53, 87, 38, 19, 74, 27, 68, 59, 16, 73},
		{35, 79, 75, 54, 60, 35, 41, 15, 55, 60},
		{94, 34, 82, 78, 93, 94, 50, 54, 57, 43},
		{42, 57, 20, 28, 30, 99, 20, 51, 21, 61},
		{80, 95, 13, 77, 95, 50, 98, 95, 10, 44},
		{89, 30, 31, 86, 66, 66, 70, 84, 16, 43},
		{11, 81, 61, 83, 43, 26, 74, 92, 73, 72},
		{98, 55, 68, 24, 43, 93, 42, 19, 84, 59},
		{37, 78, 18, 82, 28, 71, 44, 25, 36, 11},
		{98, 95, 59, 19, 20, 33, 84, 74, 46, 75},
		{30, 53, 77, 81, 33, 14, 67, 21, 57, 45},
		{99, 53, 21, 35, 10, 78, 34, 61, 35, 51},
		{85, 81, 36, 86, 63, 30, 94, 87, 82, 16},
		{14, 39, 22, 67, 89, 42, 49, 84, 75, 38},
		{50, 86, 18, 59, 64, 54, 36, 43, 13, 71},
		{69, 21, 31, 36, 76, 88, 65, 32, 79, 45},
		{29, 12, 34, 26, 16, 85, 96, 52, 92, 26},
		{55, 77, 75, 35, 66, 91, 72, 83, 47, 92},
		{48, 71, 71, 85, 90, 89, 31, 13, 55, 10},
		{25, 83, 91, 37, 87, 74, 42, 11, 34, 73},
		{97, 89, 68, 45, 68, 31, 42, 48, 61, 56},
		{55, 82, 99, 71, 80, 31, 54, 90, 29, 60},
		{38, 72, 66, 85, 57, 62, 47, 54, 82, 23},
		{38, 85, 52, 14, 39, 40, 62, 15, 40, 95},
		{61, 85, 97, 44, 60, 63, 68, 43, 17, 98},
		{17, 50, 63, 45, 19, 27, 28, 25, 75, 17},
		{72, 17, 15, 70, 67, 20, 83, 15, 89, 42},
		{64, 78, 56, 43, 28, 81, 42, 43, 96, 33},
		{90, 84, 83, 33, 89, 47, 45, 73, 34, 79},
		{88, 90, 62, 77, 83, 78, 18, 64, 48, 93},
		{46, 82, 64, 54, 50, 67, 17, 31, 79, 48},
		{48, 57, 97, 24, 92, 15, 95, 47, 65, 19},
		{60, 23, 51, 83, 87, 73, 56, 47, 57, 31}
	},
	{
		{10, 14, 75, 15, 43, 57, 91, 98, 52, 94},
		{19, 44, 81, 24, 71, 84, 18, 64, 96, 57},
		{20, 32, 60, 74, 89, 70, 43, 38, 98, 38},
		{17, 19, 13, 98, 92, 99, 48, 34, 79, 51},
		{17, 35, 59, 81, 17, 53, 25, 76, 27, 75},
		{20, 24, 64, 65, 65, 26, 87, 24, 53, 85},
		{27, 37, 85, 22, 38, 73, 31, 52, 57, 33},
		{38, 19, 92, 24, 33, 83, 66, 60, 62, 55},
		{56, 84, 83, 44, 33, 88, 62, 11, 42, 97},
		{59, 10, 77, 23, 83, 28, 81, 70, 21, 22},
		{18, 91, 25, 68, 56, 45, 91, 11, 32, 49},
		{96, 16, 74, 59, 20, 55, 93, 73, 75, 32},
		{84, 13, 34, 15, 97, 37, 99, 68, 12, 26},
		{15, 43, 87, 76, 54, 87, 80, 47, 17, 98},
		{54, 88, 41, 70, 75, 27, 31, 72, 17, 46},
		{81, 16, 98, 69, 43, 68, 49, 99, 50, 97},
		{41, 97, 60, 54, 16, 24, 10, 17, 69, 70},
		{90, 12, 83, 24, 88, 22, 16, 56, 83, 29},
		{45, 78, 98, 87, 94, 80, 68, 60, 77, 12},
		{76, 65, 47, 23, 68, 87, 95, 42, 25, 23},
		{99, 13, 86, 95, 42, 68, 27, 21, 88, 76},
		{37, 11, 86, 68, 32, 88, 10, 95, 98, 59},
		{55, 72, 96, 47, 32, 77, 27, 16, 32, 43},
		{80, 83, 44, 78, 47, 60, 60, 89, 12, 87},
		{35, 68, 10, 59, 85, 37, 56, 94, 82, 45},
		{76, 38, 31, 18, 28, 18, 13, 35, 93, 75},
		{45, 67, 39, 59, 57, 70, 98, 27, 35, 61},
		{75, 67, 52, 89, 59, 43, 54, 50, 70, 93},
		{30, 58, 84, 62, 37, 98, 76, 46, 81, 54},
		{30, 35, 40, 46, 80, 68, 35, 84, 61, 87},
		{60, 67, 55, 75, 13, 86, 86, 72, 10, 92},
		{15, 63, 75, 58, 19, 45, 64, 48, 79, 32},
		{28, 88, 30, 14, 49, 61, 97, 94, 35, 34},
		{36, 61, 23, 25, 18, 62, 67, 70, 85, 98},
		{82, 79, 46, 60, 28, 16, 38, 31, 23, 89},
		{85, 92, 97, 44, 63, 56, 36, 20, 45, 10},
		{29, 95, 44, 59, 27, 99, 55, 90, 69, 61},
		{93, 20, 33, 18, 94, 96, 28, 61, 54, 77},
		{92, 28, 42, 28, 64, 75, 10, 58, 74, 83},
		{99, 54, 18, 73, 32, 10, 71, 13, 28, 91},
		{37, 47, 89, 16, 43, 88, 68, 71, 52, 32},
		{34, 13, 21, 22, 67, 28, 33, 80, 23, 43},
		{57, 99, 82, 38, 13, 46, 92, 65, 55, 63},
		{61, 57, 70, 12, 92, 98, 93, 48, 53, 83},
		{13, 73, 77, 44, 33, 21, 59, 75, 46, 85},
		{80, 21, 60, 93, 31, 28, 95, 71, 12, 49},
		{99, 46, 72, 81, 12, 54, 81, 91, 49, 92},
		{79, 94, 39, 33, 47, 40, 52, 20, 70, 25},
		{30, 74, 45, 14, 18, 99, 38, 58, 55, 34},
		{14, 27, 30, 49, 50, 82, 35, 58, 29, 40},
		{88, 63, 93, 87, 56, 72, 14, 11, 46, 93},
		{33, 63, 70, 68, 76, 47, 78, 70, 32, 20},
		{13, 73, 67, 33, 35, 78, 70, 62, 29, 90},
		{36, 23, 49, 37, 79, 36, 31, 38, 31, 38},
		{57, 84, 64, 95, 78, 87, 11, 29, 19, 41},
		{11, 83, 31, 34, 93, 14, 80, 24, 57, 93},
		{27, 10, 39, 47, 42, 74, 37, 16, 68, 25},
		{94, 89, 35, 22, 81, 60, 41, 40, 62, 30},
		{95, 18, 28, 83, 35, 23, 98, 25, 41, 57},
		{48, 76, 99, 84, 28, 89, 99, 65, 45, 98},
		{93, 13, 48, 57, 25, 81, 58, 33, 73, 32},
		{17, 89, 59, 36, 27, 73, 68, 38, 68, 55},
		{92, 76, 13, 76, 50, 40, 61, 52, 16, 72},
		{60, 96, 36, 23, 93, 99, 87, 46, 63, 53},
		{78, 63, 94, 83, 75, 71, 89, 66, 60, 58},
		{27, 79, 29, 57, 92, 88, 10, 13, 58, 36},
		{37, 30, 24, 24, 17, 17, 84, 30, 30, 44},
		{93, 40, 20, 57, 14, 69, 57, 31, 36, 54},
		{18, 23, 52, 93, 36, 22, 66, 77, 26, 95},
		{86, 56, 42, 31, 32, 96, 82, 52, 22, 42},
		{49, 62, 53, 74, 49, 49, 71, 99, 90, 70},
		{18, 92, 49, 90, 10, 39, 16, 36, 62, 59},
		{57, 65, 81, 36, 41, 63, 31, 15, 87, 78},
		{82, 51, 23, 61, 49, 73, 38, 85, 36, 60},
		{78, 13, 97, 95, 99, 70, 57, 49, 18, 24},
		{60, 98, 90, 76, 65, 39, 17, 99, 92, 95},
		{84, 89, 46, 96, 38, 28, 21, 18, 21, 83},
		{20, 39, 27, 17, 54, 23, 17, 80, 43, 40},
		{85, 32, 95, 81, 14, 39, 80, 17, 93, 61},
		{67, 46, 21, 73, 84, 83, 47, 84, 39, 84},
		{49, 34, 48, 28, 36, 27, 74, 67, 88, 47},
		{55, 60, 37, 85, 13, 96, 15, 72, 80, 61},
		{15, 80, 73, 96, 82, 79, 96, 95, 47, 72},
		{78, 17, 56, 46, 67, 84, 36, 54, 68, 59},
		{22, 54, 34, 32, 64, 98, 84, 56, 59, 26},
		{64, 66, 20, 40, 99, 66, 88, 43, 42, 38},
		{19, 40, 68, 94, 78, 32, 79, 58, 29, 28},
		{10, 48, 72, 28, 21, 40, 85, 12, 85, 10},
		{61, 23, 18, 75, 24, 97, 40, 27, 70, 14},
		{93, 37, 69, 35, 24, 79, 21, 57, 71, 93},
		{39, 39, 27, 58, 47, 12, 89, 56, 54, 24},
		{51, 81, 20, 76, 86, 45, 34, 60, 40, 18},
		{97, 83, 48, 71, 39, 51, 67, 11, 44, 52},
		{64, 84, 20, 72, 46, 23, 90, 59, 14, 87},
		{84, 12, 10, 59, 97, 19, 56, 11, 60, 54},
		{63, 61, 53, 35, 73, 32, 50, 98, 19, 30},
		{25, 68, 13, 69, 94, 33, 18, 36, 40, 48},
		{11, 10, 46, 66, 70, 66, 63, 16, 16, 28},
		{75, 25, 36, 17, 91, 68, 81, 39, 46, 19},
		{43, 17, 80, 54, 60, 90, 89, 40, 71, 30}
	}
}