alpha=0.2
gamma=0.6
selection_rate=1
max_gen=5000
job_num=10
machine_num=15
pop_size=100
Threshold=1603
scenario_num=20
{
	{
		{27, 13, 81, 16, 90, 59, 96, 39, 73, 93, 89, 25, 17, 63, 36},
		{77, 56, 67, 87, 93, 69, 29, 65, 80, 93, 88, 88, 48, 91, 18},
		{99, 11, 24, 60, 58, 73, 35, 70, 81, 71, 82, 56, 10, 36, 38},
		{71, 24, 86, 94, 74, 19, 95, 32, 54, 42, 18, 69, 57, 78, 57},
		{29, 64, 12, 36, 88, 20, 70, 42, 81, 69, 64, 29, 87, 91, 88},
		{71, 44, 27, 98, 12, 91, 52, 76, 12, 28, 87, 38, 73, 36, 55},
		{13, 27, 80, 97, 96, 47, 31, 68, 10, 93, 94, 60, 71, 30, 82},
		{91, 53, 46, 38, 29, 64, 83, 55, 57, 99, 67, 77, 46, 48, 10},
		{38, 18, 30, 96, 16, 43, 34, 24, 41, 76, 80, 97, 27, 73, 67},
		{11, 62, 20, 55, 89, 19, 96, 62, 42, 24, 72, 78, 51, 19, 78}
	},
	{
		{43, 82, 46, 29, 60, 90, 83, 82, 11, 40, 39, 22, 46, 42, 76},
		{55, 95, 64, 43, 89, 32, 15, 50, 10, 20, 60, 76, 75, 34, 38},
		{58, 19, 36, 34, 80, 96, 84, 18, 68, 46, 39, 86, 23, 99, 57},
		{28, 56, 89, 83, 28, 11, 55, 90, 73, 37, 49, 40, 44, 75, 26},
		{86, 81, 95, 37, 38, 58, 90, 26, 70, 89, 38, 38, 64, 72, 74},
		{72, 99, 18, 62, 25, 82, 17, 39, 50, 78, 74, 92, 58, 27, 97},
		{25, 34, 33, 35, 98, 22, 33, 48, 12, 23, 99, 23, 24, 88, 46},
		{76, 51, 49, 36, 28, 60, 83, 86, 49, 93, 13, 60, 83, 92, 43},
		{72, 39, 71, 28, 82, 91, 71, 86, 83, 46, 82, 91, 86, 88, 20},
		{23, 90, 82, 59, 74, 74, 57, 71, 99, 46, 33, 10, 64, 14, 93}
	},
	{
		{55, 72, 22, 57, 33, 79, 35, 38, 56, 38, 91, 24, 53, 77, 68},
		{11, 10, 55, 58, 26, 35, 39, 68, 80, 93, 54, 97, 13, 22, 90},
		{99, 91, 72, 66, 74, 96, 48, 66, 34, 59, 92, 59, 18, 86, 65},
		{61, 99, 12, 50, 64, 74, 68, 11, 95, 65, 63, 37, 11, 67, 54},
		{93, 37, 77, 96, 14, 22, 11, 62, 55, 50, 91, 98, 16, 47, 74},
		{99, 89, 67, 59, 69, 53, 96, 28, 34, 90, 14, 38, 88, 98, 77},
		{64, 26, 22, 42, 56, 60, 92, 26, 83, 20, 24, 37, 97, 33, 49},
		{13, 42, 77, 47, 96, 71, 27, 60, 82, 26, 70, 24, 61, 54, 97},
		{42, 21, 48, 21, 48, 99, 77, 34, 96, 81, 16, 28, 45, 70, 71},
		{63, 73, 47, 38, 32, 62, 69, 80, 91, 62, 86, 64, 81, 43, 98}
	},
	{
		{98, 58, 42, 84, 73, 77, 35, 48, 80, 39, 72, 61, 29, 51, 19},
		{35, 68, 33, 19, 42, 62, 73, 75, 26, 81, 12, 62, 43, 80, 87},
		{66, 83, 68, 71, 81, 66, 10, 31, 11, 63, 99, 31, 24, 12, 22},
		{25, 85, 14, 32, 38, 64, 40, 50, 56, 97, 11, 85, 48, 23, 19},
		{12, 15, 32, 78, 19, 72, 24, 91, 77, 53, 59, 72, 58, 64, 82},
		{28, 72, 97, 74, 48, 13, 28, 68, 39, 85, 32, 84, 11, 26, 35},
		{55, 76, 22, 23, 10, 64, 85, 87, 42, 91, 62, 68, 13, 72, 41},
		{23, 74, 71, 34, 50, 21, 55, 71, 17, 47, 88, 82, 32, 74, 50},
		{76, 31, 63, 50, 41, 49, 87, 40, 22, 44, 95, 46, 52, 69, 19},
		{63, 48, 60, 36, 24, 65, 29, 89, 76, 80, 95, 70, 45, 18, 35}
	},
	{
		{95, 71, 22, 40, 70, 86, 30, 29, 61, 28, 20, 91, 18, 80, 18},
		{23, 45, 65, 33, 15, 94, 11, 14, 57, 62, 15, 44, 40, 68, 20},
		{95, 73, 25, 82, 52, 96, 68, 17, 52, 12, 48, 45, 68, 12, 25},
		{63, 54, 54, 76, 65, 15, 47, 75, 95, 94, 14, 37, 73, 46, 97},
		{16, 24, 96, 85, 93, 23, 52, 16, 12, 13, 28, 69, 40, 93, 94},
		{75, 13, 70, 27, 46, 80, 42, 89, 91, 65, 39, 68, 77, 86, 36},
		{97, 86, 35, 99, 83, 63, 19, 66, 23, 40, 56, 67, 97, 93, 32},
		{93, 20, 92, 26, 67, 86, 68, 91, 23, 81, 14, 38, 12, 46, 26},
		{94, 54, 63, 91, 29, 80, 54, 35, 48, 79, 72, 20, 77, 56, 47},
		{82, 32, 90, 62, 77, 84, 12, 45, 44, 56, 27, 14, 98, 61, 37}
	},
	{
		{13, 22, 73, 97, 34, 51, 20, 19, 10, 18, 46, 61, 55, 11, 80},
		{70, 75, 78, 78, 23, 47, 51, 10, 74, 18, 51, 29, 93, 91, 73},
		{20, 32, 36, 30, 27, 49, 72, 48, 60, 74, 89, 73, 46, 64, 90},
		{64, 25, 68, 60, 33, 91, 95, 93, 18, 64, 72, 14, 59, 86, 65},
		{93, 31, 54, 70, 88, 80, 74, 43, 52, 76, 24, 97, 87, 29, 99},
		{98, 17, 44, 19, 69, 79, 41, 95, 98, 40, 18, 65, 82, 63, 71},
		{24, 80, 34, 30, 28, 61, 13, 91, 40, 80, 50, 46, 67, 71, 39},
		{23, 79, 23, 99, 20, 33, 96, 25, 50, 67, 82, 51, 76, 55, 54},
		{15, 24, 98, 49, 17, 68, 92, 20, 64, 89, 64, 82, 45, 45, 56},
		{73, 61, 30, 38, 11, 70, 22, 66, 95, 78, 86, 41, 98, 44, 41}
	},
	{
		{32, 80, 74, 46, 97, 78, 10, 54, 17, 77, 49, 34, 73, 66, 35},
		{95, 43, 79, 59, 42, 12, 61, 27, 70, 48, 24, 70, 90, 20, 24},
		{66, 14, 35, 26, 29, 73, 74, 57, 90, 19, 86, 50, 93, 56, 93},
		{57, 87, 45, 18, 92, 96, 18, 61, 85, 88, 93, 95, 44, 76, 72},
		{23, 28, 52, 95, 31, 68, 49, 13, 50, 82, 31, 57, 14, 60, 33},
		{79, 91, 48, 40, 35, 40, 82, 59, 81, 41, 64, 30, 46, 30, 19},
		{92, 67, 53, 97, 71, 59, 95, 63, 87, 90, 70, 87, 65, 87, 76},
		{38, 32, 90, 27, 64, 64, 55, 97, 80, 58, 20, 26, 69, 10, 85},
		{63, 64, 28, 64, 23, 78, 72, 74, 76, 89, 44, 49, 61, 71, 83},
		{44, 20, 19, 68, 23, 37, 10, 17, 93, 79, 45, 51, 21, 97, 85}
	},
	{
		{87, 23, 45, 90, 88, 67, 22, 18, 56, 16, 53, 92, 92, 59, 20},
		{79, 25, 64, 74, 11, 99, 28, 21, 12, 54, 19, 44, 35, 77, 95},
		{32, 67, 25, 54, 53, 91, 61, 24, 84, 64, 94, 45, 85, 69, 20},
		{20, 49, 29, 36, 57, 34, 38, 20, 21, 29, 40, 57, 96, 65, 10},
		{96, 48, 23, 67, 21, 82, 62, 53, 42, 42, 66, 90, 67, 71, 65},
		{60, 26, 77, 21, 97, 17, 47, 56, 31, 66, 62, 78, 17, 28, 87},
		{24, 99, 88, 47, 73, 36, 21, 11, 83, 97, 70, 52, 57, 49, 37},
		{61, 41, 23, 46, 64, 34, 96, 66, 60, 45, 17, 61, 65, 10, 27},
		{20, 17, 99, 68, 48, 17, 52, 25, 63, 43, 31, 81, 39, 15, 35},
		{34, 11, 47, 25, 23, 80, 35, 90, 51, 40, 31, 55, 46, 34, 99}
	},
	{
		{54, 53, 52, 40, 30, 19, 66, 48, 97, 28, 93, 31, 29, 38, 70},
		{54, 51, 85, 86, 51, 33, 38, 54, 51, 71, 31, 25, 19, 35, 31},
		{92, 27, 64, 69, 11, 69, 10, 93, 15, 92, 61, 97, 10, 36, 79},
		{94, 57, 39, 50, 29, 76, 87, 89, 15, 33, 35, 26, 51, 45, 13},
		{66, 78, 40, 78, 60, 58, 45, 69, 57, 41, 96, 83, 64, 32, 23},
		{89, 38, 84, 19, 51, 96, 62, 90, 87, 54, 79, 79, 40, 80, 11},
		{51, 66, 33, 61, 20, 30, 43, 95, 14, 20, 99, 37, 84, 57, 22},
		{11, 88, 86, 91, 54, 79, 84, 17, 74, 39, 22, 40, 72, 47, 39},
		{49, 66, 43, 37, 57, 57, 17, 79, 40, 51, 14, 84, 33, 38, 13},
		{55, 18, 69, 75, 20, 48, 20, 12, 12, 89, 37, 80, 81, 33, 40}
	},
	{
		{43, 98, 57, 96, 99, 12, 40, 55, 26, 65, 18, 65, 10, 30, 28},
		{23, 60, 58, 74, 96, 38, 40, 16, 59, 32, 61, 49, 30, 87, 40},
		{75, 26, 84, 22, 67, 37, 94, 33, 64, 57, 56, 74, 75, 88, 57},
		{14, 57, 87, 47, 11, 93, 66, 83, 64, 22, 41, 98, 17, 49, 25},
		{80, 57, 18, 90, 75, 34, 87, 93, 92, 66, 61, 60, 92, 17, 44},
		{28, 70, 58, 28, 74, 26, 23, 76, 16, 84, 93, 62, 79, 29, 46},
		{86, 21, 92, 99, 71, 79, 88, 41, 20, 84, 94, 18, 42, 45, 16},
		{60, 61, 19, 92, 59, 70, 80, 11, 55, 67, 60, 38, 18, 26, 59},
		{90, 98, 97, 23, 69, 38, 11, 57, 65, 90, 82, 40, 82, 74, 92},
		{19, 55, 64, 74, 76, 11, 74, 79, 19, 15, 92, 99, 35, 10, 96}
	},
	{
		{65, 55, 31, 97, 85, 85, 78, 12, 55, 59, 13, 24, 13, 85, 65},
		{99, 13, 76, 30, 42, 29, 71, 10, 11, 72, 14, 21, 70, 12, 16},
		{73, 23, 12, 41, 82, 36, 38, 34, 68, 66, 45, 40, 10, 11, 85},
		{18, 51, 36, 67, 13, 26, 32, 96, 18, 19, 63, 76, 89, 47, 77},
		{63, 27, 88, 86, 74, 45, 20, 10, 11, 36, 70, 97, 24, 26, 80},
		{42, 24, 93, 46, 36, 81, 56, 87, 71, 25, 84, 99, 44, 42, 23},
		{32, 58, 22, 85, 86, 47, 28, 86, 41, 45, 12, 88, 42, 99, 34},
		{79, 19, 28, 60, 77, 62, 19, 46, 30, 32, 76, 64, 52, 23, 57},
		{91, 77, 66, 90, 64, 29, 44, 47, 37, 14, 34, 85, 55, 19, 66},
		{78, 25, 17, 47, 25, 83, 65, 48, 82, 54, 41, 51, 82, 98, 27}
	},
	{
		{29, 26, 48, 57, 58, 94, 67, 70, 90, 10, 25, 14, 43, 88, 90},
		{26, 63, 87, 85, 75, 32, 87, 44, 49, 40, 43, 67, 20, 93, 96},
		{70, 34, 96, 73, 70, 46, 81, 12, 16, 73, 84, 68, 79, 51, 29},
		{19, 29, 57, 27, 10, 11, 21, 22, 93, 34, 95, 48, 67, 17, 19},
		{66, 52, 93, 51, 49, 95, 44, 31, 84, 37, 72, 49, 11, 61, 19},
		{60, 53, 57, 23, 93, 44, 91, 52, 24, 39, 14, 91, 61, 93, 27},
		{48, 32, 32, 58, 95, 70, 68, 76, 70, 50, 46, 80, 83, 68, 38},
		{63, 34, 38, 12, 25, 15, 89, 86, 79, 71, 54, 49, 67, 41, 29},
		{32, 36, 50, 50, 86, 12, 15, 24, 28, 58, 34, 36, 19, 80, 43},
		{87, 46, 53, 17, 32, 13, 99, 90, 56, 32, 23, 81, 46, 71, 78}
	},
	{
		{21, 51, 59, 44, 77, 88, 83, 47, 80, 53, 64, 64, 51, 44, 28},
		{74, 46, 15, 63, 33, 98, 97, 18, 44, 75, 84, 34, 27, 24, 99},
		{10, 78, 85, 86, 39, 76, 53, 38, 93, 55, 65, 45, 25, 41, 48},
		{59, 99, 63, 72, 23, 93, 71, 13, 16, 89, 66, 36, 20, 75, 28},
		{91, 80, 28, 66, 58, 85, 69, 33, 68, 50, 27, 60, 62, 58, 71},
		{27, 60, 10, 67, 72, 18, 38, 71, 24, 66, 12, 44, 89, 43, 37},
		{24, 57, 32, 26, 46, 34, 12, 90, 91, 29, 24, 11, 74, 93, 79},
		{78, 75, 74, 90, 27, 14, 10, 98, 83, 62, 93, 83, 57, 58, 58},
		{68, 58, 72, 85, 13, 11, 57, 20, 21, 53, 75, 33, 13, 93, 61},
		{69, 67, 51, 82, 56, 55, 47, 47, 59, 41, 87, 71, 26, 70, 36}
	},
	{
		{46, 77, 47, 48, 19, 68, 71, 77, 80, 19, 11, 13, 47, 28, 62},
		{74, 84, 21, 95, 73, 80, 34, 26, 76, 97, 87, 84, 26, 56, 20},
		{30, 84, 58, 48, 44, 18, 82, 42, 37, 56, 55, 62, 19, 74, 39},
		{62, 28, 67, 25, 31, 46, 79, 77, 90, 98, 80, 10, 52, 79, 75},
		{93, 15, 67, 37, 75, 98, 14, 55, 44, 13, 84, 49, 40, 65, 88},
		{20, 34, 11, 76, 35, 14, 68, 64, 73, 31, 38, 40, 49, 85, 93},
		{43, 22, 21, 74, 95, 82, 46, 25, 97, 83, 18, 15, 26, 77, 15},
		{31, 36, 69, 17, 92, 97, 70, 79, 91, 30, 14, 73, 74, 62, 74},
		{71, 38, 99, 65, 74, 47, 83, 33, 22, 67, 71, 60, 80, 73, 38},
		{67, 19, 94, 11, 20, 71, 15, 57, 71, 10, 69, 67, 59, 53, 76}
	},
	{
		{73, 44, 27, 39, 33, 32, 29, 36, 40, 67, 80, 81, 42, 57, 10},
		{90, 78, 81, 96, 77, 30, 64, 67, 17, 54, 76, 64, 64, 72, 48},
		{48, 47, 10, 39, 39, 25, 76, 10, 39, 55, 64, 72, 12, 24, 74},
		{51, 23, 37, 45, 52, 81, 49, 72, 61, 48, 59, 26, 87, 53, 17},
		{38, 14, 22, 23, 83, 91, 68, 97, 34, 60, 59, 59, 53, 56, 10},
		{68, 98, 26, 36, 74, 45, 42, 99, 88, 59, 26, 93, 86, 99, 31},
		{79, 71, 99, 17, 78, 63, 90, 41, 65, 44, 10, 16, 31, 10, 72},
		{96, 46, 18, 41, 77, 45, 49, 11, 89, 67, 77, 73, 73, 72, 62},
		{23, 41, 38, 61, 83, 60, 76, 92, 42, 89, 12, 12, 77, 51, 88},
		{51, 62, 25, 81, 92, 88, 36, 70, 20, 40, 11, 53, 99, 85, 72}
	},
	{
		{83, 73, 20, 73, 92, 99, 30, 87, 73, 83, 33, 15, 83, 20, 16},
		{64, 41, 42, 36, 32, 24, 88, 84, 51, 10, 29, 36, 53, 18, 23},
		{92, 81, 29, 90, 35, 31, 36, 77, 44, 32, 73, 75, 43, 94, 79},
		{60, 85, 36, 28, 67, 76, 63, 86, 92, 10, 93, 35, 78, 48, 23},
		{12, 59, 97, 41, 90, 90, 81, 98, 80, 42, 81, 21, 22, 20, 39},
		{76, 40, 90, 24, 37, 52, 38, 80, 40, 90, 29, 71, 53, 83, 92},
		{15, 61, 62, 21, 14, 73, 98, 27, 77, 70, 84, 86, 84, 92, 77},
		{86, 92, 19, 81, 12, 94, 87, 52, 40, 11, 71, 47, 51, 57, 38},
		{88, 79, 53, 74, 39, 16, 80, 66, 55, 43, 85, 24, 93, 73, 33},
		{66, 28, 89, 13, 54, 30, 21, 96, 15, 87, 89, 64, 52, 91, 11}
	},
	{
		{39, 38, 40, 65, 28, 85, 53, 59, 30, 63, 15, 17, 77, 36, 54},
		{87, 29, 77, 42, 64, 62, 24, 55, 55, 26, 84, 42, 41, 68, 46},
		{63, 30, 81, 75, 42, 86, 46, 44, 86, 50, 34, 81, 93, 47, 63},
		{92, 88, 80, 11, 16, 12, 55, 60, 38, 22, 11, 89, 95, 81, 28},
		{59, 28, 11, 68, 15, 30, 14, 14, 71, 46, 48, 31, 96, 71, 71},
		{15, 72, 48, 21, 40, 19, 34, 30, 73, 34, 65, 22, 14, 34, 35},
		{23, 99, 57, 40, 37, 41, 49, 26, 11, 54, 11, 93, 22, 14, 38},
		{21, 43, 26, 33, 68, 92, 64, 32, 36, 10, 26, 35, 29, 67, 52},
		{51, 97, 45, 61, 52, 42, 94, 92, 88, 15, 89, 51, 69, 51, 68},
		{38, 79, 49, 82, 75, 57, 73, 34, 76, 17, 78, 24, 91, 99, 33}
	},
	{
		{82, 85, 76, 24, 62, 59, 89, 71, 64, 55, 42, 74, 36, 16, 43},
		{94, 18, 41, 79, 68, 21, 81, 91, 42, 56, 18, 14, 93, 44, 45},
		{91, 84, 86, 58, 95, 59, 19, 45, 74, 69, 32, 82, 45, 35, 66},
		{42, 27, 14, 21, 95, 52, 47, 92, 62, 49, 49, 60, 93, 62, 83},
		{86, 84, 21, 99, 52, 78, 73, 50, 71, 83, 67, 25, 82, 77, 77},
		{80, 55, 95, 87, 26, 57, 42, 32, 54, 50, 53, 16, 33, 56, 29},
		{72, 86, 87, 37, 64, 72, 82, 34, 41, 19, 26, 67, 88, 25, 66},
		{43, 60, 71, 31, 60, 82, 62, 90, 44, 71, 34, 27, 84, 31, 16},
		{75, 35, 14, 28, 91, 79, 23, 16, 82, 98, 72, 69, 13, 25, 43},
		{99, 19, 28, 77, 63, 67, 31, 62, 26, 37, 62, 98, 11, 50, 69}
	},
	{
		{94, 14, 40, 94, 40, 13, 81, 35, 33, 74, 88, 34, 47, 62, 35},
		{29, 61, 58, 11, 36, 49, 26, 19, 40, 61, 94, 23, 66, 66, 18},
		{82, 96, 91, 14, 82, 31, 17, 52, 42, 47, 11, 21, 63, 10, 32},
		{39, 54, 93, 87, 73, 36, 75, 39, 79, 96, 54, 57, 61, 17, 81},
		{92, 23, 58, 73, 49, 13, 43, 19, 67, 21, 86, 82, 69, 88, 55},
		{84, 23, 80, 98, 17, 96, 27, 22, 44, 43, 45, 17, 78, 16, 12},
		{87, 31, 72, 36, 31, 38, 94, 90, 46, 28, 55, 58, 64, 34, 10},
		{13, 65, 12, 11, 23, 95, 22, 41, 19, 73, 30, 86, 58, 51, 24},
		{49, 25, 37, 72, 54, 11, 69, 96, 89, 34, 88, 89, 78, 82, 72},
		{76, 25, 38, 38, 90, 97, 37, 53, 25, 99, 27, 89, 26, 83, 63}
	},
	{
		{59, 82, 33, 22, 17, 53, 84, 95, 63, 42, 34, 86, 86, 69, 13},
		{51, 29, 67, 89, 70, 47, 99, 78, 90, 14, 47, 29, 37, 22, 57},
		{41, 41, 44, 53, 31, 92, 40, 25, 90, 44, 21, 73, 94, 11, 34},
		{76, 91, 59, 76, 72, 59, 40, 15, 34, 78, 34, 74, 32, 30, 77},
		{68, 29, 12, 78, 94, 77, 67, 68, 34, 69, 92, 40, 55, 41, 50},
		{21, 17, 23, 59, 74, 90, 77, 38, 69, 31, 51, 35, 56, 87, 34},
		{62, 16, 22, 94, 48, 27, 96, 42, 47, 23, 90, 50, 99, 75, 20},
		{35, 98, 27, 25, 58, 22, 94, 48, 11, 30, 30, 12, 82, 94, 29},
		{40, 23, 40, 73, 72, 21, 18, 45, 99, 59, 49, 28, 72, 27, 71},
		{23, 62, 62, 87, 98, 44, 22, 21, 91, 87, 15, 58, 83, 21, 24}
	}
}