alpha=0.2
gamma=0.6
selection_rate=1
max_gen=5000
job_num=10
machine_num=10
pop_size=100
Threshold=1248
scenario_num=20
{
	{
		{32, 72, 38, 99, 75, 15, 16, 34, 58, 40},
		{54, 18, 63, 93, 93, 78, 41, 89, 55, 67},
		{89, 66, 23, 11, 84, 38, 83, 54, 92, 10},
		{66, 93, 17, 42, 57, 25, 77, 62, 63, 51},
		{74, 77, 74, 37, 89, 55, 67, 28, 10, 82},
		{88, 71, 87, 95, 77, 54, 87, 34, 40, 99},
		{32, 15, 68, 46, 93, 89, 87, 28, 46, 63},
		{79, 51, 83, 46, 91, 20, 58, 93, 69, 44},
		{52, 14, 78, 20, 15, 34, 62, 14, 66, 13},
		{98, 53, 41, 20, 13, 65, 56, 25, 12, 58}
	},
	{
		{66, 98, 73, 63, 42, 43, 64, 45, 70, 79},
		{99, 18, 95, 74, 35, 28, 72, 86, 40, 89},
		{73, 81, 81, 42, 92, 26, 22, 68, 99, 57},
		{39, 24, 27, 23, 73, 22, 57, 26, 70, 65},
		{44, 61, 85, 98, 15, 22, 19, 47, 52, 64},
		{97, 46, 27, 83, 23, 16, 95, 19, 21, 98},
		{52, 53, 85, 12, 91, 42, 91, 59, 83, 69},
		{23, 11, 14, 29, 51, 64, 64, 58, 23, 11},
		{80, 29, 19, 74, 60, 21, 70, 52, 27, 73},
		{94, 46, 75, 98, 39, 75, 51, 50, 39, 81}
	},
	{
		{47, 41, 40, 58, 46, 57, 35, 29, 93, 91},
		{95, 95, 67, 96, 13, 95, 13, 23, 53, 44},
		{11, 20, 41, 41, 14, 41, 83, 70, 56, 53},
		{52, 10, 70, 53, 73, 74, 96, 35, 31, 42},
		{44, 62, 42, 90, 23, 51, 15, 21, 81, 33},
		{89, 78, 62, 22, 52, 67, 81, 62, 11, 22},
		{31, 53, 77, 44, 32, 42, 15, 68, 81, 91},
		{33, 48, 17, 60, 85, 13, 86, 78, 65, 86},
		{26, 50, 32, 31, 36, 61, 84, 32, 48, 29},
		{76, 95, 58, 61, 58, 20, 11, 96, 74, 31}
	},
	{
		{74, 31, 40, 90, 24, 70, 19, 64, 85, 61},
		{66, 70, 65, 34, 27, 66, 15, 43, 10, 99},
		{43, 18, 96, 76, 75, 32, 59, 95, 98, 80},
		{68, 16, 94, 67, 88, 47, 95, 38, 56, 96},
		{39, 97, 80, 86, 94, 27, 33, 82, 59, 34},
		{18, 85, 37, 91, 34, 69, 46, 68, 19, 30},
		{34, 35, 42, 92, 86, 53, 88, 13, 77, 90},
		{86, 79, 46, 78, 12, 37, 23, 14, 57, 10},
		{56, 69, 71, 82, 85, 14, 35, 47, 39, 25},
		{31, 90, 62, 26, 36, 83, 63, 27, 62, 76}
	},
	{
		{53, 69, 12, 69, 88, 55, 90, 89, 82, 96},
		{29, 21, 52, 10, 43, 39, 61, 40, 23, 91},
		{29, 18, 60, 56, 66, 63, 79, 80, 22, 43},
		{18, 51, 58, 73, 20, 87, 19, 34, 91, 81},
		{54, 46, 73, 59, 33, 81, 52, 49, 41, 76},
		{23, 28, 27, 80, 58, 36, 59, 78, 12, 58},
		{97, 55, 90, 78, 56, 23, 61, 51, 61, 91},
		{31, 15, 97, 33, 85, 75, 51, 24, 59, 81},
		{26, 14, 39, 22, 47, 25, 36, 88, 98, 30},
		{90, 80, 82, 30, 39, 71, 25, 97, 15, 81}
	},
	{
		{61, 97, 94, 23, 26, 76, 43, 77, 14, 95},
		{51, 13, 26, 84, 91, 91, 55, 13, 96, 94},
		{56, 30, 25, 91, 50, 32, 18, 25, 38, 66},
		{84, 58, 17, 33, 88, 20, 69, 44, 40, 43},
		{23, 30, 24, 89, 98, 95, 95, 26, 13, 68},
		{61, 80, 27, 15, 28, 82, 94, 95, 13, 60},
		{54, 53, 78, 92, 80, 60, 44, 70, 87, 20},
		{75, 86, 33, 30, 45, 79, 10, 80, 68, 44},
		{28, 16, 27, 47, 84, 43, 80, 73, 30, 69},
		{58, 84, 18, 54, 88, 18, 45, 21, 94, 22}
	},
	{
		{46, 19, 58, 43, 99, 64, 33, 68, 88, 18},
		{23, 15, 72, 91, 84, 46, 47, 98, 66, 93},
		{70, 31, 59, 82, 97, 43, 53, 44, 65, 77},
		{64, 51, 89, 13, 41, 36, 57, 25, 54, 74},
		{66, 47, 68, 72, 99, 63, 60, 96, 58, 74},
		{32, 57, 88, 39, 58, 18, 23, 37, 41, 31},
		{79, 61, 55, 92, 17, 75, 49, 56, 59, 48},
		{23, 35, 84, 26, 72, 40, 61, 40, 62, 76},
		{64, 59, 71, 90, 47, 62, 60, 93, 20, 29},
		{97, 65, 91, 68, 11, 37, 58, 38, 41, 95}
	},
	{
		{26, 63, 77, 49, 43, 28, 73, 22, 96, 68},
		{82, 57, 88, 92, 99, 41, 97, 22, 85, 63},
		{41, 86, 80, 92, 28, 46, 31, 11, 99, 51},
		{67, 81, 48, 25, 90, 64, 46, 18, 26, 38},
		{27, 15, 88, 60, 81, 42, 62, 49, 79, 97},
		{68, 16, 90, 73, 42, 50, 46, 90, 41, 63},
		{62, 78, 66, 59, 65, 58, 23, 21, 49, 42},
		{85, 13, 85, 41, 72, 77, 58, 30, 97, 34},
		{69, 88, 71, 30, 41, 81, 32, 34, 83, 89},
		{39, 54, 48, 15, 79, 92, 31, 22, 77, 14}
	},
	{
		{27, 39, 36, 53, 32, 33, 16, 32, 63, 90},
		{91, 47, 26, 52, 31, 97, 62, 40, 23, 67},
		{34, 47, 56, 25, 47, 28, 54, 16, 24, 36},
		{63, 82, 52, 32, 19, 90, 47, 97, 97, 11},
		{27, 15, 93, 84, 30, 27, 15, 25, 48, 96},
		{74, 50, 95, 35, 96, 51, 93, 97, 30, 28},
		{68, 48, 73, 58, 89, 35, 24, 74, 71, 48},
		{47, 79, 19, 52, 28, 96, 26, 45, 18, 82},
		{56, 21, 94, 26, 91, 68, 25, 89, 56, 75},
		{98, 19, 50, 10, 68, 21, 86, 20, 21, 71}
	},
	{
		{73, 31, 33, 88, 51, 16, 81, 26, 96, 12},
		{71, 57, 84, 86, 86, 25, 63, 96, 14, 10},
		{19, 55, 25, 85, 85, 30, 42, 37, 45, 13},
		{67, 23, 98, 76, 28, 79, 96, 92, 15, 53},
		{15, 91, 43, 65, 98, 83, 43, 97, 76, 44},
		{85, 69, 65, 41, 54, 42, 87, 88, 93, 33},
		{42, 77, 89, 94, 27, 84, 23, 86, 40, 57},
		{23, 77, 84, 70, 38, 19, 51, 20, 26, 70},
		{29, 60, 45, 50, 53, 79, 12, 52, 85, 88},
		{99, 20, 97, 60, 43, 35, 25, 42, 69, 36}
	},
	{
		{16, 86, 47, 42, 12, 66, 41, 92, 13, 66},
		{10, 99, 14, 34, 36, 36, 38, 60, 24, 25},
		{97, 13, 11, 40, 22, 98, 80, 78, 13, 60},
		{43, 91, 36, 46, 38, 58, 65, 85, 62, 93},
		{23, 74, 89, 85, 45, 95, 28, 27, 97, 56},
		{30, 56, 31, 35, 80, 37, 61, 58, 25, 94},
		{25, 62, 88, 56, 14, 92, 49, 86, 52, 86},
		{41, 78, 30, 97, 35, 40, 19, 23, 69, 84},
		{30, 77, 46, 76, 81, 69, 30, 76, 73, 63},
		{52, 69, 37, 66, 99, 28, 94, 82, 54, 86}
	},
	{
		{95, 59, 82, 99, 96, 85, 35, 63, 72, 57},
		{62, 68, 71, 43, 23, 13, 47, 65, 90, 58},
		{33, 32, 94, 32, 38, 87, 90, 54, 94, 79},
		{89, 29, 24, 63, 92, 74, 28, 33, 99, 99},
		{43, 50, 63, 13, 88, 37, 65, 38, 98, 60},
		{80, 26, 13, 91, 39, 32, 32, 48, 15, 51},
		{35, 79, 11, 56, 66, 99, 59, 40, 18, 83},
		{13, 18, 91, 38, 12, 33, 93, 20, 79, 90},
		{14, 54, 37, 54, 25, 46, 45, 44, 68, 22},
		{43, 15, 75, 76, 23, 12, 49, 15, 63, 75}
	},
	{
		{47, 23, 90, 65, 72, 38, 56, 14, 12, 46},
		{97, 30, 34, 92, 34, 79, 14, 28, 33, 56},
		{42, 26, 87, 72, 15, 73, 51, 98, 48, 46},
		{22, 40, 54, 33, 51, 98, 66, 41, 18, 79},
		{82, 47, 76, 28, 71, 92, 52, 33, 98, 15},
		{52, 82, 98, 48, 94, 43, 11, 47, 73, 96},
		{81, 62, 88, 64, 72, 86, 59, 57, 37, 45},
		{95, 77, 35, 80, 68, 55, 73, 36, 73, 58},
		{19, 29, 45, 59, 48, 65, 76, 72, 23, 24},
		{76, 79, 59, 70, 49, 55, 25, 85, 65, 90}
	},
	{
		{21, 64, 21, 79, 40, 23, 93, 79, 34, 53},
		{93, 29, 87, 11, 35, 83, 55, 84, 65, 47},
		{76, 15, 70, 12, 25, 94, 69, 75, 37, 87},
		{32, 56, 84, 58, 63, 33, 32, 71, 26, 11},
		{19, 61, 67, 67, 50, 96, 84, 20, 86, 30},
		{61, 59, 14, 45, 31, 60, 63, 79, 48, 61},
		{75, 98, 33, 63, 93, 33, 17, 96, 92, 36},
		{31, 68, 83, 12, 67, 64, 27, 52, 62, 88},
		{29, 10, 40, 12, 64, 18, 46, 83, 62, 77},
		{57, 58, 75, 81, 14, 57, 62, 78, 31, 71}
	},
	{
		{40, 64, 33, 67, 39, 77, 51, 90, 22, 65},
		{17, 11, 12, 14, 82, 74, 75, 77, 76, 32},
		{29, 77, 26, 76, 59, 69, 76, 34, 87, 65},
		{89, 80, 77, 31, 62, 47, 64, 18, 68, 58},
		{54, 21, 98, 71, 84, 90, 72, 25, 96, 15},
		{50, 36, 24, 27, 16, 72, 90, 79, 24, 61},
		{52, 60, 53, 21, 99, 64, 30, 79, 28, 28},
		{12, 70, 91, 85, 54, 63, 51, 67, 93, 20},
		{33, 64, 75, 77, 97, 62, 84, 70, 69, 63},
		{56, 20, 50, 22, 72, 34, 43, 15, 82, 33}
	},
	{
		{64, 84, 87, 53, 39, 46, 62, 10, 47, 78},
		{43, 95, 89, 65, 69, 59, 43, 74, 34, 78},
		{32, 32, 83, 52, 67, 74, 29, 42, 24, 18},
		{18, 26, 70, 43, 96, 99, 80, 56, 63, 13},
		{16, 34, 11, 61, 84, 27, 45, 88, 22, 19},
		{24, 98, 25, 48, 41, 15, 59, 46, 45, 27},
		{25, 64, 41, 63, 11, 14, 21, 80, 29, 67},
		{61, 53, 15, 42, 17, 97, 88, 19, 60, 42},
		{71, 21, 41, 77, 60, 94, 43, 37, 78, 84},
		{39, 88, 24, 59, 86, 87, 70, 51, 79, 23}
	},
	{
		{15, 73, 70, 34, 81, 21, 39, 79, 59, 97},
		{99, 95, 79, 35, 97, 25, 75, 51, 83, 98},
		{41, 65, 47, 56, 37, 60, 48, 45, 22, 82},
		{13, 91, 16, 43, 75, 40, 83, 23, 64, 69},
		{31, 40, 62, 71, 90, 36, 45, 83, 65, 95},
		{90, 82, 21, 72, 46, 63, 44, 34, 44, 86},
		{33, 15, 34, 42, 36, 30, 20, 69, 57, 51},
		{62, 31, 37, 20, 42, 78, 78, 44, 77, 54},
		{81, 67, 54, 84, 98, 14, 74, 39, 63, 67},
		{12, 90, 25, 10, 70, 16, 34, 17, 88, 96}
	},
	{
		{41, 93, 79, 67, 88, 28, 74, 45, 37, 30},
		{74, 22, 96, 35, 61, 43, 36, 52, 99, 75},
		{47, 63, 82, 77, 68, 48, 33, 73, 39, 73},
		{95, 20, 94, 56, 60, 24, 90, 10, 31, 44},
		{99, 16, 44, 70, 40, 95, 65, 19, 22, 14},
		{65, 28, 95, 99, 61, 50, 58, 11, 88, 54},
		{98, 56, 86, 40, 74, 75, 74, 15, 43, 23},
		{40, 87, 93, 41, 35, 96, 31, 45, 50, 56},
		{35, 66, 23, 27, 98, 29, 65, 97, 59, 61},
		{88, 63, 36, 38, 40, 73, 29, 39, 91, 95}
	},
	{
		{20, 79, 36, 81, 61, 68, 59, 59, 26, 46},
		{23, 84, 30, 47, 21, 80, 11, 84, 91, 39},
		{11, 57, 86, 68, 45, 11, 52, 73, 92, 93},
		{27, 42, 45, 27, 34, 10, 14, 73, 49, 28},
		{39, 65, 77, 87, 58, 71, 21, 66, 13, 63},
		{45, 92, 51, 25, 45, 46, 86, 77, 51, 59},
		{38, 97, 54, 27, 58, 46, 60, 75, 67, 61},
		{82, 46, 23, 74, 41, 11, 88, 60, 49, 81},
		{10, 71, 79, 88, 76, 88, 77, 20, 63, 58},
		{50, 63, 12, 50, 45, 67, 13, 16, 58, 33}
	},
	{
		{27, 85, 28, 66, 22, 14, 53, 26, 61, 16},
		{69, 48, 78, 30, 18, 13, 82, 10, 67, 14},
		{28, 16, 37, 47, 70, 48, 32, 55, 82, 75},
		{45, 86, 37, 86, 62, 29, 35, 60, 31, 20},
		{44, 12, 42, 79, 43, 91, 27, 77, 92, 26},
		{29, 25, 61, 20, 29, 65, 96, 95, 10, 44},
		{89, 15, 71, 37, 65, 57, 72, 93, 15, 64},
		{43, 41, 72, 50, 73, 76, 33, 56, 33, 33},
		{11, 44, 16, 99, 84, 40, 77, 79, 68, 46},
		{93, 31, 51, 69, 99, 13, 52, 25, 44, 39}
	}
}