alpha=0.2
gamma=0.6
selection_rate=1
max_gen=5000
job_num=10
machine_num=20
pop_size=100
Threshold=1944
scenario_num=20
{
	{
		{13, 72, 98, 43, 48, 89, 54, 58, 70, 35, 32, 47, 32, 32, 32, 82, 48, 12, 44, 47},
		{36, 97, 51, 86, 52, 64, 60, 95, 96, 79, 58, 76, 88, 91, 87, 33, 69, 73, 87, 50},
		{56, 77, 46, 84, 81, 60, 35, 29, 82, 30, 13, 70, 39, 46, 89, 92, 22, 37, 25, 70},
		{79, 94, 65, 70, 79, 98, 57, 28, 49, 57, 27, 47, 77, 86, 97, 34, 70, 46, 75, 66},
		{90, 14, 62, 30, 25, 55, 57, 82, 17, 87, 48, 42, 56, 95, 21, 44, 39, 16, 83, 71},
		{75, 71, 68, 67, 70, 90, 12, 50, 52, 68, 50, 55, 25, 40, 66, 98, 24, 60, 34, 80},
		{53, 78, 89, 98, 46, 63, 71, 19, 56, 29, 10, 51, 88, 66, 39, 97, 34, 45, 87, 97},
		{97, 13, 84, 84, 21, 55, 57, 20, 95, 62, 46, 86, 37, 27, 86, 58, 75, 75, 28, 38},
		{72, 33, 18, 85, 51, 73, 98, 51, 19, 79, 16, 59, 83, 17, 15, 22, 65, 20, 19, 76},
		{84, 60, 84, 81, 62, 22, 45, 29, 35, 10, 11, 18, 47, 38, 77, 90, 84, 71, 81, 92}
	},
	{
		{22, 64, 58, 57, 95, 86, 94, 95, 91, 64, 92, 65, 10, 54, 71, 95, 48, 17, 35, 64},
		{32, 99, 19, 28, 14, 91, 12, 23, 25, 12, 76, 73, 21, 43, 77, 54, 95, 94, 87, 57},
		{60, 73, 48, 62, 36, 83, 14, 38, 41, 64, 41, 28, 62, 16, 31, 58, 97, 30, 35, 51},
		{85, 32, 19, 81, 70, 99, 73, 69, 44, 35, 27, 39, 23, 98, 30, 29, 89, 16, 90, 19},
		{24, 57, 82, 48, 71, 68, 68, 58, 76, 64, 10, 39, 78, 42, 25, 39, 80, 54, 14, 23},
		{49, 39, 95, 47, 91, 63, 76, 45, 44, 52, 36, 35, 63, 50, 76, 90, 64, 71, 38, 69},
		{67, 98, 62, 22, 63, 19, 79, 10, 33, 75, 77, 25, 90, 58, 98, 46, 45, 11, 42, 68},
		{23, 88, 77, 24, 19, 86, 90, 22, 69, 20, 89, 49, 23, 69, 86, 95, 68, 96, 83, 56},
		{19, 82, 45, 70, 44, 40, 18, 54, 61, 95, 90, 78, 42, 76, 74, 45, 55, 50, 75, 18},
		{46, 26, 43, 62, 81, 47, 43, 47, 27, 64, 86, 35, 73, 85, 23, 52, 58, 56, 83, 65}
	},
	{
		{84, 74, 51, 76, 64, 53, 96, 42, 53, 77, 93, 69, 91, 32, 13, 45, 26, 35, 99, 28},
		{46, 87, 99, 55, 95, 62, 84, 53, 44, 44, 82, 56, 35, 47, 14, 59, 72, 83, 53, 28},
		{63, 29, 77, 40, 49, 61, 48, 52, 95, 17, 63, 12, 26, 38, 53, 35, 85, 50, 83, 26},
		{42, 83, 50, 84, 38, 18, 33, 63, 42, 84, 29, 82, 38, 41, 72, 89, 71, 62, 92, 93},
		{31, 30, 63, 71, 50, 58, 85, 55, 82, 85, 34, 79, 11, 18, 72, 64, 31, 99, 74, 51},
		{10, 44, 54, 28, 22, 33, 14, 74, 70, 13, 25, 34, 25, 31, 11, 72, 11, 88, 86, 52},
		{84, 18, 69, 76, 19, 46, 31, 59, 71, 45, 27, 86, 64, 72, 70, 67, 41, 31, 55, 91},
		{54, 33, 77, 59, 24, 41, 64, 83, 43, 90, 46, 31, 29, 49, 35, 70, 99, 96, 48, 70},
		{94, 12, 58, 52, 68, 35, 59, 86, 30, 47, 78, 97, 90, 36, 92, 67, 79, 74, 35, 96},
		{20, 84, 34, 80, 89, 55, 16, 58, 96, 73, 83, 75, 11, 36, 30, 31, 18, 78, 21, 82}
	},
	{
		{31, 47, 48, 31, 41, 98, 84, 42, 34, 57, 54, 95, 93, 78, 11, 53, 91, 29, 72, 44},
		{63, 14, 20, 68, 90, 93, 71, 76, 11, 42, 31, 87, 95, 71, 85, 48, 88, 12, 39, 84},
		{17, 11, 82, 89, 30, 12, 27, 82, 97, 12, 37, 55, 37, 57, 49, 90, 25, 33, 43, 45},
		{54, 98, 86, 18, 68, 81, 50, 53, 52, 91, 73, 17, 64, 76, 51, 24, 24, 34, 93, 95},
		{45, 28, 90, 14, 13, 12, 94, 58, 58, 72, 94, 69, 38, 14, 74, 51, 88, 73, 83, 96},
		{67, 11, 62, 61, 32, 45, 17, 40, 17, 22, 95, 75, 40, 57, 49, 73, 93, 88, 32, 24},
		{87, 90, 85, 19, 61, 58, 67, 52, 75, 40, 98, 91, 55, 38, 18, 23, 25, 11, 18, 26},
		{59, 93, 41, 21, 39, 21, 23, 16, 60, 11, 83, 23, 65, 50, 79, 28, 53, 30, 64, 78},
		{18, 21, 28, 34, 26, 93, 47, 73, 49, 30, 35, 44, 33, 14, 52, 77, 50, 64, 15, 93},
		{55, 82, 63, 46, 95, 97, 66, 70, 27, 26, 85, 71, 47, 25, 30, 61, 30, 37, 20, 16}
	},
	{
		{18, 84, 59, 86, 97, 37, 73, 33, 56, 92, 46, 16, 89, 87, 21, 64, 38, 14, 41, 80},
		{52, 79, 49, 82, 12, 34, 80, 46, 61, 72, 48, 77, 89, 18, 22, 23, 61, 64, 83, 88},
		{94, 66, 92, 41, 21, 42, 69, 48, 87, 67, 78, 92, 17, 10, 18, 55, 91, 59, 89, 28},
		{20, 68, 56, 47, 15, 55, 65, 68, 56, 64, 20, 65, 87, 79, 52, 89, 38, 11, 58, 30},
		{55, 41, 70, 21, 88, 64, 15, 78, 67, 72, 18, 79, 65, 96, 90, 10, 81, 40, 41, 73},
		{64, 49, 73, 47, 77, 97, 94, 69, 96, 72, 63, 26, 26, 19, 80, 17, 22, 94, 66, 23},
		{96, 19, 48, 62, 92, 10, 95, 95, 44, 84, 12, 62, 92, 94, 60, 80, 58, 56, 42, 17},
		{59, 22, 21, 85, 12, 29, 54, 91, 57, 18, 44, 48, 63, 89, 21, 87, 54, 16, 13, 64},
		{48, 26, 63, 70, 74, 65, 53, 44, 53, 94, 43, 50, 74, 92, 91, 84, 34, 56, 58, 96},
		{97, 24, 89, 67, 95, 60, 57, 58, 11, 18, 68, 59, 62, 68, 44, 37, 19, 53, 63, 69}
	},
	{
		{21, 44, 89, 68, 16, 80, 53, 52, 89, 43, 91, 91, 23, 11, 50, 69, 70, 56, 93, 96},
		{73, 92, 55, 53, 90, 44, 93, 64, 95, 58, 77, 69, 48, 77, 42, 62, 17, 52, 33, 26},
		{86, 30, 21, 92, 10, 31, 12, 44, 53, 60, 18, 53, 30, 54, 42, 63, 73, 21, 43, 15},
		{86, 31, 67, 38, 30, 69, 89, 87, 26, 29, 55, 30, 94, 78, 30, 40, 36, 41, 32, 21},
		{86, 11, 59, 40, 39, 32, 38, 68, 12, 33, 37, 71, 16, 92, 66, 85, 55, 88, 24, 88},
		{42, 28, 56, 10, 52, 26, 93, 58, 87, 36, 72, 95, 40, 77, 60, 85, 18, 76, 16, 44},
		{96, 29, 49, 22, 79, 33, 36, 55, 84, 41, 42, 98, 72, 45, 66, 15, 90, 21, 68, 64},
		{69, 44, 73, 76, 74, 67, 59, 49, 53, 31, 11, 55, 18, 87, 53, 59, 40, 31, 89, 96},
		{74, 34, 92, 73, 57, 65, 63, 58, 83, 97, 73, 76, 85, 20, 66, 91, 16, 14, 14, 98},
		{37, 95, 68, 90, 44, 32, 66, 44, 11, 84, 99, 52, 19, 33, 48, 27, 11, 50, 85, 13}
	},
	{
		{72, 88, 67, 58, 42, 80, 13, 30, 78, 76, 51, 55, 73, 98, 27, 41, 23, 17, 37, 63},
		{48, 44, 47, 55, 40, 48, 91, 46, 35, 58, 90, 87, 99, 91, 46, 74, 16, 95, 16, 20},
		{55, 55, 46, 80, 99, 41, 44, 22, 49, 48, 35, 57, 10, 92, 50, 72, 58, 53, 59, 95},
		{87, 71, 44, 83, 69, 29, 84, 65, 70, 25, 55, 86, 43, 72, 66, 57, 75, 87, 75, 99},
		{58, 45, 97, 49, 88, 68, 29, 77, 30, 27, 82, 31, 25, 49, 10, 74, 36, 39, 12, 36},
		{27, 60, 83, 14, 42, 73, 46, 23, 89, 49, 80, 69, 81, 66, 76, 18, 23, 97, 78, 40},
		{63, 96, 65, 50, 28, 12, 43, 85, 92, 18, 64, 84, 18, 85, 58, 41, 60, 44, 95, 78},
		{71, 86, 71, 31, 82, 88, 71, 80, 28, 26, 60, 42, 38, 78, 11, 45, 15, 98, 52, 70},
		{23, 16, 91, 24, 28, 33, 69, 11, 61, 46, 97, 88, 86, 34, 10, 64, 86, 86, 60, 51},
		{72, 78, 21, 25, 18, 77, 78, 12, 62, 59, 49, 49, 41, 64, 68, 12, 85, 44, 43, 95}
	},
	{
		{83, 70, 71, 95, 40, 74, 23, 89, 90, 63, 53, 62, 61, 78, 73, 44, 73, 87, 57, 20},
		{51, 20, 68, 89, 63, 17, 56, 68, 61, 84, 93, 22, 11, 78, 63, 36, 85, 70, 12, 43},
		{84, 30, 14, 24, 62, 15, 36, 11, 85, 62, 27, 91, 19, 61, 13, 75, 88, 28, 43, 21},
		{81, 63, 88, 46, 10, 68, 11, 26, 55, 58, 59, 15, 14, 24, 57, 38, 33, 12, 88, 54},
		{79, 59, 49, 29, 86, 87, 92, 31, 94, 32, 53, 88, 85, 58, 62, 73, 80, 49, 55, 99},
		{20, 92, 76, 28, 26, 59, 29, 10, 39, 78, 44, 33, 52, 35, 99, 89, 74, 54, 14, 72},
		{99, 61, 33, 58, 79, 39, 18, 90, 73, 92, 16, 89, 49, 89, 65, 51, 51, 24, 43, 99},
		{63, 79, 19, 31, 35, 93, 95, 11, 11, 62, 90, 68, 72, 80, 90, 69, 59, 76, 38, 43},
		{33, 35, 89, 14, 41, 69, 37, 60, 41, 22, 92, 93, 97, 38, 40, 78, 91, 59, 29, 14},
		{51, 87, 48, 52, 21, 36, 32, 99, 81, 14, 40, 56, 59, 14, 39, 63, 89, 68, 19, 81}
	},
	{
		{29, 96, 87, 35, 15, 52, 73, 57, 14, 30, 10, 85, 27, 84, 12, 62, 74, 26, 53, 60},
		{85, 27, 61, 77, 93, 42, 23, 48, 52, 47, 82, 66, 67, 86, 80, 77, 29, 26, 66, 37},
		{55, 59, 86, 50, 95, 33, 25, 82, 33, 36, 21, 20, 93, 40, 62, 35, 23, 79, 63, 94},
		{65, 60, 62, 47, 59, 92, 58, 12, 14, 59, 53, 71, 92, 54, 13, 32, 21, 78, 16, 92},
		{12, 11, 82, 39, 68, 82, 57, 63, 49, 68, 51, 55, 48, 69, 14, 88, 68, 93, 13, 21},
		{82, 88, 79, 48, 93, 86, 50, 84, 19, 51, 48, 90, 64, 75, 69, 43, 67, 49, 96, 55},
		{69, 91, 38, 27, 22, 47, 85, 81, 36, 12, 33, 95, 19, 85, 86, 18, 32, 62, 10, 14},
		{58, 98, 88, 90, 20, 67, 25, 53, 44, 61, 55, 98, 50, 61, 39, 58, 76, 56, 51, 83},
		{39, 30, 73, 55, 22, 61, 49, 93, 98, 60, 75, 84, 87, 17, 18, 92, 57, 33, 59, 23},
		{12, 47, 32, 76, 58, 46, 52, 89, 42, 39, 15, 73, 31, 19, 96, 30, 74, 61, 99, 81}
	},
	{
		{21, 67, 68, 81, 24, 80, 63, 41, 25, 89, 55, 21, 57, 19, 54, 86, 76, 71, 35, 59},
		{17, 72, 63, 39, 29, 71, 23, 49, 98, 19, 38, 57, 20, 49, 43, 65, 96, 97, 85, 84},
		{76, 15, 91, 70, 77, 40, 48, 68, 81, 85, 66, 43, 35, 89, 48, 72, 80, 95, 84, 72},
		{89, 98, 27, 61, 64, 53, 95, 89, 43, 64, 31, 13, 98, 89, 37, 84, 84, 89, 49, 14},
		{53, 93, 87, 65, 69, 54, 75, 90, 32, 99, 46, 86, 68, 94, 27, 55, 27, 92, 82, 54},
		{14, 64, 74, 78, 89, 67, 20, 98, 61, 56, 63, 54, 88, 62, 10, 80, 14, 97, 57, 48},
		{26, 85, 69, 13, 14, 31, 53, 43, 12, 65, 66, 48, 87, 36, 49, 81, 35, 26, 31, 61},
		{53, 27, 85, 89, 81, 72, 34, 53, 78, 48, 29, 84, 51, 69, 94, 57, 32, 89, 42, 59},
		{68, 94, 52, 81, 36, 63, 43, 23, 62, 83, 10, 58, 76, 95, 79, 86, 76, 69, 61, 48},
		{89, 11, 29, 40, 21, 70, 22, 53, 88, 58, 26, 23, 59, 35, 43, 40, 93, 87, 94, 79}
	},
	{
		{88, 95, 80, 75, 13, 82, 61, 47, 40, 61, 51, 51, 38, 31, 82, 54, 67, 18, 67, 19},
		{20, 23, 85, 32, 37, 83, 30, 58, 47, 26, 68, 64, 80, 84, 15, 24, 66, 52, 49, 51},
		{21, 24, 16, 42, 75, 47, 56, 53, 55, 32, 66, 63, 56, 99, 33, 77, 59, 51, 61, 71},
		{92, 38, 13, 84, 26, 81, 38, 39, 23, 17, 68, 13, 52, 34, 26, 64, 42, 37, 33, 89},
		{12, 89, 79, 81, 42, 69, 86, 77, 82, 15, 56, 20, 94, 52, 39, 44, 16, 36, 63, 77},
		{15, 22, 67, 50, 37, 11, 83, 64, 83, 52, 67, 66, 37, 47, 89, 15, 29, 47, 31, 81},
		{83, 56, 26, 87, 55, 55, 62, 30, 66, 37, 75, 93, 40, 18, 22, 59, 36, 22, 64, 61},
		{41, 65, 34, 81, 73, 32, 48, 40, 46, 12, 12, 76, 81, 17, 97, 17, 65, 50, 92, 30},
		{33, 97, 94, 42, 96, 31, 20, 11, 87, 89, 32, 14, 85, 13, 26, 60, 26, 87, 57, 88},
		{65, 70, 31, 94, 37, 73, 14, 66, 87, 43, 21, 56, 88, 10, 30, 93, 15, 91, 52, 82}
	},
	{
		{49, 31, 71, 20, 85, 63, 53, 21, 18, 25, 67, 80, 46, 93, 60, 35, 61, 78, 79, 89},
		{73, 56, 53, 21, 49, 96, 89, 99, 61, 51, 44, 43, 23, 74, 59, 54, 46, 40, 36, 74},
		{93, 66, 18, 81, 61, 90, 50, 19, 67, 52, 86, 66, 57, 81, 47, 49, 88, 98, 11, 31},
		{18, 55, 76, 67, 73, 81, 46, 19, 43, 38, 30, 26, 87, 16, 66, 76, 96, 95, 45, 39},
		{25, 87, 56, 42, 11, 34, 96, 67, 78, 85, 23, 77, 29, 82, 21, 26, 79, 35, 51, 85},
		{91, 17, 31, 46, 32, 58, 64, 60, 54, 94, 17, 57, 60, 31, 79, 82, 74, 41, 14, 63},
		{53, 24, 40, 66, 40, 81, 40, 88, 65, 30, 71, 72, 67, 73, 50, 12, 91, 98, 49, 97},
		{35, 68, 97, 15, 59, 43, 17, 35, 54, 80, 21, 65, 25, 94, 98, 55, 91, 28, 66, 57},
		{18, 33, 76, 80, 25, 29, 45, 54, 34, 62, 97, 95, 97, 56, 90, 43, 66, 20, 48, 46},
		{77, 33, 90, 70, 15, 63, 51, 13, 62, 95, 72, 52, 42, 66, 74, 76, 59, 93, 18, 36}
	},
	{
		{62, 12, 60, 50, 99, 28, 24, 63, 58, 23, 49, 28, 37, 78, 87, 34, 88, 98, 49, 38},
		{86, 24, 60, 63, 53, 32, 57, 19, 70, 66, 54, 32, 45, 28, 52, 87, 58, 94, 60, 65},
		{99, 68, 30, 49, 33, 70, 27, 81, 88, 41, 94, 95, 51, 65, 79, 97, 74, 60, 73, 73},
		{88, 24, 25, 13, 71, 54, 73, 16, 17, 50, 83, 48, 83, 97, 78, 22, 32, 23, 71, 81},
		{81, 11, 21, 33, 14, 65, 82, 33, 56, 14, 68, 94, 79, 92, 79, 58, 27, 90, 66, 65},
		{72, 61, 20, 75, 93, 50, 82, 52, 93, 77, 24, 67, 93, 77, 92, 20, 85, 37, 37, 47},
		{30, 44, 44, 51, 44, 30, 53, 32, 56, 58, 54, 92, 25, 68, 16, 29, 38, 98, 17, 28},
		{87, 27, 10, 71, 31, 97, 61, 75, 99, 38, 66, 88, 61, 10, 14, 52, 84, 51, 36, 16},
		{93, 20, 97, 50, 19, 56, 66, 91, 79, 88, 12, 52, 26, 43, 64, 75, 32, 23, 58, 69},
		{50, 73, 90, 68, 82, 71, 64, 69, 23, 13, 33, 41, 79, 44, 91, 74, 55, 75, 94, 16}
	},
	{
		{98, 99, 27, 25, 48, 53, 87, 82, 60, 81, 67, 90, 33, 38, 63, 43, 24, 30, 93, 79},
		{20, 27, 85, 32, 95, 57, 57, 99, 80, 86, 72, 21, 52, 16, 78, 83, 95, 84, 50, 28},
		{75, 20, 12, 40, 87, 78, 54, 72, 69, 14, 69, 33, 87, 77, 47, 66, 26, 56, 76, 66},
		{62, 68, 54, 87, 39, 95, 69, 12, 80, 24, 19, 79, 93, 81, 57, 27, 34, 11, 26, 84},
		{53, 58, 11, 35, 45, 57, 34, 60, 43, 92, 60, 46, 77, 79, 46, 96, 92, 97, 69, 36},
		{67, 27, 30, 35, 33, 32, 75, 99, 67, 66, 30, 67, 77, 89, 12, 79, 37, 12, 98, 16},
		{33, 44, 11, 57, 76, 46, 15, 80, 37, 50, 21, 18, 71, 34, 44, 69, 72, 80, 30, 10},
		{62, 60, 34, 38, 98, 31, 82, 51, 95, 46, 99, 15, 89, 69, 32, 13, 92, 83, 18, 70},
		{30, 10, 63, 91, 69, 95, 53, 52, 59, 61, 53, 76, 92, 51, 58, 34, 31, 28, 60, 16},
		{15, 43, 18, 19, 47, 92, 33, 86, 88, 23, 34, 16, 76, 38, 46, 41, 17, 37, 49, 39}
	},
	{
		{32, 84, 27, 37, 15, 60, 35, 92, 51, 16, 18, 89, 56, 88, 46, 61, 38, 54, 57, 34},
		{95, 45, 18, 34, 20, 99, 52, 66, 33, 73, 41, 41, 73, 82, 64, 89, 98, 58, 84, 46},
		{25, 15, 92, 92, 60, 15, 59, 74, 96, 35, 91, 10, 66, 91, 62, 36, 87, 22, 47, 79},
		{83, 85, 60, 88, 34, 45, 11, 50, 25, 71, 44, 22, 20, 58, 71, 19, 58, 89, 67, 50},
		{58, 22, 37, 80, 78, 85, 79, 59, 70, 79, 85, 21, 37, 12, 12, 60, 79, 68, 36, 86},
		{26, 28, 74, 48, 35, 75, 52, 34, 87, 65, 40, 29, 90, 45, 29, 75, 24, 87, 23, 74},
		{25, 94, 77, 63, 92, 32, 74, 40, 58, 59, 26, 93, 55, 20, 60, 55, 83, 87, 87, 20},
		{83, 44, 58, 97, 64, 80, 47, 85, 71, 47, 68, 24, 58, 57, 23, 26, 40, 63, 37, 55},
		{27, 47, 88, 64, 68, 66, 95, 92, 86, 47, 41, 91, 96, 99, 32, 59, 27, 81, 89, 42},
		{68, 78, 85, 33, 60, 63, 59, 68, 14, 61, 76, 36, 52, 30, 17, 68, 26, 58, 65, 33}
	},
	{
		{87, 63, 41, 55, 77, 23, 31, 21, 46, 10, 21, 97, 93, 92, 30, 18, 36, 45, 37, 19},
		{85, 24, 61, 69, 98, 87, 59, 72, 78, 93, 10, 57, 64, 73, 94, 99, 33, 76, 43, 57},
		{51, 98, 23, 88, 88, 85, 14, 53, 28, 24, 15, 28, 23, 63, 18, 45, 45, 95, 68, 57},
		{66, 86, 45, 37, 78, 25, 11, 27, 81, 60, 79, 67, 15, 88, 40, 44, 23, 93, 30, 32},
		{34, 27, 82, 55, 93, 65, 59, 20, 66, 70, 70, 88, 35, 49, 44, 69, 92, 65, 18, 29},
		{43, 36, 27, 81, 25, 90, 26, 78, 53, 73, 78, 17, 23, 56, 69, 75, 83, 36, 78, 90},
		{78, 97, 62, 75, 36, 30, 89, 61, 28, 50, 33, 65, 79, 10, 30, 66, 27, 84, 89, 38},
		{38, 92, 94, 19, 35, 67, 65, 39, 38, 79, 39, 10, 31, 80, 98, 56, 59, 62, 88, 10},
		{36, 45, 32, 59, 96, 35, 60, 49, 39, 34, 59, 77, 38, 40, 36, 85, 75, 69, 70, 13},
		{95, 22, 38, 65, 15, 78, 78, 42, 45, 89, 13, 51, 81, 59, 89, 28, 38, 77, 14, 77}
	},
	{
		{10, 36, 25, 62, 15, 48, 21, 76, 19, 13, 31, 78, 59, 21, 66, 93, 88, 89, 35, 68},
		{53, 44, 83, 61, 17, 15, 69, 11, 11, 88, 55, 99, 40, 38, 63, 35, 78, 88, 60, 89},
		{94, 95, 73, 57, 17, 14, 95, 35, 47, 33, 38, 22, 18, 42, 43, 48, 62, 94, 63, 40},
		{81, 25, 45, 40, 21, 31, 15, 99, 89, 20, 23, 78, 33, 21, 64, 54, 26, 31, 49, 57},
		{83, 69, 16, 17, 73, 83, 11, 57, 68, 95, 68, 41, 19, 33, 60, 20, 82, 27, 24, 77},
		{24, 80, 92, 72, 11, 58, 46, 66, 93, 71, 36, 28, 32, 55, 53, 60, 36, 90, 46, 40},
		{10, 87, 83, 74, 48, 60, 12, 91, 31, 22, 75, 44, 79, 19, 11, 65, 76, 94, 16, 43},
		{76, 99, 94, 34, 16, 12, 57, 17, 38, 92, 83, 15, 40, 18, 92, 80, 86, 15, 20, 26},
		{32, 24, 48, 32, 89, 29, 44, 68, 86, 62, 87, 24, 10, 69, 44, 56, 57, 11, 44, 62},
		{78, 47, 13, 69, 50, 11, 99, 65, 77, 59, 67, 57, 44, 76, 58, 41, 44, 94, 34, 20}
	},
	{
		{34, 83, 34, 27, 47, 91, 80, 57, 17, 60, 71, 99, 79, 17, 36, 13, 44, 15, 92, 46},
		{81, 11, 79, 56, 63, 88, 82, 39, 88, 85, 26, 96, 39, 91, 67, 85, 27, 52, 12, 13},
		{53, 43, 71, 80, 37, 93, 35, 52, 48, 76, 88, 36, 45, 88, 43, 95, 67, 54, 21, 28},
		{18, 64, 23, 58, 57, 49, 12, 33, 69, 85, 86, 59, 38, 21, 31, 85, 45, 86, 94, 54},
		{34, 44, 39, 12, 23, 36, 38, 85, 24, 26, 33, 89, 92, 72, 93, 21, 87, 59, 65, 37},
		{77, 83, 56, 43, 86, 95, 22, 82, 34, 47, 17, 13, 23, 15, 21, 29, 36, 35, 27, 46},
		{66, 21, 15, 48, 69, 49, 12, 84, 97, 59, 51, 41, 14, 97, 38, 94, 77, 40, 56, 40},
		{31, 91, 40, 45, 58, 16, 35, 58, 27, 93, 49, 53, 33, 74, 33, 62, 99, 97, 81, 72},
		{47, 22, 48, 20, 38, 52, 25, 74, 10, 98, 49, 10, 17, 33, 69, 12, 40, 76, 47, 69},
		{68, 32, 20, 62, 88, 41, 96, 88, 56, 89, 21, 13, 95, 52, 49, 69, 49, 86, 36, 80}
	},
	{
		{83, 92, 94, 26, 32, 14, 41, 75, 66, 56, 31, 89, 85, 89, 41, 19, 93, 28, 27, 28},
		{79, 33, 62, 12, 32, 67, 40, 12, 52, 26, 28, 62, 79, 56, 65, 82, 30, 10, 11, 79},
		{82, 51, 92, 42, 92, 88, 83, 12, 35, 66, 39, 40, 43, 70, 22, 16, 78, 80, 51, 95},
		{16, 69, 78, 45, 19, 90, 64, 87, 65, 81, 85, 97, 36, 34, 82, 87, 78, 51, 71, 17},
		{29, 95, 98, 85, 88, 47, 71, 98, 16, 20, 57, 31, 55, 36, 38, 54, 93, 55, 53, 75},
		{50, 35, 82, 59, 55, 47, 36, 22, 59, 42, 97, 90, 10, 63, 68, 97, 34, 93, 22, 78},
		{42, 86, 63, 65, 62, 65, 86, 98, 42, 13, 61, 24, 84, 54, 25, 86, 18, 22, 44, 42},
		{17, 67, 43, 88, 92, 33, 17, 20, 10, 52, 10, 53, 37, 26, 55, 57, 69, 20, 51, 15},
		{52, 45, 48, 51, 52, 85, 49, 72, 52, 16, 85, 20, 43, 82, 43, 60, 42, 33, 95, 66},
		{74, 12, 58, 17, 48, 47, 92, 99, 68, 54, 60, 72, 37, 98, 59, 27, 88, 12, 52, 35}
	},
	{
		{76, 41, 66, 90, 28, 59, 56, 42, 27, 60, 49, 32, 94, 95, 22, 59, 38, 38, 51, 42},
		{67, 72, 66, 90, 73, 58, 76, 86, 19, 57, 11, 32, 45, 97, 62, 90, 97, 18, 37, 94},
		{40, 87, 48, 87, 84, 11, 59, 13, 90, 46, 64, 25, 84, 36, 56, 99, 68, 41, 77, 91},
		{18, 95, 65, 86, 46, 67, 37, 93, 90, 30, 67, 13, 93, 50, 74, 52, 45, 11, 52, 79},
		{64, 21, 72, 78, 63, 62, 11, 43, 27, 92, 45, 86, 42, 50, 56, 82, 12, 18, 45, 41},
		{46, 34, 87, 96, 38, 82, 45, 45, 15, 36, 66, 36, 33, 51, 12, 84, 26, 79, 72, 73},
		{53, 78, 20, 94, 65, 62, 92, 68, 80, 11, 88, 28, 74, 42, 49, 77, 27, 33, 46, 78},
		{81, 29, 95, 62, 68, 40, 96, 15, 49, 54, 30, 54, 64, 54, 99, 52, 57, 56, 78, 65},
		{51, 29, 98, 57, 78, 52, 25, 45, 56, 26, 93, 32, 55, 18, 98, 14, 74, 77, 19, 72},
		{38, 90, 16, 81, 92, 84, 50, 66, 22, 27, 87, 72, 10, 84, 39, 46, 17, 48, 33, 75}
	}
}