alpha=0.2
gamma=0.6
selection_rate=1
max_gen=2000
job_num=20
machine_num=20
pop_size=100
Threshold=4030
scenario_num=20
{
	{
		{87, 65, 76, 33, 28, 16, 58, 19, 55, 73, 61, 74, 81, 38, 24, 41, 65, 82, 49, 78},
		{29, 87, 68, 84, 86, 68, 39, 88, 61, 11, 99, 60, 90, 41, 36, 65, 44, 99, 43, 28},
		{11, 83, 29, 98, 46, 51, 23, 97, 82, 53, 31, 20, 41, 68, 38, 14, 92, 11, 57, 74},
		{29, 32, 19, 26, 59, 60, 57, 73, 79, 65, 79, 16, 25, 99, 31, 95, 85, 82, 11, 50},
		{83, 15, 36, 31, 83, 45, 60, 76, 97, 64, 16, 90, 45, 51, 99, 55, 42, 87, 92, 90},
		{83, 51, 29, 56, 71, 24, 54, 64, 67, 24, 82, 22, 44, 13, 89, 96, 59, 53, 11, 65},
		{16, 77, 81, 91, 67, 50, 45, 15, 69, 26, 75, 47, 55, 79, 93, 46, 77, 69, 14, 28},
		{78, 88, 50, 15, 87, 21, 95, 88, 73, 29, 12, 84, 51, 45, 88, 87, 46, 32, 55, 52},
		{91, 49, 52, 85, 85, 42, 49, 67, 96, 38, 83, 78, 97, 18, 39, 47, 94, 82, 12, 17},
		{34, 90, 58, 24, 97, 83, 19, 25, 92, 36, 38, 14, 26, 58, 58, 78, 24, 49, 73, 59},
		{96, 29, 32, 69, 14, 89, 72, 60, 50, 70, 11, 17, 26, 50, 39, 92, 14, 71, 88, 25},
		{20, 75, 14, 77, 49, 37, 80, 20, 84, 86, 30, 52, 50, 51, 47, 83, 49, 94, 40, 59},
		{32, 85, 26, 42, 93, 75, 41, 47, 57, 24, 27, 54, 39, 91, 89, 13, 62, 97, 37, 34},
		{63, 10, 14, 65, 43, 66, 29, 47, 39, 77, 83, 11, 61, 16, 82, 60, 15, 96, 17, 96},
		{78, 78, 86, 32, 54, 94, 22, 22, 11, 42, 82, 12, 11, 24, 28, 10, 89, 61, 60, 78},
		{73, 59, 18, 32, 95, 98, 51, 31, 92, 46, 14, 39, 72, 73, 39, 14, 10, 94, 51, 13},
		{42, 39, 15, 95, 42, 57, 30, 20, 74, 88, 24, 70, 40, 26, 26, 37, 16, 24, 16, 53},
		{84, 96, 82, 92, 58, 49, 93, 99, 92, 75, 39, 67, 30, 58, 72, 53, 52, 48, 22, 75},
		{22, 97, 69, 12, 68, 18, 47, 18, 83, 96, 27, 74, 56, 21, 35, 72, 46, 14, 37, 35},
		{70, 98, 16, 70, 35, 78, 50, 32, 35, 37, 44, 66, 17, 36, 33, 10, 95, 43, 86, 24}
	},
	{
		{73, 69, 37, 97, 63, 87, 39, 70, 68, 78, 97, 93, 69, 58, 16, 74, 39, 35, 62, 58},
		{28, 64, 79, 86, 10, 46, 20, 25, 96, 75, 98, 73, 15, 86, 94, 46, 25, 17, 69, 38},
		{64, 76, 47, 88, 32, 40, 50, 91, 61, 54, 30, 30, 56, 54, 17, 44, 74, 83, 16, 47},
		{91, 24, 13, 44, 61, 63, 30, 91, 23, 13, 66, 67, 39, 40, 97, 43, 85, 85, 75, 81},
		{97, 81, 95, 13, 51, 91, 41, 26, 64, 38, 28, 37, 16, 72, 56, 19, 72, 73, 74, 15},
		{14, 98, 46, 87, 55, 34, 11, 78, 79, 44, 17, 55, 72, 73, 39, 68, 51, 97, 39, 89},
		{29, 67, 52, 31, 68, 18, 37, 16, 12, 85, 78, 82, 80, 12, 20, 48, 77, 15, 55, 41},
		{69, 42, 56, 82, 25, 19, 17, 93, 78, 31, 75, 32, 80, 62, 15, 85, 93, 75, 89, 52},
		{16, 65, 69, 49, 82, 10, 34, 59, 44, 47, 92, 28, 86, 72, 92, 70, 42, 60, 16, 72},
		{72, 56, 52, 72, 97, 13, 13, 90, 68, 97, 87, 34, 95, 98, 74, 89, 18, 80, 92, 26},
		{39, 21, 77, 69, 92, 27, 70, 55, 93, 79, 88, 52, 85, 37, 89, 64, 92, 97, 19, 60},
		{47, 34, 17, 98, 81, 96, 53, 31, 30, 54, 31, 54, 93, 96, 77, 84, 68, 89, 28, 34},
		{38, 75, 73, 82, 73, 67, 89, 29, 65, 11, 50, 73, 48, 91, 56, 85, 14, 50, 14, 70},
		{83, 49, 90, 48, 39, 10, 56, 86, 22, 66, 85, 28, 14, 37, 31, 30, 14, 86, 11, 77},
		{66, 33, 70, 80, 26, 30, 26, 80, 54, 50, 43, 16, 35, 87, 53, 88, 36, 87, 32, 24},
		{50, 96, 68, 51, 93, 54, 90, 20, 10, 22, 67, 51, 31, 63, 72, 16, 45, 77, 67, 72},
		{78, 75, 72, 20, 13, 25, 37, 70, 28, 59, 27, 47, 47, 35, 38, 50, 98, 75, 89, 87},
		{70, 73, 17, 23, 16, 47, 38, 31, 79, 60, 79, 31, 78, 25, 72, 87, 31, 31, 30, 48},
		{56, 42, 22, 48, 78, 42, 56, 97, 92, 44, 85, 89, 32, 85, 27, 60, 65, 27, 15, 78},
		{45, 15, 17, 86, 97, 16, 13, 39, 86, 32, 64, 92, 13, 47, 53, 83, 38, 86, 46, 88}
	},
	{
		{71, 70, 38, 70, 32, 24, 77, 67, 96, 61, 49, 37, 35, 44, 17, 97, 36, 94, 75, 47},
		{97, 24, 36, 74, 56, 70, 92, 70, 90, 84, 70, 18, 79, 41, 47, 89, 83, 17, 98, 11},
		{94, 28, 48, 38, 51, 40, 59, 66, 25, 81, 21, 13, 10, 35, 31, 33, 96, 18, 87, 41},
		{64, 38, 92, 10, 76, 39, 12, 63, 90, 69, 61, 61, 94, 60, 27, 40, 74, 44, 53, 69},
		{33, 37, 41, 94, 12, 30, 29, 63, 10, 34, 46, 50, 98, 93, 90, 48, 53, 46, 62, 64},
		{67, 29, 95, 68, 34, 64, 91, 27, 88, 21, 47, 15, 51, 61, 77, 91, 73, 99, 80, 81},
		{30, 92, 45, 73, 49, 41, 70, 81, 63, 76, 75, 63, 71, 67, 72, 13, 81, 87, 59, 78},
		{41, 43, 65, 99, 98, 53, 34, 10, 32, 47, 39, 74, 38, 25, 73, 42, 74, 77, 79, 72},
		{88, 96, 82, 20, 16, 86, 98, 87, 93, 67, 82, 25, 67, 84, 32, 85, 37, 45, 77, 64},
		{59, 95, 52, 93, 68, 84, 38, 18, 67, 29, 91, 53, 50, 10, 73, 73, 88, 28, 37, 31},
		{81, 78, 42, 67, 62, 67, 30, 14, 92, 35, 98, 77, 33, 48, 18, 40, 48, 76, 73, 58},
		{54, 98, 58, 71, 28, 76, 53, 17, 96, 70, 39, 42, 42, 36, 35, 79, 68, 43, 59, 25},
		{65, 61, 58, 33, 46, 66, 77, 74, 11, 72, 30, 95, 33, 36, 20, 90, 92, 51, 96, 94},
		{46, 13, 54, 24, 58, 73, 68, 17, 87, 72, 93, 23, 84, 71, 54, 37, 25, 90, 62, 56},
		{36, 99, 37, 81, 58, 36, 62, 48, 49, 39, 62, 89, 62, 85, 37, 68, 33, 17, 89, 75},
		{32, 18, 44, 85, 38, 99, 20, 31, 79, 96, 40, 72, 20, 90, 77, 38, 37, 85, 26, 47},
		{38, 14, 47, 76, 41, 42, 63, 38, 38, 11, 38, 39, 76, 95, 59, 90, 99, 77, 11, 34},
		{63, 85, 57, 54, 17, 50, 69, 23, 48, 34, 56, 30, 72, 81, 54, 97, 39, 52, 37, 47},
		{17, 41, 66, 20, 66, 81, 65, 43, 66, 26, 28, 69, 72, 85, 32, 97, 46, 34, 21, 59},
		{61, 19, 93, 45, 89, 58, 93, 93, 60, 84, 13, 43, 18, 73, 51, 44, 72, 43, 72, 63}
	},
	{
		{88, 75, 51, 71, 33, 67, 58, 54, 23, 60, 75, 59, 76, 99, 56, 29, 94, 93, 25, 99},
		{56, 30, 32, 75, 66, 56, 94, 73, 55, 57, 32, 95, 30, 58, 95, 63, 43, 95, 79, 94},
		{68, 68, 59, 34, 36, 39, 29, 87, 23, 89, 79, 94, 89, 56, 52, 13, 31, 28, 23, 36},
		{60, 20, 69, 18, 12, 13, 20, 17, 94, 67, 81, 60, 18, 55, 14, 42, 58, 30, 41, 62},
		{69, 16, 57, 43, 22, 59, 60, 60, 64, 66, 97, 11, 94, 26, 40, 47, 47, 31, 16, 79},
		{88, 72, 10, 51, 41, 65, 32, 35, 11, 19, 87, 45, 49, 49, 86, 70, 79, 36, 11, 59},
		{78, 23, 97, 48, 56, 59, 13, 31, 81, 32, 53, 64, 83, 12, 50, 31, 68, 56, 66, 31},
		{33, 44, 14, 73, 70, 47, 17, 77, 45, 91, 64, 80, 16, 86, 10, 71, 84, 44, 63, 73},
		{85, 64, 22, 46, 83, 95, 42, 57, 58, 81, 58, 19, 38, 74, 93, 64, 36, 19, 17, 28},
		{88, 65, 22, 26, 54, 38, 20, 65, 76, 52, 47, 80, 53, 17, 77, 45, 23, 75, 21, 80},
		{80, 45, 35, 46, 46, 55, 41, 99, 39, 59, 81, 55, 48, 62, 49, 17, 16, 73, 69, 19},
		{84, 67, 30, 41, 17, 37, 67, 57, 63, 24, 86, 95, 83, 55, 31, 80, 94, 35, 14, 35},
		{80, 25, 11, 92, 82, 67, 56, 45, 78, 53, 67, 78, 43, 88, 62, 36, 43, 18, 73, 19},
		{19, 11, 94, 62, 25, 51, 14, 20, 74, 47, 89, 70, 15, 14, 44, 32, 78, 89, 21, 69},
		{78, 39, 97, 42, 47, 60, 31, 64, 49, 57, 16, 92, 47, 71, 74, 85, 60, 42, 16, 89},
		{65, 60, 74, 83, 48, 60, 20, 60, 94, 86, 82, 56, 44, 18, 12, 81, 54, 38, 59, 58},
		{44, 48, 71, 24, 73, 48, 31, 58, 93, 63, 95, 39, 10, 54, 34, 32, 54, 87, 25, 72},
		{10, 83, 64, 19, 28, 45, 92, 86, 97, 50, 20, 90, 90, 23, 73, 22, 32, 96, 73, 46},
		{11, 54, 76, 16, 38, 19, 84, 49, 35, 78, 94, 98, 88, 97, 77, 25, 36, 96, 95, 43},
		{30, 78, 88, 27, 70, 64, 33, 17, 56, 52, 35, 33, 91, 27, 86, 65, 51, 52, 90, 92}
	},
	{
		{53, 99, 17, 55, 48, 25, 21, 15, 18, 46, 58, 82, 58, 91, 36, 84, 78, 35, 21, 44},
		{54, 87, 60, 19, 24, 57, 93, 83, 51, 67, 49, 32, 27, 64, 39, 68, 19, 16, 76, 89},
		{75, 41, 26, 19, 45, 97, 75, 12, 85, 95, 74, 89, 39, 95, 83, 49, 55, 66, 46, 57},
		{48, 27, 50, 41, 18, 26, 63, 79, 71, 61, 54, 16, 96, 34, 93, 17, 49, 71, 43, 64},
		{14, 84, 48, 43, 88, 70, 55, 49, 99, 23, 85, 16, 32, 74, 35, 42, 47, 58, 66, 95},
		{48, 65, 40, 39, 21, 86, 24, 60, 57, 49, 87, 95, 25, 71, 57, 82, 55, 95, 61, 71},
		{59, 98, 25, 17, 46, 20, 45, 79, 40, 93, 98, 46, 89, 12, 99, 15, 22, 17, 41, 53},
		{59, 75, 94, 87, 84, 12, 79, 88, 41, 49, 77, 12, 61, 15, 77, 68, 64, 26, 98, 33},
		{41, 15, 21, 45, 26, 64, 54, 26, 44, 27, 32, 70, 21, 38, 56, 40, 83, 95, 24, 22},
		{79, 47, 91, 25, 66, 20, 97, 64, 39, 54, 80, 55, 47, 23, 10, 87, 19, 56, 93, 16},
		{87, 52, 88, 13, 54, 22, 91, 65, 18, 25, 74, 87, 87, 52, 82, 85, 95, 95, 56, 99},
		{69, 35, 10, 32, 81, 20, 54, 57, 10, 91, 60, 28, 67, 78, 39, 79, 97, 84, 14, 31},
		{15, 23, 25, 61, 60, 18, 16, 65, 14, 22, 62, 41, 47, 48, 73, 25, 44, 75, 16, 96},
		{89, 17, 95, 43, 28, 45, 31, 74, 81, 36, 94, 41, 11, 55, 25, 94, 81, 36, 21, 30},
		{33, 34, 83, 22, 81, 78, 21, 48, 65, 66, 36, 24, 65, 83, 23, 39, 80, 22, 17, 54},
		{57, 43, 99, 57, 53, 48, 96, 37, 24, 37, 19, 33, 74, 12, 84, 35, 15, 97, 54, 30},
		{12, 42, 59, 59, 96, 30, 24, 67, 22, 44, 29, 78, 30, 83, 72, 23, 28, 22, 32, 31},
		{89, 15, 66, 25, 87, 15, 85, 87, 29, 27, 60, 53, 99, 68, 83, 51, 76, 78, 42, 94},
		{98, 13, 44, 15, 39, 52, 90, 58, 14, 72, 49, 38, 47, 53, 43, 28, 64, 41, 83, 16},
		{36, 89, 43, 82, 99, 54, 67, 79, 13, 10, 34, 53, 82, 93, 74, 78, 54, 99, 44, 81}
	},
	{
		{86, 29, 85, 79, 37, 74, 47, 53, 22, 85, 25, 58, 27, 38, 30, 16, 85, 25, 27, 89},
		{21, 21, 60, 42, 52, 42, 16, 90, 50, 68, 18, 70, 35, 34, 52, 65, 67, 91, 11, 15},
		{20, 27, 53, 22, 94, 13, 36, 26, 84, 66, 74, 42, 96, 32, 22, 23, 93, 15, 18, 98},
		{30, 77, 33, 40, 63, 33, 58, 15, 90, 17, 37, 30, 79, 52, 28, 23, 28, 36, 85, 79},
		{35, 79, 46, 94, 61, 96, 41, 58, 63, 11, 39, 96, 42, 79, 33, 97, 37, 24, 75, 56},
		{77, 84, 96, 71, 31, 35, 23, 88, 42, 24, 43, 56, 72, 93, 19, 50, 33, 90, 42, 98},
		{41, 92, 29, 55, 41, 77, 21, 69, 35, 24, 49, 64, 13, 48, 13, 77, 19, 78, 67, 28},
		{44, 96, 20, 64, 25, 50, 12, 47, 98, 45, 12, 77, 35, 48, 41, 32, 17, 84, 52, 80},
		{52, 14, 33, 76, 30, 50, 11, 49, 32, 91, 40, 98, 32, 55, 93, 68, 76, 66, 96, 13},
		{77, 54, 20, 96, 96, 22, 13, 53, 87, 76, 23, 32, 56, 87, 15, 18, 66, 14, 39, 38},
		{55, 41, 91, 98, 25, 57, 50, 73, 77, 82, 24, 51, 69, 29, 58, 79, 19, 15, 22, 43},
		{56, 81, 57, 24, 34, 74, 10, 48, 82, 25, 54, 66, 44, 86, 97, 56, 55, 41, 51, 22},
		{53, 39, 61, 12, 79, 26, 30, 47, 39, 97, 81, 42, 82, 52, 89, 28, 96, 51, 79, 28},
		{81, 75, 69, 73, 75, 41, 18, 62, 48, 27, 58, 49, 62, 63, 82, 63, 40, 82, 97, 68},
		{11, 38, 16, 92, 61, 14, 38, 69, 55, 13, 49, 46, 81, 51, 23, 38, 35, 66, 63, 78},
		{47, 27, 90, 70, 83, 51, 12, 22, 52, 88, 13, 17, 83, 31, 14, 52, 23, 99, 95, 60},
		{57, 97, 48, 52, 66, 55, 41, 66, 10, 59, 55, 58, 80, 30, 24, 62, 76, 21, 80, 83},
		{18, 15, 95, 27, 40, 63, 68, 71, 46, 17, 12, 37, 43, 40, 42, 54, 47, 24, 81, 16},
		{10, 90, 41, 95, 42, 32, 33, 82, 32, 21, 87, 25, 60, 42, 90, 57, 91, 89, 96, 12},
		{40, 14, 64, 79, 57, 25, 86, 63, 38, 16, 23, 61, 76, 16, 96, 22, 85, 68, 47, 76}
	},
	{
		{53, 81, 35, 78, 70, 43, 72, 20, 57, 80, 65, 43, 51, 90, 59, 51, 22, 31, 97, 51},
		{34, 59, 14, 50, 11, 10, 53, 51, 78, 97, 39, 28, 74, 49, 21, 84, 31, 17, 48, 27},
		{12, 24, 46, 90, 64, 37, 44, 48, 61, 89, 83, 21, 25, 91, 28, 37, 21, 48, 80, 34},
		{53, 55, 94, 48, 19, 11, 36, 82, 83, 92, 59, 71, 91, 91, 71, 22, 17, 59, 47, 90},
		{11, 47, 14, 60, 18, 81, 10, 71, 63, 84, 33, 87, 73, 70, 90, 37, 28, 68, 28, 69},
		{15, 99, 70, 94, 78, 37, 23, 55, 71, 22, 43, 35, 49, 10, 34, 54, 28, 46, 49, 11},
		{26, 13, 26, 25, 37, 87, 46, 28, 89, 94, 81, 11, 73, 88, 55, 34, 60, 22, 50, 79},
		{69, 12, 50, 73, 60, 92, 44, 23, 96, 11, 39, 83, 84, 61, 18, 39, 35, 30, 60, 10},
		{43, 55, 62, 12, 32, 90, 12, 15, 28, 20, 98, 56, 25, 42, 79, 87, 58, 45, 51, 58},
		{76, 60, 94, 32, 26, 16, 36, 12, 23, 63, 68, 51, 41, 36, 67, 90, 88, 73, 38, 64},
		{94, 15, 81, 33, 43, 91, 93, 59, 29, 85, 35, 93, 35, 12, 27, 43, 31, 79, 29, 73},
		{54, 97, 31, 81, 42, 80, 26, 47, 83, 52, 92, 37, 37, 46, 66, 68, 35, 88, 65, 68},
		{83, 18, 92, 36, 98, 12, 10, 18, 58, 53, 83, 15, 87, 19, 14, 39, 13, 28, 40, 21},
		{92, 80, 88, 47, 13, 43, 12, 31, 73, 95, 76, 27, 82, 99, 92, 69, 16, 58, 47, 61},
		{15, 70, 74, 50, 86, 43, 83, 26, 76, 43, 50, 85, 31, 49, 92, 26, 24, 86, 92, 80},
		{19, 66, 93, 15, 75, 18, 71, 69, 61, 17, 68, 99, 83, 74, 28, 33, 29, 27, 15, 23},
		{95, 25, 69, 29, 32, 38, 14, 49, 92, 94, 77, 15, 78, 99, 46, 48, 90, 81, 14, 89},
		{65, 51, 10, 55, 82, 76, 62, 61, 64, 88, 28, 30, 81, 85, 44, 64, 52, 85, 13, 51},
		{20, 66, 59, 70, 97, 91, 35, 53, 46, 90, 95, 14, 52, 47, 54, 66, 24, 76, 70, 79},
		{52, 16, 26, 13, 32, 86, 54, 28, 21, 36, 47, 35, 92, 84, 91, 51, 50, 90, 27, 71}
	},
	{
		{12, 79, 37, 40, 61, 67, 61, 42, 72, 45, 88, 48, 12, 62, 83, 58, 92, 12, 61, 15},
		{37, 97, 39, 37, 57, 57, 47, 79, 34, 11, 16, 33, 45, 76, 85, 53, 13, 60, 69, 33},
		{66, 66, 38, 61, 80, 42, 68, 94, 42, 53, 55, 36, 66, 88, 42, 94, 37, 34, 63, 58},
		{79, 73, 64, 61, 73, 16, 39, 50, 66, 13, 79, 65, 18, 92, 45, 37, 79, 93, 97, 83},
		{52, 68, 61, 40, 32, 51, 20, 68, 38, 32, 66, 24, 45, 95, 60, 20, 50, 83, 98, 10},
		{39, 12, 19, 19, 76, 84, 63, 68, 95, 96, 29, 47, 32, 93, 21, 55, 86, 19, 36, 65},
		{22, 76, 34, 77, 70, 68, 75, 70, 33, 14, 46, 48, 99, 16, 19, 34, 59, 47, 32, 43},
		{55, 47, 31, 60, 96, 21, 43, 73, 51, 60, 87, 74, 91, 47, 77, 62, 11, 16, 71, 44},
		{11, 53, 29, 24, 96, 61, 77, 39, 80, 20, 34, 61, 46, 70, 26, 48, 56, 24, 90, 29},
		{59, 89, 82, 23, 57, 12, 13, 46, 39, 68, 58, 81, 18, 91, 96, 29, 21, 51, 29, 82},
		{15, 87, 35, 24, 51, 20, 53, 63, 81, 88, 65, 97, 25, 91, 97, 57, 87, 21, 20, 35},
		{93, 18, 14, 65, 77, 40, 52, 38, 67, 81, 86, 37, 51, 58, 42, 99, 23, 60, 27, 23},
		{89, 68, 99, 69, 63, 82, 23, 12, 88, 17, 73, 56, 45, 74, 39, 77, 94, 16, 71, 84},
		{25, 35, 48, 93, 58, 79, 80, 66, 47, 11, 12, 29, 78, 97, 55, 52, 35, 60, 47, 14},
		{64, 21, 86, 44, 70, 13, 72, 62, 42, 90, 75, 42, 27, 42, 31, 21, 23, 36, 95, 96},
		{54, 21, 51, 34, 72, 20, 28, 79, 78, 76, 78, 70, 17, 85, 41, 55, 60, 32, 40, 62},
		{84, 50, 26, 38, 48, 35, 50, 89, 85, 62, 40, 23, 35, 39, 38, 69, 72, 11, 25, 46},
		{99, 90, 47, 65, 62, 24, 85, 35, 53, 62, 59, 56, 45, 57, 45, 21, 68, 82, 15, 66},
		{78, 92, 18, 21, 30, 11, 64, 35, 70, 93, 37, 93, 28, 94, 71, 29, 22, 80, 44, 83},
		{64, 45, 46, 80, 13, 23, 42, 64, 94, 15, 12, 98, 51, 97, 32, 63, 44, 53, 59, 17}
	},
	{
		{25, 37, 32, 22, 29, 23, 59, 44, 86, 77, 37, 36, 82, 78, 81, 63, 18, 67, 79, 63},
		{64, 50, 44, 51, 56, 42, 26, 76, 95, 40, 65, 48, 45, 18, 98, 88, 59, 43, 49, 84},
		{42, 66, 33, 21, 22, 60, 94, 18, 39, 67, 34, 68, 81, 87, 71, 31, 13, 19, 55, 90},
		{60, 59, 43, 31, 83, 51, 16, 75, 60, 82, 62, 76, 24, 85, 64, 43, 32, 75, 15, 65},
		{97, 45, 73, 30, 87, 54, 88, 71, 68, 43, 18, 21, 65, 19, 40, 32, 65, 81, 64, 36},
		{86, 44, 88, 98, 93, 58, 99, 69, 18, 94, 26, 15, 53, 56, 93, 27, 77, 98, 10, 46},
		{68, 55, 98, 19, 65, 12, 76, 18, 76, 40, 37, 23, 65, 24, 83, 95, 53, 86, 57, 12},
		{30, 54, 58, 23, 90, 41, 59, 22, 15, 97, 39, 26, 83, 88, 53, 57, 89, 60, 96, 92},
		{25, 68, 26, 87, 53, 14, 59, 77, 34, 32, 35, 50, 47, 39, 54, 18, 99, 16, 37, 10},
		{47, 61, 53, 62, 71, 23, 49, 20, 60, 37, 69, 66, 45, 71, 36, 88, 30, 31, 87, 17},
		{32, 75, 92, 45, 50, 90, 52, 26, 38, 69, 19, 78, 11, 24, 77, 73, 51, 11, 54, 26},
		{44, 33, 33, 76, 14, 82, 62, 25, 39, 24, 64, 36, 80, 83, 18, 41, 63, 36, 66, 45},
		{34, 30, 85, 91, 81, 60, 52, 56, 42, 27, 41, 64, 51, 77, 65, 63, 15, 44, 54, 60},
		{83, 24, 60, 43, 87, 11, 77, 33, 18, 45, 93, 34, 64, 53, 13, 67, 73, 52, 21, 79},
		{51, 87, 93, 36, 55, 41, 46, 44, 58, 74, 77, 97, 77, 48, 88, 69, 94, 70, 17, 59},
		{78, 76, 49, 32, 15, 98, 44, 14, 97, 37, 24, 11, 29, 88, 84, 99, 89, 65, 53, 20},
		{37, 94, 12, 44, 85, 42, 15, 92, 89, 44, 95, 54, 60, 56, 79, 56, 82, 79, 72, 21},
		{61, 72, 67, 38, 43, 31, 58, 50, 41, 39, 94, 16, 14, 39, 45, 78, 34, 90, 38, 98},
		{16, 74, 97, 83, 13, 45, 23, 83, 21, 76, 62, 31, 18, 53, 90, 20, 70, 44, 68, 98},
		{22, 14, 87, 57, 94, 37, 95, 35, 22, 51, 63, 80, 16, 23, 58, 58, 44, 54, 51, 99}
	},
	{
		{79, 51, 43, 35, 35, 65, 78, 93, 12, 24, 12, 10, 44, 65, 68, 15, 23, 36, 52, 35},
		{67, 91, 10, 26, 64, 85, 14, 18, 81, 23, 67, 51, 29, 41, 38, 12, 39, 40, 19, 39},
		{99, 82, 96, 14, 37, 40, 38, 37, 33, 29, 14, 46, 21, 10, 81, 53, 26, 62, 47, 84},
		{18, 11, 67, 65, 48, 32, 51, 18, 13, 86, 94, 80, 94, 38, 81, 66, 77, 78, 63, 67},
		{29, 17, 28, 60, 48, 65, 27, 65, 49, 52, 86, 52, 40, 98, 97, 49, 42, 78, 29, 87},
		{74, 67, 52, 98, 86, 47, 50, 35, 11, 93, 52, 29, 30, 57, 59, 94, 46, 92, 34, 65},
		{18, 86, 66, 33, 75, 70, 66, 94, 22, 56, 45, 13, 51, 34, 84, 46, 67, 20, 52, 74},
		{45, 51, 61, 74, 96, 12, 86, 79, 39, 85, 26, 37, 59, 79, 87, 73, 28, 61, 69, 94},
		{15, 69, 31, 71, 95, 28, 47, 65, 42, 33, 24, 40, 83, 34, 53, 12, 14, 52, 93, 23},
		{31, 73, 10, 29, 48, 12, 26, 55, 52, 60, 66, 14, 95, 56, 63, 84, 53, 93, 85, 56},
		{99, 48, 93, 13, 58, 69, 29, 62, 48, 14, 14, 50, 21, 58, 61, 58, 30, 98, 16, 92},
		{20, 24, 62, 63, 50, 87, 35, 11, 22, 29, 81, 65, 40, 34, 78, 91, 19, 39, 41, 91},
		{95, 31, 55, 32, 76, 23, 68, 27, 10, 18, 39, 31, 39, 97, 58, 12, 35, 49, 22, 43},
		{20, 40, 30, 60, 45, 34, 67, 20, 38, 34, 72, 66, 43, 10, 52, 76, 46, 47, 16, 83},
		{53, 73, 20, 30, 26, 32, 39, 22, 61, 16, 32, 15, 69, 11, 14, 32, 63, 37, 26, 55},
		{30, 62, 54, 74, 80, 95, 52, 66, 50, 87, 67, 82, 67, 56, 10, 87, 61, 86, 14, 53},
		{35, 43, 51, 12, 89, 28, 84, 20, 51, 35, 76, 69, 43, 96, 66, 91, 44, 98, 94, 56},
		{38, 47, 14, 74, 12, 99, 29, 17, 55, 15, 18, 58, 15, 80, 59, 35, 94, 28, 40, 30},
		{79, 28, 65, 47, 10, 47, 26, 12, 94, 31, 47, 44, 38, 29, 96, 54, 33, 27, 73, 51},
		{35, 34, 15, 77, 91, 38, 44, 60, 43, 29, 62, 41, 27, 41, 42, 48, 12, 13, 32, 68}
	},
	{
		{75, 18, 89, 59, 28, 64, 11, 86, 83, 29, 19, 49, 75, 48, 87, 27, 83, 95, 95, 23},
		{92, 86, 21, 73, 48, 80, 29, 65, 93, 28, 89, 58, 42, 52, 71, 87, 87, 88, 12, 14},
		{80, 91, 53, 49, 92, 93, 75, 42, 65, 74, 68, 92, 92, 94, 59, 76, 72, 27, 86, 63},
		{40, 92, 43, 71, 24, 18, 91, 29, 76, 92, 90, 76, 94, 73, 19, 70, 78, 40, 73, 71},
		{82, 24, 18, 31, 28, 55, 52, 25, 39, 43, 80, 94, 27, 29, 17, 33, 64, 32, 94, 66},
		{88, 65, 49, 99, 66, 12, 97, 37, 57, 65, 97, 78, 35, 45, 86, 53, 55, 30, 17, 19},
		{77, 64, 27, 55, 49, 28, 12, 26, 46, 98, 11, 13, 23, 32, 76, 65, 86, 35, 17, 78},
		{86, 42, 15, 58, 23, 17, 67, 12, 78, 34, 30, 82, 39, 45, 64, 63, 71, 25, 91, 99},
		{81, 67, 38, 41, 11, 29, 49, 33, 27, 12, 66, 10, 61, 46, 18, 27, 48, 14, 90, 57},
		{32, 86, 18, 18, 72, 69, 21, 89, 73, 66, 23, 69, 36, 86, 14, 19, 63, 99, 41, 90},
		{70, 70, 46, 46, 82, 78, 25, 39, 17, 49, 56, 98, 17, 66, 56, 45, 65, 54, 69, 83},
		{31, 70, 39, 10, 25, 90, 94, 32, 83, 42, 85, 59, 39, 33, 98, 74, 64, 33, 78, 10},
		{42, 64, 97, 97, 38, 59, 68, 14, 40, 58, 22, 81, 15, 77, 43, 36, 47, 56, 24, 25},
		{82, 57, 50, 50, 70, 38, 80, 50, 10, 79, 98, 64, 47, 93, 88, 11, 28, 70, 78, 90},
		{54, 69, 49, 67, 80, 97, 49, 13, 82, 22, 39, 49, 34, 18, 13, 65, 73, 51, 53, 61},
		{64, 15, 13, 37, 84, 70, 20, 84, 46, 45, 17, 36, 42, 98, 16, 81, 84, 28, 65, 11},
		{53, 85, 54, 51, 37, 86, 27, 52, 53, 91, 74, 84, 76, 58, 19, 95, 93, 83, 64, 21},
		{41, 78, 31, 85, 81, 86, 64, 33, 48, 29, 21, 23, 94, 15, 25, 44, 58, 32, 91, 82},
		{99, 48, 54, 22, 51, 62, 95, 86, 89, 50, 84, 95, 52, 62, 76, 76, 90, 18, 14, 49},
		{35, 91, 18, 84, 79, 98, 13, 20, 38, 43, 43, 38, 13, 68, 98, 37, 14, 45, 17, 68}
	},
	{
		{45, 27, 54, 31, 69, 37, 97, 43, 79, 54, 45, 13, 61, 15, 56, 70, 69, 86, 57, 35},
		{40, 40, 26, 93, 59, 58, 33, 63, 61, 17, 50, 63, 84, 70, 83, 96, 51, 54, 74, 93},
		{49, 46, 79, 77, 42, 41, 95, 75, 18, 31, 87, 26, 25, 61, 35, 13, 56, 48, 31, 81},
		{28, 81, 80, 51, 69, 27, 67, 25, 52, 25, 66, 39, 86, 62, 15, 69, 73, 49, 86, 31},
		{79, 88, 64, 83, 13, 68, 32, 68, 28, 42, 37, 16, 99, 72, 51, 74, 94, 64, 18, 22},
		{78, 83, 96, 88, 96, 25, 26, 52, 11, 47, 77, 82, 49, 77, 31, 62, 54, 59, 83, 12},
		{68, 56, 24, 78, 62, 69, 59, 21, 75, 46, 89, 31, 94, 83, 47, 45, 87, 56, 93, 35},
		{20, 40, 29, 15, 93, 23, 20, 28, 27, 94, 24, 49, 91, 77, 87, 80, 94, 66, 98, 16},
		{41, 58, 66, 87, 27, 90, 19, 87, 53, 79, 93, 97, 22, 68, 57, 38, 77, 48, 10, 38},
		{55, 73, 74, 95, 43, 31, 46, 17, 50, 16, 99, 13, 66, 64, 13, 62, 74, 68, 52, 54},
		{94, 82, 79, 22, 14, 15, 66, 68, 46, 59, 47, 61, 58, 17, 51, 53, 66, 23, 58, 20},
		{87, 92, 34, 55, 68, 34, 97, 31, 96, 68, 35, 45, 39, 56, 35, 88, 54, 75, 48, 95},
		{19, 95, 70, 74, 48, 56, 47, 84, 32, 77, 66, 89, 97, 35, 46, 69, 90, 51, 18, 44},
		{66, 26, 55, 47, 26, 63, 57, 28, 43, 50, 31, 57, 88, 30, 96, 45, 57, 93, 55, 48},
		{12, 51, 69, 69, 73, 76, 40, 40, 32, 32, 95, 48, 18, 87, 42, 87, 82, 78, 48, 79},
		{33, 65, 27, 94, 49, 96, 11, 28, 71, 74, 67, 51, 56, 23, 96, 53, 81, 70, 44, 82},
		{40, 61, 88, 21, 83, 29, 79, 37, 93, 61, 59, 88, 94, 21, 45, 78, 37, 32, 11, 23},
		{84, 13, 59, 38, 87, 35, 85, 69, 91, 27, 23, 70, 10, 98, 99, 81, 25, 70, 41, 31},
		{80, 33, 29, 31, 88, 84, 59, 76, 98, 56, 73, 20, 35, 38, 36, 49, 36, 26, 19, 25},
		{99, 13, 41, 31, 87, 88, 99, 40, 22, 73, 54, 87, 64, 20, 69, 75, 84, 16, 95, 97}
	},
	{
		{61, 67, 51, 38, 71, 69, 84, 70, 50, 64, 15, 75, 42, 76, 46, 76, 52, 11, 57, 89},
		{74, 52, 14, 89, 66, 29, 73, 20, 76, 90, 27, 31, 50, 96, 20, 15, 30, 81, 17, 21},
		{99, 64, 88, 55, 59, 37, 56, 29, 10, 62, 89, 77, 42, 19, 25, 93, 86, 31, 53, 22},
		{76, 90, 28, 87, 76, 59, 73, 28, 31, 69, 11, 72, 27, 61, 70, 94, 46, 85, 72, 56},
		{84, 47, 54, 43, 58, 34, 11, 29, 38, 19, 71, 63, 32, 40, 22, 42, 56, 60, 17, 42},
		{71, 26, 58, 10, 12, 42, 71, 26, 16, 60, 42, 28, 50, 97, 71, 47, 84, 24, 97, 95},
		{61, 12, 33, 10, 42, 90, 72, 24, 56, 87, 61, 70, 39, 10, 17, 14, 92, 19, 42, 88},
		{90, 34, 16, 19, 53, 92, 48, 23, 28, 17, 30, 24, 57, 34, 98, 24, 15, 41, 96, 66},
		{34, 28, 17, 96, 66, 24, 66, 98, 43, 59, 47, 55, 18, 34, 87, 27, 47, 51, 49, 83},
		{30, 17, 30, 48, 36, 66, 79, 84, 65, 35, 80, 16, 43, 99, 11, 97, 54, 83, 50, 84},
		{74, 87, 88, 41, 12, 68, 61, 38, 30, 67, 67, 59, 26, 92, 68, 74, 62, 82, 69, 11},
		{84, 36, 99, 59, 29, 53, 42, 84, 29, 52, 43, 13, 52, 81, 66, 70, 98, 23, 41, 28},
		{58, 61, 79, 84, 23, 78, 42, 48, 93, 64, 70, 46, 98, 61, 38, 63, 43, 65, 58, 75},
		{26, 17, 86, 60, 86, 53, 51, 78, 21, 82, 99, 52, 76, 92, 14, 75, 44, 70, 80, 97},
		{77, 43, 70, 42, 74, 30, 83, 70, 92, 90, 82, 12, 88, 54, 97, 46, 74, 48, 61, 88},
		{83, 31, 78, 62, 54, 36, 23, 38, 82, 45, 17, 19, 54, 97, 49, 78, 19, 39, 50, 68},
		{73, 89, 52, 13, 92, 15, 97, 13, 98, 74, 65, 64, 27, 72, 41, 54, 28, 52, 16, 45},
		{99, 32, 51, 15, 13, 60, 41, 96, 23, 97, 35, 37, 91, 57, 90, 36, 17, 34, 50, 75},
		{97, 91, 99, 36, 53, 83, 31, 26, 88, 75, 89, 64, 13, 70, 96, 69, 60, 87, 92, 51},
		{89, 48, 17, 96, 75, 73, 36, 58, 68, 68, 41, 32, 10, 84, 91, 49, 94, 82, 56, 22}
	},
	{
		{53, 33, 45, 13, 90, 86, 31, 53, 34, 84, 57, 77, 50, 95, 80, 31, 98, 40, 58, 60},
		{84, 42, 32, 92, 85, 69, 29, 76, 97, 77, 13, 33, 48, 95, 35, 55, 12, 14, 30, 63},
		{75, 19, 83, 38, 19, 24, 50, 88, 23, 27, 88, 21, 69, 68, 60, 88, 24, 77, 79, 98},
		{19, 94, 79, 32, 11, 51, 87, 21, 70, 90, 88, 73, 13, 45, 46, 18, 47, 50, 90, 85},
		{91, 59, 44, 91, 96, 57, 62, 47, 70, 31, 72, 71, 30, 98, 64, 83, 62, 82, 13, 46},
		{23, 21, 46, 67, 12, 80, 88, 73, 53, 28, 97, 28, 21, 52, 49, 60, 48, 79, 30, 29},
		{56, 19, 56, 38, 35, 24, 75, 38, 17, 69, 30, 81, 87, 33, 30, 45, 67, 43, 94, 88},
		{62, 77, 46, 20, 39, 74, 23, 94, 33, 51, 67, 83, 96, 37, 66, 84, 23, 68, 44, 12},
		{75, 72, 55, 87, 17, 78, 38, 73, 45, 60, 31, 10, 82, 75, 93, 44, 33, 62, 99, 49},
		{53, 65, 44, 36, 97, 68, 87, 81, 69, 31, 68, 60, 58, 49, 26, 36, 26, 77, 13, 39},
		{60, 41, 52, 39, 74, 54, 39, 48, 15, 30, 48, 87, 40, 22, 48, 87, 81, 72, 82, 44},
		{77, 78, 13, 41, 94, 80, 37, 37, 81, 62, 68, 63, 11, 82, 58, 71, 95, 56, 56, 21},
		{25, 72, 32, 88, 71, 82, 97, 33, 60, 65, 39, 42, 46, 76, 75, 42, 92, 77, 22, 97},
		{86, 39, 40, 61, 16, 54, 43, 98, 16, 48, 59, 95, 49, 78, 79, 54, 91, 56, 36, 21},
		{59, 64, 86, 67, 85, 84, 55, 86, 61, 90, 79, 85, 29, 17, 70, 18, 62, 12, 22, 58},
		{93, 17, 15, 66, 49, 19, 58, 34, 26, 67, 48, 74, 91, 28, 19, 59, 62, 35, 47, 67},
		{73, 22, 93, 60, 21, 57, 39, 49, 43, 56, 56, 77, 70, 33, 54, 15, 98, 32, 47, 25},
		{48, 39, 52, 92, 70, 98, 27, 14, 15, 36, 23, 30, 10, 10, 18, 69, 83, 19, 20, 93},
		{43, 89, 93, 68, 88, 81, 49, 21, 52, 86, 51, 69, 81, 36, 60, 52, 54, 19, 45, 39},
		{98, 60, 34, 23, 92, 33, 38, 49, 34, 95, 24, 49, 72, 61, 82, 59, 61, 79, 11, 13}
	},
	{
		{54, 64, 49, 65, 58, 80, 81, 15, 14, 80, 62, 21, 27, 18, 81, 52, 34, 56, 34, 12},
		{31, 78, 93, 87, 76, 38, 92, 31, 66, 60, 48, 41, 49, 56, 43, 32, 47, 15, 47, 27},
		{57, 35, 87, 12, 68, 56, 71, 23, 88, 34, 14, 34, 38, 78, 20, 42, 65, 54, 55, 67},
		{38, 30, 87, 89, 82, 47, 65, 49, 83, 45, 79, 63, 58, 44, 54, 27, 58, 47, 80, 79},
		{72, 59, 47, 16, 71, 22, 93, 19, 38, 82, 63, 88, 36, 93, 37, 55, 78, 97, 70, 56},
		{86, 87, 85, 57, 99, 55, 50, 49, 37, 60, 13, 23, 53, 60, 47, 66, 55, 27, 85, 70},
		{92, 97, 64, 94, 80, 37, 64, 32, 38, 76, 65, 74, 75, 76, 62, 92, 37, 67, 75, 17},
		{31, 18, 77, 64, 61, 43, 66, 55, 98, 24, 45, 92, 74, 77, 17, 33, 34, 54, 90, 98},
		{96, 69, 62, 96, 77, 67, 45, 59, 15, 43, 87, 11, 33, 89, 73, 85, 27, 30, 49, 73},
		{63, 62, 62, 97, 37, 47, 85, 35, 61, 55, 73, 56, 62, 89, 50, 10, 62, 72, 20, 74},
		{28, 80, 23, 52, 35, 39, 92, 37, 22, 37, 98, 39, 74, 84, 96, 84, 42, 39, 16, 63},
		{61, 12, 87, 78, 88, 12, 94, 60, 90, 13, 98, 90, 59, 73, 78, 27, 30, 14, 20, 23},
		{35, 31, 68, 21, 88, 43, 31, 67, 34, 68, 83, 43, 71, 21, 59, 84, 84, 46, 42, 99},
		{38, 73, 65, 73, 83, 68, 67, 78, 95, 45, 75, 11, 88, 78, 49, 30, 12, 64, 39, 74},
		{82, 45, 24, 24, 56, 66, 40, 66, 92, 95, 45, 11, 86, 92, 13, 40, 36, 10, 21, 32},
		{76, 68, 33, 63, 94, 38, 99, 69, 76, 29, 27, 15, 69, 80, 30, 30, 78, 32, 85, 84},
		{60, 66, 20, 38, 56, 13, 92, 83, 33, 72, 34, 58, 27, 85, 60, 18, 96, 61, 73, 54},
		{96, 28, 14, 80, 80, 79, 82, 67, 65, 48, 29, 18, 16, 28, 57, 16, 39, 47, 21, 37},
		{43, 66, 27, 90, 88, 96, 33, 22, 63, 61, 76, 43, 83, 18, 67, 69, 64, 74, 64, 53},
		{38, 22, 52, 27, 46, 64, 86, 80, 48, 13, 57, 34, 11, 34, 58, 81, 70, 72, 21, 16}
	},
	{
		{21, 79, 16, 12, 87, 15, 65, 42, 83, 35, 79, 32, 89, 14, 86, 78, 81, 32, 20, 93},
		{40, 93, 23, 28, 33, 28, 77, 48, 98, 76, 88, 72, 32, 36, 28, 23, 84, 17, 70, 60},
		{25, 67, 42, 51, 19, 45, 30, 97, 58, 36, 54, 10, 46, 76, 11, 35, 88, 13, 77, 79},
		{34, 94, 59, 48, 23, 63, 94, 22, 64, 19, 35, 45, 69, 99, 51, 82, 67, 36, 78, 73},
		{83, 52, 38, 98, 33, 67, 25, 18, 55, 74, 45, 58, 31, 23, 72, 87, 10, 76, 46, 13},
		{79, 37, 98, 89, 91, 77, 72, 48, 90, 82, 36, 55, 12, 66, 14, 25, 50, 58, 68, 32},
		{49, 73, 27, 12, 92, 71, 34, 13, 94, 78, 18, 75, 62, 33, 58, 33, 19, 51, 36, 34},
		{62, 49, 64, 27, 73, 34, 59, 21, 39, 92, 80, 61, 14, 47, 40, 10, 32, 25, 79, 25},
		{23, 20, 54, 55, 88, 15, 26, 80, 37, 60, 26, 26, 26, 11, 18, 32, 89, 17, 42, 70},
		{48, 37, 20, 61, 45, 48, 45, 64, 52, 73, 28, 24, 53, 34, 90, 75, 10, 76, 30, 79},
		{83, 60, 29, 80, 31, 58, 53, 87, 43, 17, 81, 17, 63, 60, 46, 19, 75, 62, 66, 81},
		{55, 52, 93, 75, 27, 49, 47, 80, 84, 29, 50, 26, 42, 94, 78, 60, 32, 87, 84, 22},
		{10, 15, 18, 45, 63, 85, 57, 66, 85, 74, 91, 80, 42, 58, 82, 12, 76, 23, 80, 11},
		{48, 71, 21, 67, 75, 65, 70, 53, 88, 29, 79, 16, 71, 14, 89, 34, 68, 30, 17, 67},
		{27, 83, 47, 62, 11, 44, 56, 30, 92, 47, 36, 19, 15, 41, 68, 79, 77, 71, 42, 95},
		{41, 53, 12, 51, 79, 38, 33, 58, 68, 31, 18, 43, 91, 47, 32, 69, 87, 40, 92, 41},
		{91, 59, 11, 20, 65, 15, 30, 66, 55, 32, 54, 52, 56, 17, 81, 35, 47, 63, 17, 71},
		{61, 24, 60, 56, 51, 20, 45, 20, 82, 70, 55, 44, 13, 18, 17, 79, 67, 67, 24, 92},
		{96, 11, 63, 22, 25, 74, 70, 16, 55, 45, 75, 23, 73, 36, 15, 27, 17, 96, 17, 39},
		{16, 31, 77, 50, 86, 96, 12, 63, 74, 90, 88, 66, 24, 71, 28, 40, 29, 23, 37, 68}
	},
	{
		{90, 37, 82, 99, 81, 85, 12, 91, 74, 52, 30, 89, 70, 40, 14, 58, 17, 87, 55, 18},
		{28, 71, 12, 40, 55, 13, 28, 51, 67, 19, 49, 84, 17, 24, 55, 72, 69, 61, 38, 87},
		{26, 85, 80, 88, 24, 96, 80, 50, 70, 59, 61, 86, 50, 38, 52, 85, 11, 75, 43, 42},
		{18, 85, 86, 62, 59, 89, 49, 66, 14, 78, 32, 73, 20, 60, 92, 72, 35, 47, 43, 54},
		{47, 96, 35, 48, 13, 57, 25, 23, 97, 24, 89, 46, 52, 14, 81, 14, 88, 67, 81, 65},
		{26, 57, 58, 34, 12, 86, 61, 76, 24, 30, 73, 11, 13, 33, 42, 16, 21, 86, 59, 20},
		{12, 64, 67, 85, 61, 97, 16, 28, 22, 86, 36, 32, 39, 38, 84, 28, 51, 96, 28, 40},
		{58, 93, 48, 62, 27, 84, 36, 17, 30, 23, 18, 98, 12, 12, 56, 85, 83, 16, 44, 86},
		{40, 86, 52, 68, 27, 24, 69, 63, 54, 94, 17, 21, 52, 35, 54, 48, 44, 89, 19, 47},
		{30, 51, 91, 99, 27, 91, 79, 44, 29, 25, 93, 93, 65, 28, 71, 17, 29, 55, 47, 39},
		{92, 95, 14, 12, 67, 42, 50, 84, 54, 68, 56, 59, 37, 75, 26, 65, 36, 69, 25, 57},
		{60, 17, 35, 59, 48, 35, 15, 93, 64, 23, 93, 24, 29, 67, 29, 34, 96, 48, 84, 61},
		{97, 25, 31, 20, 76, 25, 53, 51, 65, 19, 22, 16, 48, 33, 95, 82, 54, 59, 89, 63},
		{20, 45, 83, 79, 30, 15, 95, 27, 82, 48, 96, 63, 24, 74, 12, 83, 12, 50, 24, 97},
		{81, 76, 60, 63, 39, 48, 65, 75, 39, 32, 61, 47, 84, 47, 79, 36, 93, 95, 45, 70},
		{71, 55, 78, 69, 17, 91, 28, 21, 60, 37, 65, 13, 62, 52, 41, 79, 99, 47, 73, 73},
		{83, 68, 95, 16, 35, 78, 92, 71, 59, 58, 97, 44, 15, 84, 74, 14, 23, 27, 13, 23},
		{89, 20, 52, 54, 59, 15, 23, 14, 74, 10, 29, 63, 84, 80, 35, 99, 57, 80, 17, 36},
		{57, 74, 39, 50, 68, 38, 83, 86, 38, 10, 37, 27, 76, 72, 42, 64, 57, 71, 57, 25},
		{40, 88, 85, 93, 80, 88, 37, 74, 37, 63, 86, 68, 39, 95, 90, 79, 14, 53, 80, 41}
	},
	{
		{95, 57, 47, 62, 32, 20, 81, 97, 57, 77, 73, 20, 82, 54, 86, 81, 11, 34, 96, 25},
		{95, 27, 92, 93, 33, 20, 78, 86, 93, 98, 34, 45, 18, 39, 76, 95, 49, 49, 96, 10},
		{28, 62, 49, 90, 91, 85, 55, 28, 65, 93, 50, 31, 57, 44, 29, 87, 20, 40, 19, 61},
		{35, 12, 54, 44, 79, 93, 67, 56, 65, 80, 44, 37, 48, 65, 97, 58, 21, 64, 44, 54},
		{20, 47, 69, 60, 81, 86, 12, 67, 53, 93, 81, 97, 75, 45, 30, 15, 75, 18, 34, 70},
		{44, 30, 91, 69, 47, 65, 35, 23, 63, 60, 29, 39, 54, 99, 29, 22, 34, 81, 56, 14},
		{95, 67, 87, 10, 17, 39, 86, 16, 17, 35, 48, 56, 74, 60, 63, 65, 85, 42, 58, 80},
		{38, 21, 60, 42, 39, 73, 39, 62, 41, 47, 58, 46, 83, 71, 67, 97, 54, 26, 19, 47},
		{50, 96, 44, 81, 31, 39, 10, 96, 58, 74, 58, 25, 84, 77, 30, 70, 36, 30, 66, 49},
		{54, 42, 52, 45, 14, 96, 87, 96, 53, 76, 27, 14, 49, 61, 41, 41, 50, 50, 17, 82},
		{22, 10, 51, 16, 69, 69, 80, 86, 61, 35, 59, 85, 55, 28, 99, 80, 46, 61, 47, 58},
		{10, 32, 39, 52, 56, 50, 17, 43, 98, 16, 79, 16, 91, 61, 28, 57, 69, 90, 62, 15},
		{50, 15, 83, 20, 15, 48, 54, 76, 32, 93, 95, 84, 36, 90, 26, 97, 90, 81, 30, 59},
		{80, 63, 49, 33, 53, 78, 50, 71, 59, 26, 41, 26, 64, 86, 30, 91, 79, 43, 61, 15},
		{50, 74, 58, 13, 11, 55, 19, 28, 44, 69, 90, 19, 29, 49, 69, 67, 49, 79, 48, 20},
		{88, 96, 38, 92, 15, 16, 24, 47, 12, 80, 65, 94, 10, 17, 62, 22, 86, 86, 75, 90},
		{80, 27, 83, 48, 12, 36, 20, 85, 48, 26, 37, 21, 54, 25, 53, 39, 86, 55, 37, 54},
		{64, 52, 71, 50, 14, 98, 33, 33, 45, 91, 49, 71, 50, 14, 72, 41, 31, 44, 41, 93},
		{71, 22, 63, 71, 64, 82, 99, 59, 11, 41, 94, 72, 41, 11, 48, 92, 83, 41, 32, 35},
		{96, 10, 62, 34, 68, 38, 47, 89, 25, 36, 32, 55, 97, 87, 72, 52, 46, 83, 70, 94}
	},
	{
		{90, 81, 41, 85, 97, 53, 41, 75, 14, 21, 11, 76, 46, 44, 43, 26, 10, 15, 24, 31},
		{62, 16, 31, 58, 19, 24, 65, 61, 31, 34, 15, 68, 74, 13, 37, 56, 68, 45, 24, 71},
		{93, 88, 31, 45, 31, 70, 97, 60, 62, 35, 64, 73, 73, 36, 74, 99, 90, 13, 50, 47},
		{54, 93, 35, 54, 76, 13, 40, 73, 50, 52, 99, 62, 52, 73, 42, 98, 56, 59, 90, 13},
		{30, 49, 13, 68, 83, 15, 85, 36, 30, 89, 64, 74, 84, 17, 46, 28, 22, 77, 19, 43},
		{72, 60, 76, 26, 82, 16, 43, 56, 15, 97, 78, 76, 21, 19, 13, 22, 97, 16, 93, 97},
		{99, 40, 53, 25, 60, 17, 79, 48, 37, 33, 13, 80, 23, 50, 75, 69, 53, 68, 13, 80},
		{78, 98, 98, 12, 88, 24, 66, 94, 79, 12, 34, 19, 72, 52, 20, 20, 63, 65, 28, 84},
		{68, 15, 30, 97, 37, 80, 94, 96, 48, 81, 81, 59, 84, 13, 39, 39, 65, 54, 87, 91},
		{77, 72, 40, 92, 21, 86, 44, 85, 47, 52, 21, 75, 32, 25, 58, 92, 25, 75, 92, 72},
		{97, 75, 40, 44, 56, 99, 54, 26, 15, 85, 74, 79, 54, 49, 30, 70, 21, 31, 13, 15},
		{81, 40, 59, 94, 37, 31, 53, 62, 51, 81, 30, 63, 60, 68, 32, 26, 93, 73, 97, 78},
		{64, 56, 93, 99, 52, 79, 20, 27, 49, 70, 88, 42, 39, 88, 22, 54, 41, 28, 60, 56},
		{96, 50, 56, 31, 65, 79, 45, 82, 46, 59, 54, 61, 70, 76, 71, 89, 56, 28, 21, 16},
		{65, 82, 62, 11, 41, 33, 97, 60, 23, 60, 77, 49, 10, 88, 17, 16, 20, 95, 34, 62},
		{83, 31, 53, 37, 58, 89, 76, 27, 22, 32, 21, 72, 51, 82, 91, 63, 87, 38, 60, 28},
		{51, 35, 44, 43, 17, 17, 77, 38, 60, 10, 28, 22, 58, 18, 50, 65, 62, 52, 97, 28},
		{92, 54, 29, 43, 70, 24, 68, 24, 83, 87, 97, 67, 11, 47, 96, 88, 40, 74, 24, 95},
		{70, 77, 44, 84, 64, 42, 24, 15, 20, 29, 32, 94, 32, 39, 77, 93, 65, 24, 54, 54},
		{52, 98, 18, 58, 94, 54, 48, 16, 53, 58, 51, 79, 72, 97, 76, 84, 46, 92, 58, 38}
	},
	{
		{54, 80, 47, 43, 84, 81, 62, 20, 44, 20, 23, 23, 26, 65, 45, 38, 81, 38, 87, 28},
		{21, 53, 86, 70, 84, 88, 83, 78, 67, 95, 38, 88, 54, 24, 85, 99, 34, 84, 26, 86},
		{58, 43, 90, 66, 24, 12, 60, 13, 93, 40, 23, 62, 48, 40, 78, 50, 47, 63, 83, 46},
		{58, 26, 19, 68, 12, 84, 96, 54, 22, 59, 48, 29, 96, 78, 97, 62, 98, 76, 48, 56},
		{66, 91, 60, 81, 69, 37, 27, 25, 69, 99, 95, 62, 86, 32, 67, 90, 66, 70, 95, 97},
		{37, 17, 55, 87, 20, 98, 36, 73, 20, 30, 67, 80, 19, 94, 23, 90, 98, 93, 57, 66},
		{64, 52, 31, 90, 63, 27, 96, 56, 74, 78, 26, 38, 93, 94, 50, 58, 13, 80, 74, 92},
		{17, 61, 24, 14, 53, 56, 51, 47, 65, 27, 80, 56, 61, 22, 92, 77, 26, 31, 89, 51},
		{98, 21, 40, 83, 43, 28, 57, 41, 56, 98, 14, 95, 91, 67, 74, 58, 28, 73, 51, 46},
		{15, 89, 95, 51, 27, 50, 65, 65, 84, 53, 46, 34, 59, 34, 46, 25, 40, 50, 51, 83},
		{77, 91, 41, 48, 53, 22, 85, 82, 54, 35, 13, 65, 28, 57, 80, 75, 98, 64, 90, 93},
		{84, 28, 23, 52, 92, 22, 85, 35, 14, 91, 10, 50, 47, 77, 96, 24, 98, 77, 67, 72},
		{19, 18, 19, 88, 24, 43, 55, 59, 24, 15, 44, 75, 27, 89, 41, 14, 22, 84, 44, 99},
		{78, 72, 68, 13, 13, 94, 23, 33, 95, 45, 82, 86, 80, 67, 11, 71, 67, 50, 39, 33},
		{23, 36, 41, 81, 16, 45, 64, 42, 37, 73, 10, 42, 20, 77, 97, 31, 74, 79, 18, 15},
		{76, 99, 50, 23, 83, 89, 55, 32, 74, 43, 21, 46, 39, 73, 32, 70, 24, 31, 79, 45},
		{40, 92, 63, 70, 82, 32, 16, 78, 41, 28, 97, 90, 35, 27, 64, 10, 22, 96, 33, 93},
		{77, 80, 32, 35, 19, 20, 47, 82, 99, 77, 96, 32, 71, 27, 42, 27, 89, 88, 58, 56},
		{60, 22, 77, 55, 96, 86, 82, 46, 85, 66, 83, 93, 28, 87, 69, 66, 82, 46, 70, 49},
		{38, 69, 92, 61, 60, 75, 89, 18, 78, 36, 36, 64, 85, 39, 66, 95, 38, 57, 49, 61}
	}
}