alpha=0.2
gamma=0.6
selection_rate=1
max_gen=5000
job_num=30
machine_num=20
pop_size=100
Threshold=4353
scenario_num=20
{
	{
		{19, 33, 64, 99, 34, 87, 64, 81, 41, 29, 99, 76, 70, 36, 23, 83, 85, 39, 38, 23},
		{50, 21, 77, 12, 44, 58, 95, 39, 74, 80, 48, 35, 38, 87, 15, 88, 80, 80, 39, 49},
		{13, 23, 38, 46, 62, 53, 88, 92, 13, 14, 12, 54, 73, 83, 11, 34, 88, 77, 92, 78},
		{41, 97, 22, 61, 57, 29, 88, 54, 41, 14, 31, 73, 65, 90, 76, 18, 52, 25, 35, 70},
		{93, 61, 98, 54, 21, 84, 38, 88, 85, 66, 29, 88, 52, 95, 79, 91, 70, 94, 37, 18},
		{52, 53, 46, 72, 27, 69, 86, 99, 70, 70, 96, 46, 35, 89, 15, 99, 44, 22, 56, 84},
		{36, 52, 87, 16, 30, 14, 35, 88, 42, 98, 95, 56, 73, 78, 96, 80, 15, 71, 38, 88},
		{83, 24, 95, 35, 75, 81, 66, 56, 52, 63, 19, 20, 46, 52, 32, 86, 96, 87, 92, 27},
		{67, 35, 82, 95, 28, 42, 28, 69, 92, 51, 19, 37, 99, 74, 75, 60, 83, 26, 88, 52},
		{95, 76, 77, 22, 35, 19, 15, 32, 99, 64, 21, 60, 87, 23, 86, 87, 99, 88, 47, 81},
		{20, 31, 76, 13, 99, 40, 54, 28, 69, 21, 95, 69, 66, 89, 58, 89, 80, 88, 91, 45},
		{12, 75, 16, 59, 93, 39, 63, 30, 28, 29, 30, 81, 81, 54, 32, 29, 25, 48, 53, 36},
		{32, 49, 80, 43, 42, 21, 39, 49, 83, 13, 21, 15, 45, 56, 40, 11, 89, 34, 43, 54},
		{46, 70, 14, 86, 51, 41, 88, 80, 89, 35, 33, 77, 83, 22, 43, 82, 80, 34, 84, 87},
		{75, 80, 98, 57, 19, 38, 14, 53, 33, 63, 90, 82, 57, 84, 19, 29, 86, 74, 18, 39},
		{96, 66, 73, 85, 27, 32, 98, 64, 13, 30, 37, 36, 12, 36, 59, 11, 40, 35, 75, 71},
		{80, 13, 39, 13, 56, 33, 71, 94, 86, 39, 14, 37, 57, 64, 19, 56, 71, 34, 32, 72},
		{78, 51, 49, 32, 87, 69, 59, 72, 88, 22, 25, 29, 89, 61, 21, 32, 35, 58, 92, 78},
		{37, 78, 88, 35, 23, 25, 82, 49, 54, 46, 35, 47, 18, 53, 99, 74, 27, 21, 83, 15},
		{60, 56, 12, 66, 38, 62, 25, 14, 82, 42, 49, 94, 61, 56, 68, 44, 72, 67, 77, 17},
		{59, 91, 51, 32, 11, 19, 71, 10, 45, 14, 58, 55, 65, 38, 52, 12, 29, 21, 88, 55},
		{55, 35, 51, 94, 57, 71, 15, 90, 77, 52, 91, 82, 46, 71, 83, 19, 57, 23, 38, 86},
		{64, 65, 86, 54, 16, 28, 59, 18, 72, 88, 57, 22, 15, 98, 32, 45, 38, 24, 14, 86},
		{78, 52, 87, 86, 90, 60, 17, 98, 81, 56, 21, 89, 72, 46, 86, 15, 64, 54, 16, 77},
		{36, 43, 78, 96, 44, 11, 25, 68, 45, 11, 69, 76, 93, 48, 81, 80, 82, 22, 35, 23},
		{44, 73, 44, 48, 76, 42, 39, 95, 29, 73, 14, 35, 23, 30, 64, 51, 37, 68, 47, 23},
		{72, 21, 42, 92, 57, 32, 92, 85, 12, 60, 89, 25, 92, 27, 57, 94, 37, 77, 81, 21},
		{95, 69, 88, 37, 80, 80, 62, 22, 82, 19, 38, 92, 42, 48, 75, 50, 11, 36, 70, 77},
		{95, 93, 19, 91, 39, 29, 69, 66, 26, 39, 52, 14, 28, 85, 56, 65, 88, 22, 88, 35},
		{26, 44, 45, 94, 86, 59, 43, 18, 84, 94, 17, 99, 15, 90, 13, 68, 92, 99, 39, 94}
	},
	{
		{35, 19, 37, 61, 20, 99, 25, 72, 49, 83, 89, 43, 95, 44, 32, 56, 97, 80, 70, 74},
		{12, 18, 56, 79, 81, 69, 37, 74, 39, 31, 37, 63, 80, 15, 74, 26, 73, 32, 14, 87},
		{68, 66, 76, 64, 63, 66, 75, 87, 54, 46, 81, 65, 14, 15, 97, 73, 98, 77, 94, 56},
		{36, 82, 51, 61, 87, 33, 37, 73, 56, 41, 13, 19, 70, 23, 92, 80, 85, 24, 95, 13},
		{74, 27, 89, 12, 69, 62, 54, 42, 56, 41, 72, 88, 66, 88, 70, 34, 46, 14, 95, 19},
		{85, 79, 75, 69, 36, 59, 14, 82, 73, 63, 10, 39, 82, 88, 96, 55, 51, 76, 86, 81},
		{43, 71, 10, 40, 11, 29, 84, 76, 97, 61, 85, 85, 24, 55, 61, 45, 81, 78, 60, 93},
		{70, 45, 59, 83, 21, 52, 53, 84, 77, 44, 94, 83, 52, 50, 77, 92, 83, 75, 39, 73},
		{88, 22, 30, 25, 60, 55, 33, 94, 36, 72, 68, 72, 73, 19, 79, 99, 73, 91, 33, 70},
		{14, 84, 22, 95, 28, 79, 58, 25, 45, 56, 30, 61, 72, 57, 78, 45, 24, 27, 50, 20},
		{71, 44, 77, 70, 23, 99, 27, 78, 10, 87, 81, 85, 67, 15, 85, 29, 19, 94, 18, 48},
		{76, 75, 86, 31, 34, 10, 83, 58, 60, 88, 28, 93, 76, 64, 66, 58, 26, 47, 60, 85},
		{30, 65, 56, 26, 45, 22, 78, 38, 93, 84, 11, 70, 38, 16, 65, 29, 27, 62, 19, 75},
		{38, 23, 48, 58, 62, 95, 94, 39, 90, 77, 71, 90, 58, 16, 67, 47, 96, 94, 48, 18},
		{75, 90, 90, 96, 70, 86, 84, 81, 45, 12, 69, 64, 62, 12, 23, 12, 41, 14, 83, 29},
		{90, 15, 96, 90, 19, 54, 36, 52, 79, 82, 40, 39, 33, 20, 27, 24, 75, 28, 87, 67},
		{13, 64, 71, 72, 52, 60, 58, 38, 58, 87, 35, 76, 25, 34, 67, 52, 30, 25, 25, 58},
		{86, 57, 44, 74, 57, 19, 21, 74, 19, 12, 32, 69, 34, 85, 77, 82, 24, 47, 32, 14},
		{67, 42, 34, 29, 75, 82, 33, 59, 84, 87, 99, 65, 37, 85, 80, 70, 44, 20, 44, 16},
		{23, 17, 87, 98, 75, 52, 25, 88, 72, 82, 82, 72, 82, 37, 41, 81, 48, 55, 16, 62},
		{17, 41, 95, 55, 89, 37, 18, 25, 40, 69, 92, 42, 41, 27, 74, 27, 83, 66, 82, 88},
		{88, 17, 17, 55, 12, 11, 74, 14, 64, 71, 26, 93, 71, 63, 45, 39, 39, 69, 12, 41},
		{80, 20, 83, 85, 36, 95, 24, 28, 34, 42, 33, 30, 46, 89, 41, 27, 19, 14, 21, 31},
		{65, 37, 83, 83, 33, 96, 53, 71, 32, 43, 50, 95, 28, 23, 48, 16, 30, 32, 38, 48},
		{36, 96, 38, 32, 85, 20, 37, 24, 96, 55, 22, 17, 69, 29, 26, 82, 88, 25, 40, 43},
		{47, 88, 16, 23, 69, 66, 37, 79, 16, 30, 56, 73, 61, 22, 47, 72, 35, 44, 74, 36},
		{72, 50, 81, 50, 15, 81, 80, 30, 53, 77, 15, 50, 28, 29, 66, 95, 63, 84, 78, 15},
		{34, 18, 51, 17, 98, 65, 84, 41, 52, 99, 57, 24, 96, 69, 22, 72, 41, 60, 45, 62},
		{26, 61, 47, 83, 18, 95, 42, 84, 98, 75, 82, 62, 70, 89, 49, 74, 77, 68, 58, 95},
		{61, 24, 20, 66, 83, 55, 10, 88, 71, 86, 42, 98, 11, 35, 79, 99, 24, 27, 13, 21}
	},
	{
		{45, 83, 22, 59, 99, 93, 95, 39, 32, 39, 70, 83, 27, 30, 19, 61, 64, 97, 85, 15},
		{93, 17, 16, 66, 69, 29, 64, 70, 82, 64, 59, 69, 57, 58, 42, 54, 22, 30, 69, 31},
		{53, 29, 58, 61, 41, 30, 17, 11, 66, 46, 29, 92, 30, 19, 26, 70, 97, 34, 97, 23},
		{10, 15, 77, 95, 19, 16, 66, 71, 50, 66, 97, 59, 39, 94, 99, 70, 31, 89, 41, 34},
		{18, 26, 48, 20, 16, 24, 87, 62, 55, 96, 48, 91, 28, 35, 67, 89, 80, 31, 37, 93},
		{67, 69, 71, 43, 66, 45, 80, 29, 89, 38, 75, 29, 67, 40, 62, 43, 98, 74, 15, 16},
		{85, 57, 60, 14, 40, 92, 62, 16, 49, 69, 21, 34, 90, 36, 71, 27, 71, 86, 61, 65},
		{47, 95, 22, 42, 32, 81, 65, 99, 38, 45, 99, 84, 12, 87, 37, 96, 52, 73, 70, 49},
		{30, 76, 34, 17, 59, 45, 82, 53, 27, 66, 61, 41, 94, 42, 99, 32, 39, 27, 65, 70},
		{62, 60, 21, 40, 61, 55, 68, 67, 47, 63, 41, 97, 55, 28, 31, 14, 51, 23, 56, 21},
		{17, 94, 69, 28, 85, 33, 46, 38, 10, 95, 44, 34, 44, 66, 32, 34, 17, 46, 64, 16},
		{57, 69, 60, 29, 86, 26, 68, 50, 66, 57, 44, 65, 39, 52, 92, 26, 14, 18, 86, 64},
		{65, 96, 22, 75, 69, 89, 79, 13, 25, 26, 77, 42, 46, 17, 65, 57, 91, 56, 40, 52},
		{29, 68, 57, 20, 16, 49, 77, 54, 20, 45, 12, 27, 35, 69, 46, 38, 73, 75, 56, 49},
		{33, 55, 61, 98, 40, 72, 10, 33, 96, 21, 14, 72, 32, 84, 66, 15, 48, 83, 79, 60},
		{76, 26, 53, 87, 32, 16, 46, 92, 38, 31, 70, 96, 43, 72, 33, 18, 51, 98, 26, 74},
		{62, 34, 71, 87, 62, 65, 14, 71, 54, 31, 75, 12, 92, 14, 64, 73, 24, 25, 74, 28},
		{83, 62, 22, 71, 23, 56, 62, 16, 78, 90, 47, 77, 99, 78, 74, 99, 83, 28, 41, 53},
		{68, 39, 20, 89, 98, 27, 30, 47, 34, 62, 48, 79, 98, 67, 13, 40, 75, 35, 36, 46},
		{62, 68, 43, 51, 37, 78, 95, 83, 98, 73, 16, 46, 94, 15, 31, 67, 66, 66, 43, 60},
		{89, 64, 63, 97, 82, 81, 32, 30, 69, 12, 74, 87, 20, 82, 94, 49, 56, 68, 31, 46},
		{74, 86, 18, 38, 20, 99, 65, 53, 70, 18, 39, 47, 82, 45, 44, 75, 97, 94, 34, 37},
		{45, 18, 18, 45, 55, 82, 62, 40, 96, 32, 65, 28, 67, 22, 26, 28, 48, 46, 40, 84},
		{72, 69, 21, 14, 89, 46, 70, 53, 18, 57, 47, 31, 35, 28, 93, 99, 58, 51, 84, 88},
		{13, 86, 38, 29, 33, 22, 13, 57, 91, 50, 46, 37, 88, 62, 10, 96, 80, 74, 14, 60},
		{31, 44, 99, 45, 76, 39, 69, 83, 78, 91, 79, 60, 65, 43, 50, 51, 95, 70, 23, 57},
		{28, 30, 46, 28, 87, 69, 73, 74, 62, 38, 73, 91, 13, 58, 47, 56, 54, 62, 10, 39},
		{89, 20, 86, 50, 44, 70, 67, 17, 22, 60, 87, 61, 84, 29, 41, 82, 47, 53, 17, 75},
		{60, 92, 97, 31, 21, 74, 17, 87, 54, 71, 89, 58, 77, 94, 18, 95, 91, 39, 34, 32},
		{25, 59, 45, 59, 11, 36, 95, 20, 37, 26, 86, 97, 95, 83, 29, 35, 94, 60, 97, 33}
	},
	{
		{35, 48, 61, 66, 52, 96, 97, 82, 33, 34, 87, 36, 20, 42, 62, 34, 22, 96, 72, 24},
		{79, 65, 46, 38, 88, 47, 44, 16, 79, 74, 56, 43, 67, 82, 11, 63, 94, 38, 37, 89},
		{96, 44, 77, 48, 55, 91, 89, 79, 31, 56, 38, 82, 88, 32, 51, 98, 57, 11, 98, 13},
		{45, 84, 34, 86, 81, 92, 20, 51, 81, 48, 20, 27, 57, 11, 48, 14, 96, 80, 77, 22},
		{62, 95, 85, 30, 24, 67, 81, 82, 52, 78, 43, 53, 55, 90, 74, 32, 42, 46, 13, 57},
		{47, 71, 45, 81, 86, 68, 93, 70, 52, 62, 31, 65, 70, 11, 75, 14, 41, 25, 32, 39},
		{95, 54, 92, 93, 17, 96, 34, 37, 91, 43, 72, 40, 62, 44, 26, 86, 23, 76, 19, 12},
		{52, 99, 72, 30, 47, 97, 57, 79, 42, 72, 80, 46, 57, 21, 48, 25, 51, 80, 54, 51},
		{47, 26, 67, 98, 16, 32, 20, 20, 98, 59, 93, 19, 27, 51, 14, 27, 24, 28, 44, 35},
		{65, 27, 60, 16, 42, 22, 22, 45, 65, 40, 79, 23, 96, 71, 64, 46, 99, 32, 60, 67},
		{43, 18, 59, 97, 88, 87, 86, 28, 93, 72, 31, 96, 19, 86, 80, 54, 87, 18, 57, 57},
		{67, 21, 79, 73, 27, 61, 59, 13, 72, 42, 52, 14, 82, 16, 48, 91, 10, 63, 43, 30},
		{88, 60, 60, 12, 68, 17, 45, 10, 93, 72, 46, 75, 30, 47, 76, 77, 97, 29, 97, 84},
		{96, 78, 71, 86, 50, 49, 42, 99, 31, 54, 97, 96, 56, 68, 34, 87, 44, 18, 67, 95},
		{74, 85, 31, 87, 95, 50, 33, 55, 31, 25, 85, 84, 41, 15, 46, 83, 94, 53, 41, 77},
		{75, 65, 25, 33, 70, 14, 72, 35, 80, 34, 12, 61, 98, 47, 43, 86, 68, 30, 52, 94},
		{34, 19, 22, 69, 20, 98, 95, 60, 75, 38, 14, 85, 96, 18, 39, 82, 11, 27, 99, 45},
		{61, 82, 32, 57, 55, 29, 87, 64, 65, 15, 33, 65, 66, 60, 16, 67, 99, 10, 90, 12},
		{50, 47, 85, 16, 79, 51, 16, 75, 52, 47, 31, 89, 80, 71, 89, 30, 99, 96, 59, 22},
		{26, 81, 67, 39, 92, 11, 67, 83, 91, 84, 51, 96, 98, 97, 32, 17, 44, 42, 33, 58},
		{72, 94, 23, 98, 19, 40, 99, 59, 95, 65, 73, 21, 68, 68, 93, 80, 39, 10, 60, 37},
		{45, 84, 65, 96, 99, 69, 72, 73, 85, 99, 75, 84, 39, 67, 71, 18, 19, 68, 80, 87},
		{71, 70, 13, 78, 13, 37, 38, 31, 73, 57, 75, 46, 81, 64, 41, 90, 22, 17, 17, 25},
		{90, 82, 57, 32, 64, 95, 28, 32, 46, 53, 34, 88, 70, 68, 31, 20, 36, 70, 70, 87},
		{37, 64, 10, 27, 30, 45, 15, 82, 37, 28, 53, 49, 71, 89, 42, 92, 68, 87, 55, 72},
		{23, 37, 73, 43, 24, 22, 93, 51, 58, 94, 28, 83, 62, 56, 36, 73, 72, 87, 40, 27},
		{65, 57, 24, 76, 12, 75, 92, 43, 78, 82, 29, 20, 73, 67, 37, 36, 11, 18, 85, 22},
		{49, 57, 67, 50, 65, 93, 21, 15, 88, 26, 11, 58, 41, 60, 76, 70, 78, 42, 31, 78},
		{48, 85, 52, 18, 18, 53, 59, 20, 11, 97, 69, 76, 14, 25, 51, 94, 17, 30, 77, 46},
		{15, 99, 85, 76, 31, 58, 24, 21, 39, 34, 36, 31, 26, 29, 60, 49, 69, 88, 55, 80}
	},
	{
		{25, 89, 22, 58, 33, 40, 21, 90, 46, 24, 71, 58, 73, 91, 34, 32, 79, 47, 95, 12},
		{60, 36, 84, 45, 38, 39, 74, 42, 86, 57, 47, 50, 30, 55, 45, 33, 34, 55, 49, 59},
		{14, 19, 82, 60, 61, 12, 78, 43, 20, 26, 92, 62, 59, 42, 72, 66, 93, 50, 55, 76},
		{60, 86, 40, 46, 67, 84, 63, 13, 20, 63, 56, 17, 32, 39, 50, 66, 11, 89, 64, 80},
		{14, 68, 96, 15, 48, 73, 22, 95, 75, 42, 84, 19, 68, 76, 39, 38, 88, 30, 11, 89},
		{79, 77, 94, 82, 75, 50, 35, 87, 54, 47, 28, 79, 33, 27, 89, 90, 46, 14, 48, 17},
		{48, 71, 49, 82, 48, 20, 49, 44, 21, 86, 29, 92, 27, 87, 84, 40, 54, 80, 80, 50},
		{33, 55, 60, 74, 19, 35, 95, 55, 93, 20, 90, 71, 77, 45, 12, 35, 38, 87, 45, 12},
		{84, 65, 67, 44, 61, 73, 54, 80, 20, 86, 94, 26, 37, 15, 12, 62, 29, 83, 33, 82},
		{77, 95, 82, 64, 77, 87, 25, 55, 68, 72, 13, 83, 22, 11, 34, 77, 28, 62, 67, 86},
		{43, 11, 80, 85, 37, 52, 37, 82, 46, 37, 89, 97, 17, 87, 25, 31, 95, 25, 14, 66},
		{25, 38, 71, 57, 51, 45, 83, 57, 88, 41, 90, 75, 49, 88, 59, 37, 56, 64, 71, 29},
		{23, 75, 15, 37, 28, 10, 30, 24, 38, 23, 71, 46, 78, 41, 38, 21, 35, 15, 48, 33},
		{71, 71, 23, 77, 50, 84, 19, 50, 74, 65, 67, 40, 55, 20, 47, 22, 64, 95, 67, 50},
		{35, 79, 34, 43, 78, 14, 94, 71, 85, 64, 89, 97, 86, 76, 85, 38, 90, 91, 81, 48},
		{70, 96, 74, 41, 99, 57, 16, 54, 39, 86, 49, 65, 34, 43, 24, 62, 80, 37, 67, 96},
		{16, 82, 35, 54, 72, 59, 37, 11, 53, 66, 28, 66, 21, 98, 36, 51, 43, 92, 38, 10},
		{94, 63, 82, 94, 35, 73, 61, 11, 40, 95, 42, 44, 13, 64, 97, 32, 74, 47, 74, 30},
		{76, 80, 63, 76, 72, 73, 83, 12, 64, 91, 73, 40, 26, 46, 52, 33, 46, 40, 26, 65},
		{11, 97, 48, 29, 84, 84, 36, 46, 46, 23, 29, 60, 47, 40, 41, 30, 98, 38, 26, 62},
		{66, 66, 64, 60, 33, 72, 10, 75, 37, 88, 34, 25, 28, 84, 94, 78, 82, 69, 11, 40},
		{86, 85, 97, 30, 42, 61, 34, 64, 29, 31, 28, 65, 94, 83, 80, 89, 96, 11, 87, 69},
		{12, 65, 21, 37, 90, 50, 35, 61, 63, 48, 40, 34, 32, 70, 65, 85, 89, 54, 57, 85},
		{26, 17, 45, 53, 54, 32, 38, 65, 90, 25, 83, 47, 62, 98, 77, 51, 60, 16, 90, 18},
		{24, 15, 47, 94, 32, 95, 87, 57, 86, 73, 91, 50, 34, 34, 76, 46, 99, 78, 66, 28},
		{21, 21, 21, 60, 73, 77, 45, 72, 20, 42, 29, 10, 42, 87, 16, 11, 77, 30, 65, 25},
		{45, 22, 24, 14, 30, 81, 32, 90, 34, 96, 89, 85, 54, 26, 12, 47, 53, 46, 88, 90},
		{68, 74, 95, 96, 34, 59, 88, 65, 33, 21, 23, 75, 36, 73, 27, 26, 45, 89, 58, 88},
		{56, 43, 88, 14, 28, 83, 58, 49, 39, 39, 23, 30, 37, 80, 63, 95, 77, 10, 49, 90},
		{61, 26, 62, 83, 30, 76, 94, 51, 50, 92, 52, 43, 37, 49, 24, 15, 14, 83, 82, 83}
	},
	{
		{28, 10, 45, 12, 76, 57, 84, 30, 14, 51, 93, 57, 95, 93, 17, 83, 36, 81, 19, 58},
		{20, 64, 17, 51, 17, 49, 18, 20, 28, 15, 89, 70, 61, 42, 59, 90, 24, 76, 40, 10},
		{89, 75, 89, 83, 36, 89, 28, 21, 67, 95, 64, 74, 46, 45, 29, 58, 86, 13, 80, 65},
		{41, 92, 57, 55, 58, 15, 25, 64, 92, 95, 36, 46, 51, 25, 81, 70, 62, 19, 70, 57},
		{30, 93, 86, 25, 92, 93, 93, 13, 77, 66, 28, 39, 29, 93, 56, 23, 47, 33, 58, 75},
		{79, 77, 90, 36, 78, 26, 32, 25, 71, 93, 37, 84, 68, 77, 44, 81, 92, 71, 56, 79},
		{54, 88, 97, 47, 95, 18, 63, 31, 20, 44, 63, 69, 35, 13, 74, 29, 25, 95, 77, 32},
		{16, 92, 70, 21, 94, 95, 96, 53, 69, 96, 44, 14, 98, 59, 62, 96, 32, 61, 42, 92},
		{76, 96, 88, 45, 26, 86, 22, 72, 24, 23, 51, 88, 62, 15, 63, 32, 53, 24, 25, 94},
		{15, 66, 56, 26, 71, 84, 76, 86, 62, 90, 82, 19, 33, 41, 89, 55, 35, 94, 13, 23},
		{89, 27, 63, 21, 95, 27, 65, 91, 29, 16, 28, 96, 54, 12, 10, 81, 25, 71, 23, 20},
		{63, 30, 99, 94, 22, 86, 79, 66, 28, 88, 25, 11, 81, 92, 31, 34, 96, 23, 60, 87},
		{66, 12, 78, 18, 36, 59, 18, 80, 19, 75, 78, 87, 64, 85, 68, 50, 39, 86, 85, 82},
		{56, 87, 58, 98, 53, 39, 13, 88, 98, 29, 23, 63, 91, 26, 34, 32, 91, 34, 67, 56},
		{14, 86, 18, 65, 18, 17, 61, 70, 67, 76, 97, 58, 71, 93, 24, 13, 46, 61, 17, 26},
		{90, 38, 15, 47, 80, 24, 51, 14, 45, 29, 21, 83, 64, 90, 43, 83, 95, 42, 14, 44},
		{19, 10, 83, 27, 75, 10, 86, 42, 35, 23, 89, 97, 20, 54, 49, 16, 63, 66, 41, 56},
		{41, 26, 38, 54, 95, 50, 10, 22, 97, 85, 36, 81, 69, 64, 12, 24, 32, 14, 55, 93},
		{41, 68, 19, 80, 62, 28, 29, 40, 71, 98, 32, 98, 66, 14, 11, 37, 51, 97, 10, 64},
		{10, 61, 50, 22, 88, 43, 95, 10, 72, 28, 43, 92, 11, 92, 69, 67, 27, 60, 33, 25},
		{70, 74, 81, 61, 90, 81, 22, 49, 21, 69, 62, 40, 34, 29, 52, 35, 17, 34, 89, 23},
		{41, 98, 46, 46, 23, 78, 38, 64, 71, 35, 88, 60, 25, 25, 66, 35, 56, 19, 33, 23},
		{25, 68, 56, 62, 19, 73, 33, 10, 66, 83, 70, 73, 28, 62, 45, 67, 43, 57, 86, 56},
		{44, 74, 49, 74, 94, 76, 49, 29, 69, 29, 43, 24, 80, 24, 95, 45, 12, 10, 71, 63},
		{22, 36, 18, 79, 20, 69, 56, 42, 88, 33, 70, 69, 92, 69, 80, 43, 48, 38, 86, 22},
		{41, 76, 80, 37, 46, 77, 38, 38, 90, 70, 72, 19, 97, 20, 16, 78, 96, 90, 12, 14},
		{16, 37, 59, 44, 71, 85, 13, 93, 24, 64, 50, 11, 90, 91, 57, 77, 20, 56, 25, 42},
		{63, 63, 91, 71, 61, 14, 93, 62, 77, 12, 48, 64, 23, 54, 75, 83, 94, 60, 19, 98},
		{23, 69, 23, 11, 60, 29, 27, 91, 23, 86, 51, 54, 41, 19, 94, 69, 86, 40, 95, 63},
		{48, 32, 21, 34, 44, 38, 70, 23, 10, 95, 96, 92, 36, 84, 84, 87, 48, 86, 59, 87}
	},
	{
		{53, 85, 11, 31, 71, 80, 80, 73, 24, 92, 17, 43, 38, 10, 53, 25, 83, 38, 44, 32},
		{32, 40, 59, 89, 48, 66, 36, 88, 51, 85, 74, 37, 12, 15, 20, 70, 29, 44, 64, 53},
		{33, 82, 73, 26, 26, 26, 46, 42, 93, 90, 53, 50, 89, 57, 39, 53, 80, 28, 56, 26},
		{78, 52, 74, 87, 39, 57, 17, 59, 26, 11, 15, 20, 35, 19, 95, 21, 22, 40, 62, 75},
		{63, 75, 44, 77, 47, 88, 55, 63, 14, 85, 28, 78, 17, 70, 20, 70, 71, 16, 38, 74},
		{60, 27, 68, 46, 94, 26, 70, 29, 69, 17, 46, 61, 71, 67, 17, 96, 92, 21, 88, 58},
		{66, 73, 90, 63, 64, 43, 62, 44, 31, 13, 16, 87, 23, 70, 91, 40, 17, 12, 11, 73},
		{30, 71, 95, 26, 38, 20, 38, 90, 45, 72, 24, 95, 26, 56, 16, 20, 50, 59, 75, 41},
		{67, 50, 33, 32, 83, 65, 22, 81, 69, 81, 24, 74, 91, 97, 83, 41, 29, 71, 15, 17},
		{60, 44, 73, 42, 15, 14, 91, 80, 87, 61, 95, 80, 56, 91, 11, 29, 81, 92, 58, 70},
		{79, 57, 16, 71, 51, 45, 43, 49, 18, 29, 51, 81, 15, 11, 70, 50, 97, 80, 68, 57},
		{31, 44, 43, 70, 66, 93, 31, 49, 15, 32, 12, 95, 94, 17, 53, 26, 38, 31, 50, 79},
		{48, 70, 79, 41, 65, 72, 56, 64, 55, 19, 49, 99, 86, 20, 77, 12, 27, 82, 33, 61},
		{82, 32, 25, 25, 94, 93, 89, 57, 38, 57, 15, 62, 21, 73, 13, 50, 37, 47, 18, 67},
		{85, 64, 82, 81, 29, 26, 99, 30, 12, 74, 88, 31, 14, 82, 43, 54, 93, 52, 88, 78},
		{75, 82, 51, 66, 72, 87, 24, 27, 11, 52, 77, 78, 49, 30, 85, 81, 17, 40, 42, 25},
		{16, 82, 30, 14, 91, 26, 70, 43, 10, 19, 90, 85, 52, 64, 46, 32, 63, 92, 68, 90},
		{52, 24, 29, 67, 22, 99, 53, 16, 74, 34, 79, 36, 77, 43, 90, 15, 41, 57, 29, 13},
		{96, 29, 35, 74, 95, 10, 81, 13, 73, 22, 50, 54, 75, 48, 74, 46, 30, 12, 23, 20},
		{42, 43, 74, 15, 95, 62, 84, 33, 28, 50, 44, 27, 60, 19, 90, 69, 48, 62, 58, 27},
		{61, 21, 57, 89, 77, 14, 30, 12, 64, 99, 16, 47, 37, 75, 41, 99, 98, 36, 83, 13},
		{68, 66, 78, 88, 92, 65, 80, 93, 19, 63, 23, 22, 34, 54, 82, 24, 73, 48, 70, 22},
		{45, 30, 48, 45, 90, 78, 47, 30, 23, 55, 69, 57, 88, 45, 22, 84, 51, 11, 26, 38},
		{97, 64, 51, 54, 87, 95, 51, 19, 64, 91, 33, 13, 34, 11, 20, 49, 12, 65, 84, 30},
		{43, 69, 99, 78, 82, 42, 73, 40, 13, 62, 56, 50, 60, 52, 35, 20, 67, 82, 93, 87},
		{36, 72, 41, 52, 92, 69, 48, 67, 78, 35, 57, 63, 76, 60, 23, 29, 56, 40, 55, 42},
		{67, 65, 42, 44, 79, 99, 59, 75, 72, 25, 58, 20, 33, 14, 40, 56, 84, 92, 45, 59},
		{36, 69, 39, 49, 52, 66, 96, 33, 88, 17, 27, 39, 66, 80, 66, 76, 43, 33, 76, 66},
		{80, 21, 30, 14, 21, 27, 90, 92, 29, 97, 61, 57, 67, 64, 86, 59, 12, 76, 58, 27},
		{88, 72, 62, 80, 15, 51, 44, 24, 47, 78, 71, 64, 10, 86, 14, 36, 97, 14, 56, 80}
	},
	{
		{88, 50, 88, 19, 26, 81, 86, 12, 12, 89, 31, 87, 98, 48, 34, 21, 33, 24, 99, 78},
		{42, 78, 18, 20, 69, 24, 57, 23, 80, 98, 53, 97, 89, 25, 44, 50, 20, 60, 35, 29},
		{27, 52, 48, 72, 34, 56, 54, 43, 85, 97, 41, 57, 53, 25, 85, 68, 23, 96, 66, 48},
		{67, 80, 81, 41, 83, 94, 53, 85, 54, 18, 61, 19, 53, 85, 52, 22, 49, 88, 36, 89},
		{23, 88, 42, 13, 53, 87, 63, 20, 55, 30, 77, 33, 93, 98, 93, 85, 61, 20, 67, 11},
		{73, 86, 20, 81, 46, 78, 19, 71, 36, 43, 85, 26, 95, 83, 87, 81, 44, 28, 90, 92},
		{54, 29, 52, 64, 77, 91, 73, 13, 29, 22, 95, 85, 87, 21, 62, 16, 62, 79, 46, 20},
		{77, 20, 76, 55, 74, 68, 29, 82, 58, 66, 59, 56, 45, 85, 82, 35, 78, 33, 56, 92},
		{78, 81, 18, 99, 92, 81, 14, 99, 48, 89, 82, 74, 93, 14, 77, 62, 56, 25, 68, 68},
		{38, 71, 85, 46, 72, 68, 50, 93, 96, 66, 91, 37, 23, 93, 13, 81, 45, 52, 78, 17},
		{86, 56, 72, 82, 73, 99, 26, 40, 33, 45, 27, 13, 24, 39, 84, 87, 33, 77, 69, 92},
		{66, 48, 53, 53, 60, 25, 31, 92, 72, 65, 65, 44, 53, 95, 81, 91, 11, 68, 62, 34},
		{29, 13, 62, 78, 96, 26, 10, 40, 43, 96, 72, 44, 48, 17, 91, 45, 85, 74, 17, 19},
		{89, 55, 76, 25, 83, 14, 17, 43, 95, 67, 93, 52, 70, 81, 21, 92, 72, 69, 51, 86},
		{31, 76, 64, 52, 85, 83, 44, 80, 93, 93, 64, 45, 74, 29, 78, 22, 58, 60, 36, 15},
		{99, 53, 45, 82, 63, 38, 36, 27, 99, 60, 84, 86, 60, 37, 52, 95, 94, 12, 41, 61},
		{58, 77, 43, 74, 53, 46, 53, 33, 35, 42, 58, 19, 14, 95, 54, 73, 22, 49, 84, 68},
		{40, 21, 56, 52, 24, 20, 60, 91, 23, 58, 25, 94, 88, 95, 75, 68, 93, 75, 69, 76},
		{82, 90, 36, 30, 32, 69, 75, 48, 47, 54, 47, 34, 78, 23, 24, 66, 49, 13, 90, 11},
		{63, 75, 12, 64, 67, 57, 52, 88, 96, 56, 78, 22, 81, 60, 24, 25, 47, 46, 89, 50},
		{21, 93, 82, 80, 38, 87, 67, 54, 54, 21, 21, 65, 18, 15, 17, 22, 67, 83, 20, 25},
		{16, 33, 64, 55, 27, 24, 89, 18, 40, 76, 19, 44, 89, 89, 96, 95, 26, 33, 42, 68},
		{53, 44, 76, 45, 73, 68, 21, 74, 84, 20, 33, 69, 14, 35, 86, 59, 55, 14, 25, 33},
		{25, 78, 90, 54, 80, 19, 60, 12, 28, 22, 23, 35, 45, 12, 83, 11, 13, 91, 63, 38},
		{49, 30, 10, 55, 37, 87, 98, 77, 16, 82, 58, 14, 58, 16, 37, 86, 52, 74, 67, 77},
		{41, 20, 16, 93, 20, 90, 51, 28, 19, 61, 46, 19, 46, 88, 88, 29, 33, 85, 24, 28},
		{95, 94, 45, 71, 88, 45, 19, 57, 40, 81, 24, 10, 54, 44, 50, 71, 36, 80, 58, 62},
		{71, 15, 45, 59, 26, 88, 90, 62, 50, 51, 36, 15, 97, 62, 75, 69, 77, 98, 76, 87},
		{41, 45, 14, 37, 81, 32, 90, 62, 12, 41, 97, 32, 64, 33, 57, 97, 82, 94, 81, 86},
		{16, 22, 25, 46, 61, 17, 40, 92, 89, 28, 11, 94, 84, 53, 55, 46, 26, 69, 36, 72}
	},
	{
		{89, 87, 56, 47, 90, 61, 52, 69, 83, 98, 58, 22, 36, 99, 26, 27, 96, 35, 32, 81},
		{63, 37, 34, 50, 83, 11, 40, 29, 19, 78, 91, 17, 37, 83, 97, 25, 62, 78, 69, 68},
		{54, 52, 41, 52, 79, 31, 35, 77, 85, 56, 83, 71, 22, 82, 49, 63, 25, 38, 70, 15},
		{84, 41, 51, 36, 24, 91, 72, 49, 11, 17, 79, 75, 38, 75, 41, 10, 21, 71, 15, 80},
		{80, 61, 34, 55, 32, 67, 55, 12, 90, 38, 29, 30, 18, 30, 55, 82, 38, 43, 14, 93},
		{23, 33, 47, 77, 71, 15, 41, 10, 30, 64, 76, 25, 86, 67, 96, 42, 43, 93, 99, 86},
		{50, 37, 13, 63, 18, 47, 43, 87, 71, 90, 91, 59, 51, 15, 38, 93, 92, 25, 46, 37},
		{10, 17, 17, 83, 43, 34, 65, 59, 10, 84, 82, 50, 75, 20, 96, 37, 42, 16, 54, 23},
		{10, 47, 57, 32, 77, 53, 54, 90, 76, 57, 94, 34, 65, 77, 83, 78, 32, 43, 62, 86},
		{34, 75, 87, 48, 23, 92, 56, 29, 76, 19, 61, 74, 63, 13, 58, 74, 61, 33, 83, 79},
		{48, 78, 89, 72, 23, 58, 43, 55, 52, 34, 90, 23, 57, 52, 10, 33, 19, 25, 15, 84},
		{77, 57, 51, 94, 73, 38, 96, 88, 24, 15, 71, 11, 20, 10, 58, 90, 33, 75, 46, 12},
		{26, 90, 62, 16, 20, 15, 54, 89, 10, 54, 96, 23, 99, 49, 42, 98, 25, 88, 95, 22},
		{42, 63, 92, 41, 82, 76, 73, 54, 31, 69, 49, 40, 18, 86, 46, 88, 69, 18, 26, 43},
		{58, 81, 93, 45, 28, 97, 77, 68, 84, 73, 86, 82, 86, 27, 14, 15, 75, 48, 98, 80},
		{81, 80, 30, 72, 74, 41, 23, 63, 11, 13, 70, 68, 80, 24, 52, 92, 42, 26, 69, 52},
		{85, 71, 56, 51, 80, 25, 31, 36, 76, 11, 52, 56, 99, 64, 87, 59, 12, 79, 39, 69},
		{32, 30, 56, 80, 53, 93, 66, 85, 87, 31, 18, 16, 59, 20, 60, 54, 75, 32, 54, 48},
		{60, 41, 43, 13, 10, 27, 52, 46, 79, 76, 29, 72, 40, 53, 31, 29, 14, 34, 69, 52},
		{17, 86, 68, 62, 99, 41, 78, 96, 52, 99, 32, 67, 21, 85, 70, 98, 39, 80, 54, 23},
		{84, 61, 20, 31, 84, 93, 82, 89, 89, 68, 91, 62, 43, 15, 96, 42, 78, 56, 87, 17},
		{59, 61, 88, 52, 14, 63, 11, 12, 31, 84, 57, 47, 42, 12, 68, 65, 13, 15, 99, 15},
		{92, 46, 65, 38, 79, 51, 16, 23, 47, 33, 44, 95, 56, 74, 16, 79, 60, 54, 10, 88},
		{33, 34, 30, 95, 45, 60, 84, 27, 28, 58, 73, 78, 82, 58, 41, 21, 38, 34, 76, 68},
		{40, 97, 50, 87, 20, 90, 89, 29, 54, 37, 55, 85, 95, 15, 40, 62, 12, 57, 42, 25},
		{66, 80, 98, 87, 86, 40, 62, 75, 39, 71, 57, 34, 33, 80, 78, 86, 66, 27, 56, 55},
		{69, 29, 79, 53, 33, 53, 58, 65, 39, 99, 71, 31, 40, 60, 12, 38, 18, 51, 11, 90},
		{10, 35, 64, 26, 95, 98, 83, 51, 68, 90, 47, 82, 65, 82, 77, 14, 58, 44, 27, 80},
		{28, 70, 35, 51, 12, 75, 38, 91, 23, 50, 33, 25, 60, 48, 46, 68, 79, 89, 12, 48},
		{34, 96, 70, 59, 31, 35, 28, 17, 66, 89, 59, 92, 53, 91, 40, 13, 56, 99, 39, 97}
	},
	{
		{24, 57, 56, 72, 65, 59, 75, 74, 51, 38, 41, 19, 78, 56, 75, 80, 30, 35, 14, 92},
		{13, 45, 11, 14, 39, 46, 43, 41, 98, 98, 42, 14, 19, 45, 57, 30, 94, 23, 60, 83},
		{82, 35, 76, 75, 59, 27, 29, 37, 59, 63, 81, 77, 79, 26, 76, 92, 66, 36, 23, 93},
		{70, 36, 90, 41, 32, 63, 61, 59, 45, 17, 28, 14, 47, 89, 15, 71, 88, 53, 32, 73},
		{92, 87, 50, 82, 30, 63, 33, 27, 53, 57, 65, 73, 10, 46, 32, 82, 86, 26, 50, 11},
		{41, 19, 39, 54, 29, 69, 69, 42, 84, 54, 70, 89, 55, 71, 70, 44, 77, 44, 88, 58},
		{59, 95, 48, 43, 29, 57, 68, 99, 50, 89, 48, 45, 82, 81, 94, 94, 61, 68, 46, 12},
		{23, 10, 26, 33, 59, 97, 70, 12, 60, 62, 45, 64, 47, 14, 88, 60, 62, 75, 55, 78},
		{53, 77, 27, 64, 51, 91, 54, 67, 66, 77, 73, 82, 25, 59, 73, 31, 98, 36, 55, 72},
		{34, 97, 76, 51, 38, 95, 71, 63, 41, 56, 22, 26, 27, 30, 65, 18, 88, 47, 21, 24},
		{95, 35, 22, 98, 66, 90, 39, 31, 92, 14, 81, 57, 86, 74, 71, 93, 71, 12, 63, 17},
		{50, 78, 67, 98, 20, 64, 81, 81, 87, 90, 25, 12, 61, 85, 53, 11, 27, 40, 95, 65},
		{47, 17, 23, 90, 35, 38, 69, 26, 64, 52, 95, 46, 88, 54, 62, 85, 67, 90, 94, 95},
		{84, 91, 47, 85, 79, 91, 50, 46, 15, 45, 79, 89, 15, 85, 46, 51, 81, 42, 99, 85},
		{36, 67, 31, 79, 98, 55, 22, 72, 24, 26, 33, 13, 95, 80, 55, 73, 18, 10, 21, 93},
		{45, 89, 95, 37, 65, 11, 22, 81, 59, 42, 91, 33, 75, 62, 78, 10, 78, 89, 85, 86},
		{78, 15, 44, 77, 33, 91, 73, 92, 94, 25, 81, 94, 60, 81, 47, 55, 91, 46, 18, 84},
		{16, 49, 18, 69, 76, 86, 88, 46, 31, 37, 44, 82, 42, 49, 66, 46, 56, 97, 73, 69},
		{40, 90, 39, 68, 59, 89, 15, 17, 50, 74, 96, 75, 87, 43, 91, 79, 20, 96, 94, 44},
		{37, 82, 80, 51, 91, 26, 15, 35, 33, 73, 80, 23, 56, 32, 73, 64, 42, 67, 63, 81},
		{76, 19, 65, 61, 90, 81, 27, 95, 61, 89, 42, 41, 97, 54, 19, 48, 14, 68, 25, 80},
		{70, 63, 87, 90, 26, 44, 50, 85, 49, 11, 67, 90, 58, 15, 82, 89, 29, 58, 62, 68},
		{76, 20, 13, 65, 10, 85, 34, 39, 60, 94, 89, 32, 73, 93, 99, 99, 42, 46, 83, 59},
		{87, 58, 73, 75, 66, 78, 94, 94, 58, 44, 21, 79, 12, 31, 44, 96, 51, 87, 72, 81},
		{25, 28, 56, 81, 68, 15, 89, 72, 89, 95, 94, 81, 68, 36, 65, 72, 63, 93, 74, 87},
		{39, 49, 39, 48, 67, 59, 66, 81, 24, 82, 25, 77, 41, 14, 17, 24, 67, 40, 86, 43},
		{85, 76, 10, 33, 25, 55, 97, 64, 37, 70, 21, 10, 91, 53, 62, 13, 89, 53, 27, 77},
		{31, 46, 54, 98, 84, 24, 63, 34, 89, 85, 65, 19, 24, 66, 25, 20, 94, 97, 28, 35},
		{64, 90, 30, 64, 62, 76, 38, 12, 81, 56, 30, 34, 46, 94, 77, 99, 70, 23, 57, 21},
		{73, 51, 32, 85, 59, 72, 90, 11, 83, 45, 31, 76, 30, 43, 95, 96, 23, 10, 55, 34}
	},
	{
		{98, 46, 17, 59, 37, 55, 47, 76, 85, 82, 61, 44, 77, 13, 95, 45, 32, 78, 62, 59},
		{46, 58, 16, 93, 20, 21, 69, 61, 13, 45, 10, 92, 16, 72, 91, 51, 36, 22, 14, 98},
		{75, 37, 11, 50, 67, 27, 96, 61, 84, 16, 56, 37, 25, 63, 87, 95, 65, 63, 57, 23},
		{94, 56, 28, 67, 94, 85, 18, 78, 38, 86, 82, 90, 67, 93, 51, 22, 20, 43, 91, 62},
		{16, 12, 94, 56, 68, 41, 95, 93, 16, 35, 55, 72, 20, 66, 48, 40, 47, 27, 61, 76},
		{78, 74, 20, 90, 93, 11, 76, 58, 39, 32, 70, 59, 16, 12, 60, 55, 19, 92, 15, 84},
		{18, 81, 77, 90, 18, 40, 62, 29, 58, 21, 70, 13, 53, 52, 17, 13, 64, 20, 64, 47},
		{68, 26, 93, 31, 48, 38, 97, 97, 64, 49, 33, 34, 10, 36, 99, 33, 48, 92, 37, 58},
		{60, 81, 60, 39, 91, 43, 46, 51, 92, 45, 59, 91, 88, 38, 93, 33, 10, 79, 50, 56},
		{48, 85, 90, 70, 42, 84, 38, 40, 17, 52, 50, 17, 80, 76, 12, 62, 59, 17, 69, 40},
		{25, 44, 94, 90, 94, 10, 96, 92, 83, 61, 15, 47, 34, 79, 75, 81, 17, 47, 33, 60},
		{36, 95, 49, 89, 80, 91, 63, 80, 92, 47, 74, 23, 85, 39, 51, 98, 21, 33, 40, 62},
		{14, 62, 51, 40, 38, 93, 22, 63, 71, 63, 62, 89, 38, 99, 89, 94, 85, 71, 91, 71},
		{31, 90, 38, 10, 99, 91, 64, 88, 19, 57, 71, 71, 36, 59, 10, 24, 16, 64, 78, 90},
		{41, 43, 92, 67, 44, 26, 39, 26, 10, 51, 84, 77, 77, 35, 18, 38, 33, 42, 46, 10},
		{70, 58, 44, 21, 84, 71, 75, 97, 26, 81, 93, 68, 15, 34, 37, 16, 61, 39, 87, 26},
		{77, 73, 69, 51, 39, 68, 87, 41, 26, 64, 74, 82, 87, 23, 16, 12, 50, 85, 70, 29},
		{99, 95, 96, 31, 98, 10, 31, 63, 57, 26, 52, 41, 96, 81, 99, 76, 72, 17, 22, 48},
		{74, 47, 97, 88, 21, 37, 12, 92, 44, 53, 26, 53, 17, 91, 37, 31, 97, 50, 63, 98},
		{16, 15, 36, 65, 51, 64, 81, 32, 65, 82, 83, 71, 70, 69, 82, 61, 13, 28, 17, 51},
		{79, 69, 42, 96, 12, 61, 12, 55, 17, 75, 84, 89, 25, 58, 68, 38, 40, 39, 41, 77},
		{56, 57, 88, 84, 68, 97, 96, 35, 20, 61, 41, 12, 83, 83, 27, 40, 73, 87, 33, 36},
		{81, 41, 52, 13, 11, 76, 21, 87, 39, 81, 14, 78, 18, 64, 49, 19, 66, 22, 46, 82},
		{61, 55, 44, 42, 82, 51, 40, 53, 35, 89, 88, 45, 96, 60, 74, 40, 31, 89, 13, 93},
		{82, 77, 16, 27, 66, 84, 62, 51, 98, 33, 88, 11, 80, 98, 10, 97, 33, 26, 36, 43},
		{74, 50, 63, 88, 36, 11, 77, 16, 81, 59, 27, 55, 75, 74, 31, 82, 97, 13, 37, 12},
		{56, 57, 69, 44, 13, 92, 97, 86, 46, 80, 85, 80, 37, 72, 77, 14, 81, 16, 78, 56},
		{98, 66, 54, 88, 82, 78, 26, 64, 43, 21, 79, 42, 77, 90, 81, 46, 80, 48, 42, 77},
		{61, 52, 59, 41, 95, 53, 34, 59, 11, 47, 55, 89, 50, 19, 36, 12, 51, 62, 47, 94},
		{63, 29, 88, 43, 96, 47, 97, 14, 91, 53, 88, 92, 47, 34, 52, 16, 50, 88, 72, 64}
	},
	{
		{67, 16, 13, 17, 95, 99, 41, 98, 30, 70, 67, 58, 72, 78, 83, 80, 54, 48, 34, 31},
		{13, 60, 97, 15, 48, 30, 23, 63, 68, 69, 98, 45, 75, 35, 85, 82, 68, 48, 97, 72},
		{83, 42, 71, 84, 13, 94, 64, 25, 96, 55, 68, 17, 53, 53, 83, 57, 32, 25, 93, 21},
		{92, 73, 85, 19, 79, 48, 96, 31, 40, 80, 69, 66, 20, 76, 64, 67, 56, 41, 68, 64},
		{12, 13, 37, 67, 56, 77, 83, 30, 53, 48, 42, 87, 31, 97, 58, 64, 77, 85, 99, 99},
		{65, 62, 89, 90, 12, 47, 17, 34, 92, 49, 58, 44, 56, 39, 43, 66, 46, 34, 30, 35},
		{88, 65, 46, 45, 11, 42, 17, 71, 92, 73, 43, 39, 24, 70, 87, 44, 64, 36, 22, 33},
		{61, 55, 89, 24, 42, 78, 94, 61, 38, 98, 39, 53, 39, 45, 13, 79, 39, 40, 55, 86},
		{17, 24, 20, 11, 12, 61, 49, 40, 93, 61, 71, 89, 79, 70, 13, 18, 68, 37, 13, 42},
		{40, 79, 94, 52, 22, 99, 42, 31, 88, 73, 29, 84, 66, 87, 18, 28, 83, 12, 62, 57},
		{55, 50, 50, 61, 39, 82, 44, 41, 68, 52, 70, 22, 24, 80, 77, 20, 95, 88, 50, 64},
		{63, 68, 73, 51, 74, 45, 58, 94, 97, 87, 28, 32, 60, 89, 42, 20, 69, 19, 12, 15},
		{66, 41, 75, 23, 10, 69, 27, 47, 95, 58, 72, 71, 89, 42, 39, 65, 91, 71, 34, 39},
		{13, 76, 62, 56, 42, 81, 72, 62, 26, 40, 89, 18, 13, 43, 86, 98, 52, 69, 47, 62},
		{93, 14, 49, 32, 71, 22, 70, 79, 48, 45, 98, 62, 31, 35, 31, 33, 58, 63, 54, 45},
		{17, 53, 77, 38, 42, 37, 92, 36, 70, 88, 17, 63, 34, 48, 55, 26, 62, 77, 79, 41},
		{98, 89, 53, 35, 79, 62, 95, 73, 86, 46, 32, 66, 22, 54, 19, 28, 17, 16, 89, 92},
		{31, 71, 94, 11, 25, 57, 71, 73, 40, 85, 25, 46, 51, 63, 42, 16, 89, 49, 66, 18},
		{73, 90, 55, 27, 88, 38, 72, 80, 93, 23, 42, 84, 18, 60, 51, 55, 14, 44, 55, 12},
		{74, 43, 58, 47, 37, 18, 29, 85, 77, 90, 51, 58, 66, 80, 47, 36, 80, 82, 65, 31},
		{50, 76, 81, 19, 56, 18, 45, 95, 73, 39, 98, 95, 30, 84, 66, 35, 38, 61, 64, 20},
		{85, 66, 67, 68, 20, 40, 34, 29, 68, 93, 75, 91, 64, 15, 49, 91, 93, 76, 77, 13},
		{38, 43, 83, 34, 88, 82, 10, 45, 53, 37, 81, 88, 93, 66, 21, 15, 10, 22, 77, 24},
		{50, 53, 26, 94, 89, 59, 98, 85, 65, 23, 96, 19, 84, 36, 73, 91, 92, 97, 63, 70},
		{78, 82, 53, 25, 48, 60, 15, 41, 18, 17, 52, 10, 51, 25, 15, 71, 55, 81, 22, 32},
		{45, 44, 15, 97, 75, 53, 77, 23, 32, 92, 32, 71, 14, 38, 36, 49, 58, 10, 63, 88},
		{92, 49, 26, 59, 60, 51, 25, 60, 14, 70, 39, 19, 57, 35, 93, 17, 56, 41, 63, 47},
		{98, 67, 85, 90, 51, 24, 36, 17, 40, 19, 57, 94, 46, 83, 46, 27, 71, 32, 49, 34},
		{81, 84, 84, 57, 96, 39, 55, 43, 49, 12, 62, 94, 44, 29, 72, 55, 51, 40, 86, 83},
		{50, 17, 44, 21, 78, 17, 32, 82, 33, 56, 74, 60, 76, 43, 88, 88, 33, 14, 75, 21}
	},
	{
		{99, 32, 49, 43, 47, 14, 41, 45, 48, 61, 47, 69, 27, 46, 11, 54, 53, 22, 56, 70},
		{34, 96, 88, 11, 62, 26, 55, 49, 83, 40, 98, 85, 36, 81, 73, 27, 66, 99, 97, 63},
		{50, 52, 61, 85, 40, 10, 18, 33, 32, 66, 49, 57, 21, 37, 41, 60, 67, 27, 86, 26},
		{63, 54, 89, 93, 67, 19, 19, 20, 57, 57, 33, 86, 16, 92, 24, 17, 57, 72, 24, 43},
		{88, 33, 39, 92, 99, 21, 84, 81, 23, 42, 13, 98, 73, 58, 20, 70, 47, 94, 75, 71},
		{53, 13, 62, 62, 45, 72, 44, 79, 44, 85, 37, 18, 49, 29, 15, 18, 10, 27, 69, 43},
		{45, 72, 67, 58, 94, 11, 74, 66, 31, 41, 11, 96, 15, 44, 59, 22, 85, 39, 73, 44},
		{73, 20, 83, 52, 18, 84, 88, 46, 64, 29, 51, 51, 45, 84, 75, 11, 37, 17, 85, 22},
		{86, 15, 44, 67, 86, 43, 89, 77, 48, 34, 83, 63, 33, 85, 50, 94, 68, 61, 31, 32},
		{19, 83, 82, 50, 30, 69, 59, 77, 10, 40, 46, 83, 76, 62, 13, 16, 54, 29, 34, 12},
		{75, 41, 33, 21, 40, 35, 97, 30, 14, 80, 64, 42, 85, 33, 98, 67, 23, 66, 43, 52},
		{89, 54, 50, 75, 49, 59, 75, 87, 84, 32, 34, 38, 99, 35, 39, 86, 97, 54, 37, 86},
		{49, 24, 57, 34, 92, 84, 45, 68, 55, 93, 51, 39, 14, 34, 15, 54, 34, 47, 23, 65},
		{72, 99, 10, 28, 53, 96, 80, 94, 95, 80, 43, 17, 27, 86, 85, 84, 38, 71, 69, 99},
		{76, 41, 77, 92, 84, 21, 65, 43, 65, 11, 75, 20, 56, 15, 73, 81, 39, 92, 96, 80},
		{51, 36, 26, 58, 78, 31, 38, 47, 87, 51, 17, 55, 24, 62, 49, 46, 52, 92, 43, 21},
		{25, 98, 79, 24, 75, 69, 66, 46, 26, 20, 56, 54, 48, 53, 75, 17, 56, 54, 73, 59},
		{93, 11, 73, 86, 69, 15, 70, 41, 62, 94, 37, 19, 50, 26, 35, 20, 92, 11, 78, 23},
		{82, 74, 65, 15, 79, 23, 54, 51, 20, 77, 25, 34, 62, 96, 66, 31, 44, 11, 53, 54},
		{25, 69, 82, 55, 76, 98, 87, 88, 51, 87, 34, 16, 74, 59, 70, 41, 54, 40, 24, 18},
		{52, 99, 10, 79, 85, 94, 11, 31, 66, 71, 38, 28, 42, 37, 28, 71, 60, 42, 47, 24},
		{19, 16, 18, 74, 17, 32, 99, 51, 70, 97, 64, 71, 41, 19, 50, 29, 38, 43, 53, 11},
		{91, 53, 31, 49, 17, 35, 40, 21, 80, 62, 94, 33, 93, 11, 76, 87, 13, 36, 83, 44},
		{73, 55, 47, 79, 78, 86, 36, 43, 47, 49, 15, 54, 61, 49, 28, 65, 19, 53, 42, 72},
		{69, 17, 63, 20, 54, 91, 94, 80, 69, 52, 71, 25, 27, 48, 21, 12, 51, 58, 57, 15},
		{49, 41, 99, 31, 13, 39, 74, 45, 33, 21, 51, 39, 42, 51, 41, 39, 29, 13, 95, 89},
		{23, 29, 32, 33, 35, 80, 84, 11, 96, 12, 82, 36, 19, 10, 99, 44, 44, 78, 30, 50},
		{99, 20, 39, 34, 85, 19, 58, 79, 63, 83, 95, 87, 56, 65, 72, 30, 48, 44, 99, 92},
		{74, 50, 11, 94, 57, 65, 23, 90, 63, 76, 26, 95, 22, 46, 78, 22, 97, 99, 42, 87},
		{64, 47, 85, 60, 80, 80, 55, 71, 23, 45, 87, 54, 89, 49, 49, 89, 90, 88, 51, 53}
	},
	{
		{56, 11, 15, 83, 47, 71, 97, 99, 10, 18, 66, 28, 80, 82, 98, 56, 74, 76, 16, 72},
		{80, 70, 40, 90, 12, 31, 68, 94, 18, 95, 55, 47, 80, 61, 69, 20, 21, 98, 66, 47},
		{88, 35, 14, 22, 92, 30, 53, 20, 18, 71, 76, 58, 22, 36, 26, 31, 63, 88, 44, 62},
		{34, 96, 76, 40, 89, 44, 12, 85, 81, 17, 18, 62, 12, 47, 14, 94, 20, 10, 29, 93},
		{73, 75, 94, 31, 68, 33, 13, 52, 45, 71, 30, 48, 63, 29, 38, 80, 16, 96, 18, 62},
		{98, 84, 61, 59, 83, 40, 62, 75, 67, 25, 64, 70, 52, 82, 13, 17, 74, 97, 38, 95},
		{47, 59, 34, 69, 81, 14, 12, 74, 15, 27, 75, 86, 68, 75, 52, 82, 62, 15, 11, 80},
		{35, 36, 83, 60, 21, 76, 77, 16, 98, 63, 93, 36, 61, 50, 10, 75, 91, 57, 88, 84},
		{81, 70, 66, 15, 92, 70, 80, 85, 23, 42, 74, 75, 85, 82, 68, 30, 84, 76, 46, 22},
		{63, 57, 87, 38, 37, 98, 16, 75, 35, 90, 67, 93, 17, 25, 96, 86, 53, 42, 65, 65},
		{10, 83, 27, 92, 90, 71, 38, 33, 71, 62, 97, 45, 33, 49, 62, 62, 35, 60, 72, 20},
		{97, 64, 39, 46, 18, 28, 73, 57, 82, 90, 55, 29, 87, 53, 99, 37, 29, 54, 12, 87},
		{45, 49, 34, 75, 94, 70, 91, 97, 89, 64, 56, 30, 64, 88, 67, 34, 73, 59, 75, 95},
		{31, 20, 99, 51, 30, 68, 75, 88, 48, 48, 36, 23, 12, 31, 11, 50, 39, 91, 68, 54},
		{23, 17, 44, 57, 24, 81, 42, 58, 42, 87, 45, 71, 91, 72, 72, 17, 33, 68, 19, 77},
		{29, 67, 74, 31, 76, 75, 73, 28, 59, 19, 85, 57, 66, 87, 83, 74, 13, 18, 46, 47},
		{68, 39, 46, 70, 95, 90, 19, 47, 39, 53, 62, 47, 15, 81, 67, 88, 64, 41, 17, 24},
		{69, 71, 64, 82, 30, 91, 26, 77, 17, 97, 25, 42, 38, 10, 96, 43, 50, 79, 87, 30},
		{53, 94, 73, 71, 36, 54, 94, 98, 98, 18, 65, 82, 85, 92, 97, 20, 40, 39, 18, 44},
		{46, 54, 73, 48, 52, 67, 76, 62, 22, 42, 20, 10, 91, 90, 85, 86, 35, 80, 96, 83},
		{25, 41, 81, 31, 53, 40, 19, 87, 22, 17, 21, 37, 67, 18, 24, 81, 81, 42, 16, 83},
		{31, 70, 37, 87, 42, 64, 20, 81, 47, 97, 54, 76, 69, 83, 82, 28, 64, 40, 99, 63},
		{93, 57, 94, 33, 32, 49, 18, 65, 65, 11, 52, 38, 47, 56, 78, 90, 54, 22, 78, 67},
		{43, 47, 69, 14, 69, 17, 20, 82, 97, 90, 63, 43, 46, 78, 69, 27, 48, 79, 40, 20},
		{11, 90, 11, 51, 38, 44, 69, 59, 66, 41, 49, 35, 23, 42, 74, 41, 94, 78, 87, 72},
		{22, 90, 28, 54, 60, 55, 12, 47, 78, 19, 74, 85, 37, 70, 53, 15, 79, 12, 36, 56},
		{49, 28, 68, 62, 21, 82, 27, 39, 44, 83, 60, 19, 82, 30, 95, 83, 86, 55, 99, 95},
		{66, 25, 50, 51, 10, 31, 86, 40, 41, 36, 64, 72, 40, 54, 47, 70, 91, 21, 98, 66},
		{18, 27, 63, 86, 60, 42, 63, 98, 39, 61, 87, 60, 75, 96, 61, 13, 77, 65, 39, 42},
		{30, 90, 25, 51, 17, 29, 22, 30, 68, 26, 17, 77, 99, 30, 40, 99, 78, 69, 61, 40}
	},
	{
		{49, 87, 62, 95, 32, 25, 93, 57, 93, 63, 12, 14, 56, 90, 17, 40, 87, 71, 26, 35},
		{85, 73, 79, 11, 75, 67, 65, 50, 28, 67, 46, 18, 42, 89, 20, 29, 50, 97, 67, 84},
		{56, 49, 76, 33, 68, 27, 76, 28, 31, 96, 43, 34, 62, 16, 43, 61, 38, 97, 58, 46},
		{87, 22, 73, 58, 93, 52, 16, 40, 86, 35, 86, 35, 83, 13, 65, 19, 26, 91, 62, 88},
		{91, 34, 70, 97, 82, 23, 36, 42, 76, 55, 53, 16, 97, 50, 50, 28, 95, 75, 19, 28},
		{23, 57, 62, 67, 40, 18, 26, 40, 92, 98, 76, 67, 26, 20, 64, 12, 88, 32, 30, 66},
		{54, 51, 24, 80, 71, 70, 51, 23, 27, 86, 81, 14, 73, 12, 54, 19, 63, 21, 53, 24},
		{54, 58, 48, 57, 10, 54, 44, 24, 79, 85, 70, 94, 10, 79, 90, 25, 56, 46, 28, 61},
		{40, 27, 46, 84, 71, 19, 68, 37, 55, 28, 85, 23, 88, 30, 80, 54, 50, 20, 36, 68},
		{47, 16, 79, 45, 68, 88, 51, 47, 34, 35, 40, 68, 50, 15, 38, 61, 34, 59, 30, 16},
		{24, 15, 87, 54, 20, 24, 61, 27, 93, 35, 44, 92, 99, 77, 74, 26, 52, 19, 58, 59},
		{16, 35, 90, 90, 51, 82, 52, 52, 21, 25, 89, 31, 77, 76, 45, 87, 19, 89, 93, 48},
		{84, 88, 36, 98, 62, 88, 29, 26, 39, 64, 21, 57, 46, 12, 61, 49, 74, 10, 29, 94},
		{31, 94, 84, 68, 24, 22, 52, 74, 56, 77, 46, 72, 39, 84, 25, 55, 78, 22, 56, 74},
		{83, 66, 45, 34, 51, 87, 59, 16, 21, 64, 53, 68, 23, 28, 32, 35, 84, 43, 19, 53},
		{77, 41, 83, 92, 67, 80, 81, 68, 61, 97, 18, 23, 60, 12, 50, 76, 26, 99, 82, 36},
		{18, 87, 98, 47, 76, 37, 20, 45, 11, 79, 43, 91, 45, 95, 43, 20, 14, 25, 33, 61},
		{46, 75, 18, 53, 51, 16, 27, 52, 66, 95, 63, 48, 34, 98, 29, 18, 15, 55, 92, 16},
		{89, 89, 86, 16, 50, 85, 80, 97, 19, 21, 73, 46, 82, 41, 90, 37, 97, 17, 41, 95},
		{18, 11, 82, 73, 85, 23, 69, 16, 55, 40, 81, 46, 48, 87, 92, 12, 91, 50, 52, 51},
		{35, 83, 76, 90, 39, 41, 58, 82, 43, 67, 49, 32, 95, 49, 74, 53, 36, 74, 67, 79},
		{51, 24, 96, 76, 21, 73, 27, 10, 20, 27, 28, 90, 51, 19, 90, 69, 85, 10, 20, 42},
		{94, 65, 32, 46, 62, 30, 52, 76, 96, 64, 34, 76, 59, 71, 24, 52, 75, 94, 64, 20},
		{30, 94, 26, 32, 92, 83, 63, 14, 10, 68, 34, 12, 94, 24, 34, 93, 69, 23, 59, 94},
		{52, 99, 88, 48, 36, 58, 56, 91, 91, 18, 32, 27, 88, 93, 70, 84, 36, 28, 81, 59},
		{68, 76, 50, 82, 19, 59, 84, 90, 21, 66, 74, 76, 99, 87, 70, 87, 60, 76, 39, 27},
		{49, 14, 12, 79, 47, 51, 52, 39, 53, 20, 45, 37, 91, 70, 50, 58, 75, 76, 96, 73},
		{11, 52, 49, 87, 55, 72, 68, 15, 68, 17, 86, 72, 57, 31, 76, 13, 50, 95, 85, 87},
		{52, 29, 34, 97, 73, 26, 70, 93, 29, 37, 18, 49, 33, 83, 66, 40, 10, 35, 57, 42},
		{99, 96, 90, 17, 45, 74, 26, 86, 15, 76, 79, 78, 55, 30, 73, 73, 12, 68, 28, 38}
	},
	{
		{66, 35, 90, 83, 51, 84, 80, 58, 87, 94, 91, 72, 49, 59, 63, 53, 20, 78, 61, 14},
		{29, 45, 53, 84, 27, 20, 71, 25, 67, 37, 63, 26, 24, 13, 41, 17, 50, 49, 96, 42},
		{11, 74, 33, 38, 89, 26, 50, 79, 93, 53, 53, 40, 50, 15, 73, 51, 49, 78, 57, 84},
		{12, 60, 90, 66, 39, 39, 34, 40, 43, 51, 82, 15, 89, 32, 20, 30, 23, 83, 84, 34},
		{37, 79, 52, 26, 84, 33, 24, 14, 33, 40, 55, 47, 80, 14, 77, 62, 26, 56, 68, 16},
		{82, 37, 45, 43, 17, 28, 52, 26, 99, 81, 10, 42, 74, 98, 17, 83, 27, 78, 27, 50},
		{17, 73, 46, 15, 55, 35, 55, 42, 74, 95, 84, 56, 94, 86, 31, 69, 90, 23, 55, 47},
		{44, 56, 43, 57, 48, 89, 34, 58, 45, 58, 74, 61, 34, 58, 34, 21, 80, 86, 46, 39},
		{76, 32, 83, 37, 26, 32, 57, 17, 37, 16, 22, 32, 48, 30, 30, 53, 84, 77, 15, 30},
		{11, 83, 56, 67, 24, 46, 97, 73, 33, 57, 37, 59, 96, 26, 79, 86, 77, 89, 79, 61},
		{66, 92, 30, 92, 64, 39, 69, 33, 94, 81, 70, 57, 96, 99, 59, 76, 24, 52, 44, 32},
		{63, 29, 12, 53, 38, 80, 53, 36, 13, 54, 18, 98, 42, 76, 48, 57, 58, 70, 59, 27},
		{73, 74, 44, 77, 59, 93, 97, 91, 89, 17, 15, 58, 72, 41, 90, 68, 27, 28, 87, 44},
		{78, 34, 32, 83, 65, 79, 97, 11, 17, 67, 24, 68, 66, 82, 63, 39, 57, 37, 51, 17},
		{21, 60, 28, 39, 10, 26, 65, 98, 50, 98, 85, 76, 61, 38, 96, 73, 26, 41, 91, 73},
		{24, 46, 91, 44, 14, 24, 99, 15, 32, 16, 79, 34, 63, 19, 27, 18, 85, 75, 32, 34},
		{78, 15, 51, 64, 16, 78, 47, 69, 16, 65, 41, 53, 33, 98, 10, 15, 63, 22, 62, 95},
		{46, 40, 73, 47, 85, 76, 53, 99, 26, 31, 73, 82, 54, 43, 21, 45, 45, 72, 24, 33},
		{43, 66, 63, 46, 47, 72, 44, 83, 97, 71, 12, 76, 10, 72, 23, 40, 23, 13, 88, 10},
		{21, 93, 78, 72, 19, 34, 39, 42, 24, 50, 94, 64, 35, 88, 98, 18, 70, 91, 98, 82},
		{65, 61, 64, 66, 99, 10, 13, 11, 98, 16, 94, 27, 46, 98, 63, 80, 27, 47, 80, 60},
		{53, 68, 70, 87, 44, 49, 82, 96, 54, 40, 41, 41, 52, 41, 19, 37, 60, 96, 36, 50},
		{41, 99, 65, 47, 48, 56, 64, 33, 43, 22, 84, 69, 62, 24, 93, 45, 45, 15, 39, 55},
		{61, 43, 56, 99, 59, 41, 62, 26, 80, 12, 53, 21, 91, 78, 68, 54, 77, 54, 39, 25},
		{91, 20, 14, 69, 18, 55, 95, 78, 15, 99, 80, 46, 61, 15, 11, 98, 45, 79, 83, 47},
		{44, 26, 44, 23, 92, 29, 10, 65, 85, 88, 99, 60, 96, 96, 37, 91, 26, 52, 51, 40},
		{77, 50, 86, 49, 96, 56, 61, 43, 54, 84, 25, 86, 78, 81, 69, 58, 34, 45, 89, 64},
		{93, 23, 28, 45, 60, 84, 69, 59, 17, 47, 41, 10, 87, 58, 22, 11, 63, 77, 89, 53},
		{29, 82, 44, 84, 54, 32, 24, 80, 97, 69, 60, 25, 91, 48, 19, 31, 71, 39, 81, 34},
		{38, 72, 71, 85, 25, 19, 29, 33, 82, 46, 39, 36, 23, 37, 49, 76, 73, 85, 83, 77}
	},
	{
		{43, 41, 58, 49, 83, 48, 58, 63, 95, 31, 78, 15, 58, 23, 69, 56, 33, 56, 77, 14},
		{41, 82, 69, 92, 96, 25, 11, 10, 19, 40, 63, 80, 64, 56, 10, 58, 53, 60, 34, 32},
		{90, 88, 59, 52, 77, 54, 75, 34, 12, 21, 21, 91, 29, 67, 83, 86, 46, 83, 98, 29},
		{28, 80, 59, 78, 52, 69, 41, 77, 31, 77, 13, 78, 40, 50, 66, 50, 32, 34, 31, 40},
		{42, 37, 38, 64, 80, 67, 12, 46, 38, 28, 34, 72, 62, 47, 25, 23, 40, 81, 29, 90},
		{79, 44, 55, 30, 64, 87, 72, 51, 60, 84, 55, 43, 72, 61, 74, 35, 82, 13, 66, 42},
		{21, 87, 42, 67, 43, 69, 17, 62, 89, 95, 28, 46, 15, 14, 40, 97, 72, 63, 43, 65},
		{64, 22, 52, 24, 15, 60, 28, 75, 31, 74, 86, 68, 95, 12, 87, 35, 20, 21, 59, 64},
		{94, 44, 17, 40, 49, 63, 30, 75, 15, 84, 36, 99, 31, 23, 69, 49, 59, 45, 35, 85},
		{43, 84, 45, 45, 11, 61, 15, 10, 51, 65, 67, 62, 65, 27, 63, 81, 73, 41, 43, 90},
		{14, 88, 71, 11, 74, 28, 77, 17, 95, 79, 45, 52, 15, 46, 27, 98, 86, 20, 41, 50},
		{71, 67, 90, 95, 98, 14, 66, 70, 45, 69, 85, 27, 13, 26, 23, 76, 88, 16, 88, 69},
		{17, 35, 28, 67, 91, 60, 33, 65, 91, 91, 98, 95, 96, 31, 47, 66, 28, 72, 64, 94},
		{11, 84, 86, 66, 86, 58, 48, 58, 78, 51, 36, 15, 15, 80, 34, 43, 52, 21, 90, 99},
		{63, 19, 60, 28, 67, 49, 50, 85, 84, 46, 62, 92, 35, 23, 35, 97, 31, 29, 68, 12},
		{10, 28, 22, 73, 27, 80, 77, 43, 79, 67, 13, 57, 73, 13, 15, 97, 58, 66, 60, 92},
		{76, 61, 57, 45, 33, 44, 22, 71, 26, 75, 70, 28, 76, 25, 83, 38, 26, 74, 13, 61},
		{97, 28, 93, 28, 29, 77, 99, 30, 78, 35, 97, 20, 96, 40, 56, 60, 51, 21, 81, 70},
		{69, 90, 14, 10, 61, 10, 65, 26, 58, 81, 24, 47, 78, 75, 19, 38, 97, 25, 76, 91},
		{63, 99, 61, 63, 18, 29, 77, 83, 56, 43, 37, 12, 66, 73, 27, 29, 12, 97, 98, 63},
		{55, 38, 70, 91, 15, 37, 64, 13, 88, 69, 96, 23, 41, 77, 67, 63, 59, 72, 74, 45},
		{97, 47, 46, 19, 83, 55, 77, 86, 48, 83, 49, 89, 17, 28, 33, 52, 75, 49, 13, 70},
		{82, 89, 62, 83, 53, 74, 20, 22, 66, 68, 90, 43, 66, 53, 21, 37, 45, 37, 82, 91},
		{96, 64, 38, 68, 25, 35, 40, 79, 10, 48, 74, 84, 91, 34, 69, 11, 64, 58, 23, 42},
		{15, 40, 56, 15, 73, 54, 73, 53, 89, 24, 69, 83, 90, 79, 62, 46, 53, 11, 46, 37},
		{93, 28, 53, 50, 80, 31, 15, 52, 25, 44, 41, 93, 51, 79, 98, 52, 14, 21, 18, 25},
		{16, 13, 72, 40, 91, 53, 65, 83, 43, 26, 60, 71, 88, 87, 85, 23, 89, 20, 24, 25},
		{73, 58, 54, 69, 87, 72, 66, 25, 21, 53, 10, 91, 79, 41, 83, 54, 10, 20, 73, 99},
		{71, 83, 15, 87, 29, 22, 62, 43, 21, 12, 76, 43, 89, 40, 22, 64, 96, 91, 33, 87},
		{21, 65, 56, 46, 71, 36, 50, 57, 82, 77, 67, 51, 67, 90, 79, 32, 20, 40, 71, 20}
	},
	{
		{62, 28, 54, 73, 99, 49, 47, 36, 37, 47, 55, 68, 54, 20, 55, 95, 96, 60, 83, 72},
		{61, 10, 90, 82, 75, 26, 39, 46, 28, 38, 81, 87, 35, 73, 57, 94, 85, 98, 47, 25},
		{74, 28, 86, 39, 45, 90, 51, 44, 68, 45, 51, 55, 62, 85, 74, 96, 98, 47, 71, 64},
		{16, 66, 42, 46, 53, 15, 61, 23, 10, 25, 41, 83, 19, 86, 49, 79, 11, 21, 47, 92},
		{66, 90, 97, 43, 98, 14, 54, 41, 49, 44, 84, 59, 49, 73, 35, 70, 14, 59, 64, 10},
		{85, 63, 39, 96, 11, 10, 73, 32, 52, 10, 58, 82, 69, 83, 57, 91, 56, 66, 87, 78},
		{18, 35, 82, 18, 12, 70, 28, 37, 58, 24, 52, 87, 41, 17, 36, 12, 53, 75, 83, 31},
		{39, 38, 45, 41, 28, 75, 50, 14, 80, 24, 40, 82, 57, 25, 51, 11, 31, 28, 84, 58},
		{52, 95, 93, 35, 15, 98, 95, 22, 26, 43, 60, 50, 23, 55, 50, 77, 53, 98, 23, 75},
		{49, 92, 36, 99, 21, 85, 91, 28, 62, 47, 68, 49, 26, 15, 40, 56, 81, 77, 34, 58},
		{22, 94, 22, 44, 97, 63, 19, 93, 20, 41, 27, 81, 21, 89, 84, 89, 13, 92, 52, 54},
		{25, 85, 73, 19, 75, 33, 75, 22, 90, 22, 16, 93, 36, 71, 45, 98, 78, 49, 60, 88},
		{94, 25, 38, 95, 38, 66, 54, 49, 74, 43, 20, 91, 94, 43, 22, 87, 21, 68, 87, 59},
		{68, 36, 18, 29, 28, 47, 29, 56, 62, 79, 49, 17, 85, 90, 22, 53, 32, 62, 55, 65},
		{74, 30, 72, 37, 24, 53, 97, 96, 39, 26, 40, 69, 52, 26, 97, 85, 90, 85, 26, 16},
		{72, 26, 45, 71, 21, 40, 36, 75, 71, 55, 38, 66, 43, 77, 11, 46, 48, 20, 42, 68},
		{85, 45, 78, 99, 37, 29, 77, 56, 66, 50, 45, 32, 92, 63, 33, 49, 46, 59, 91, 84},
		{19, 12, 42, 31, 96, 19, 63, 77, 67, 11, 87, 99, 90, 85, 26, 63, 20, 72, 48, 36},
		{12, 39, 68, 21, 85, 18, 93, 13, 68, 45, 21, 49, 36, 33, 32, 63, 74, 94, 18, 87},
		{44, 74, 97, 60, 32, 94, 57, 36, 86, 80, 22, 47, 44, 52, 22, 73, 12, 21, 33, 35},
		{79, 30, 71, 94, 19, 69, 57, 74, 53, 95, 57, 45, 63, 25, 70, 58, 93, 62, 30, 72},
		{17, 88, 14, 33, 77, 23, 66, 22, 73, 78, 31, 47, 25, 95, 38, 18, 60, 87, 35, 99},
		{19, 69, 92, 70, 97, 61, 79, 15, 64, 64, 29, 40, 81, 10, 38, 72, 56, 43, 11, 49},
		{27, 71, 39, 55, 30, 69, 57, 85, 85, 19, 79, 19, 30, 89, 91, 24, 29, 94, 74, 96},
		{53, 63, 78, 67, 21, 92, 14, 45, 92, 51, 71, 90, 79, 45, 38, 76, 91, 30, 75, 70},
		{49, 45, 19, 57, 47, 58, 81, 88, 74, 92, 77, 29, 77, 59, 92, 65, 74, 38, 66, 39},
		{10, 61, 79, 30, 32, 12, 12, 97, 84, 21, 91, 52, 81, 41, 73, 85, 42, 58, 83, 45},
		{24, 77, 25, 56, 89, 19, 48, 49, 44, 96, 30, 97, 73, 24, 92, 74, 23, 84, 70, 86},
		{23, 40, 21, 52, 41, 95, 94, 38, 33, 90, 61, 57, 94, 32, 67, 58, 12, 45, 23, 25},
		{54, 53, 67, 30, 48, 28, 23, 43, 22, 64, 45, 13, 45, 23, 85, 32, 47, 35, 69, 54}
	},
	{
		{80, 75, 16, 36, 52, 36, 76, 22, 48, 27, 74, 38, 86, 77, 72, 67, 17, 59, 69, 21},
		{87, 39, 15, 53, 37, 47, 87, 76, 27, 39, 29, 37, 25, 91, 60, 64, 42, 24, 71, 32},
		{93, 84, 19, 67, 52, 15, 12, 91, 51, 84, 51, 85, 50, 83, 68, 62, 53, 52, 16, 22},
		{38, 75, 29, 37, 74, 94, 72, 92, 90, 65, 91, 62, 23, 82, 68, 88, 18, 94, 36, 80},
		{33, 49, 32, 64, 71, 22, 87, 96, 72, 32, 30, 58, 11, 26, 91, 60, 71, 52, 81, 51},
		{65, 27, 26, 97, 10, 40, 31, 38, 20, 15, 38, 12, 21, 27, 41, 66, 43, 28, 82, 21},
		{92, 34, 93, 61, 43, 69, 85, 18, 40, 20, 38, 81, 95, 16, 13, 51, 46, 82, 59, 22},
		{79, 85, 89, 70, 44, 59, 30, 24, 94, 62, 73, 19, 78, 90, 61, 58, 60, 95, 43, 56},
		{41, 83, 43, 43, 80, 11, 86, 80, 65, 43, 41, 73, 48, 30, 19, 29, 85, 73, 29, 22},
		{55, 40, 86, 82, 99, 25, 32, 43, 42, 72, 40, 38, 89, 82, 90, 82, 37, 48, 91, 43},
		{94, 58, 18, 18, 80, 10, 96, 28, 40, 13, 39, 81, 15, 59, 21, 26, 61, 58, 89, 34},
		{30, 94, 58, 47, 56, 16, 11, 91, 30, 67, 32, 80, 81, 45, 81, 32, 70, 37, 84, 69},
		{30, 76, 77, 56, 41, 42, 72, 42, 98, 18, 79, 31, 46, 46, 37, 73, 79, 38, 87, 16},
		{74, 62, 55, 79, 12, 63, 40, 93, 81, 47, 52, 95, 40, 51, 46, 81, 45, 52, 21, 44},
		{69, 15, 41, 23, 13, 72, 26, 36, 55, 85, 33, 84, 43, 95, 17, 84, 19, 70, 51, 20},
		{70, 70, 54, 42, 67, 38, 75, 34, 56, 40, 87, 86, 74, 12, 48, 25, 61, 43, 58, 23},
		{34, 55, 76, 38, 67, 18, 25, 99, 26, 53, 57, 11, 23, 31, 54, 29, 40, 59, 15, 90},
		{49, 86, 78, 69, 89, 36, 37, 34, 62, 63, 98, 57, 98, 66, 20, 40, 53, 67, 26, 31},
		{41, 93, 96, 62, 31, 35, 51, 52, 51, 15, 74, 54, 79, 46, 32, 32, 38, 98, 64, 82},
		{78, 21, 76, 92, 88, 81, 88, 16, 16, 30, 39, 11, 99, 27, 24, 50, 40, 28, 23, 69},
		{90, 88, 13, 29, 40, 32, 56, 10, 86, 39, 89, 58, 54, 30, 74, 57, 79, 71, 14, 18},
		{39, 60, 20, 16, 62, 83, 68, 17, 25, 51, 31, 98, 17, 58, 68, 69, 27, 56, 56, 42},
		{55, 95, 92, 47, 55, 47, 65, 11, 97, 47, 41, 64, 28, 91, 59, 83, 93, 77, 21, 42},
		{20, 43, 54, 67, 95, 63, 35, 93, 98, 51, 42, 16, 92, 75, 20, 84, 17, 63, 80, 57},
		{85, 36, 68, 37, 93, 86, 73, 47, 86, 55, 10, 88, 55, 94, 31, 34, 67, 39, 12, 68},
		{13, 39, 23, 29, 75, 90, 56, 67, 66, 78, 47, 91, 85, 93, 17, 90, 59, 95, 28, 48},
		{28, 83, 16, 95, 94, 55, 93, 64, 36, 45, 40, 82, 87, 75, 17, 93, 34, 13, 18, 59},
		{46, 10, 15, 47, 30, 65, 67, 26, 17, 65, 15, 22, 91, 69, 11, 42, 95, 74, 24, 11},
		{85, 93, 44, 33, 22, 10, 68, 70, 82, 14, 54, 69, 95, 65, 80, 91, 42, 35, 82, 41},
		{67, 82, 71, 93, 36, 42, 72, 12, 98, 10, 88, 40, 57, 82, 80, 13, 85, 90, 66, 21}
	},
	{
		{29, 29, 76, 91, 36, 11, 31, 14, 94, 37, 47, 89, 71, 92, 44, 13, 24, 39, 64, 57},
		{26, 22, 23, 32, 42, 57, 35, 14, 76, 32, 66, 80, 44, 70, 39, 52, 16, 56, 97, 12},
		{68, 67, 25, 42, 78, 44, 68, 96, 13, 84, 74, 29, 72, 37, 85, 71, 95, 79, 29, 34},
		{61, 68, 47, 69, 45, 18, 48, 30, 34, 65, 93, 71, 68, 47, 76, 18, 66, 48, 83, 30},
		{24, 38, 92, 42, 50, 28, 89, 42, 81, 30, 46, 61, 89, 93, 91, 90, 57, 99, 74, 43},
		{67, 95, 15, 78, 77, 18, 86, 43, 99, 47, 27, 34, 57, 59, 58, 74, 99, 89, 37, 68},
		{18, 35, 89, 83, 43, 32, 67, 64, 84, 20, 22, 28, 54, 18, 75, 18, 24, 29, 83, 48},
		{38, 15, 83, 21, 43, 11, 38, 60, 85, 45, 10, 41, 24, 61, 82, 12, 68, 59, 70, 28},
		{63, 53, 25, 25, 14, 48, 81, 23, 62, 44, 70, 32, 60, 14, 56, 43, 91, 56, 49, 77},
		{35, 59, 95, 68, 40, 20, 99, 11, 48, 93, 99, 70, 54, 78, 41, 30, 87, 86, 50, 40},
		{84, 84, 57, 48, 44, 61, 28, 39, 26, 35, 45, 81, 92, 90, 47, 66, 20, 11, 43, 63},
		{76, 72, 23, 91, 72, 21, 75, 79, 23, 48, 18, 42, 52, 33, 78, 79, 64, 76, 85, 13},
		{57, 13, 93, 53, 65, 19, 72, 94, 15, 61, 22, 10, 91, 75, 40, 24, 10, 45, 37, 47},
		{45, 66, 54, 11, 34, 89, 29, 19, 36, 69, 67, 65, 65, 48, 68, 35, 86, 29, 75, 54},
		{24, 62, 86, 74, 61, 44, 31, 14, 17, 98, 19, 77, 76, 21, 15, 95, 52, 45, 77, 28},
		{87, 69, 59, 54, 17, 18, 34, 99, 53, 26, 11, 54, 99, 25, 14, 50, 27, 28, 69, 87},
		{88, 13, 92, 12, 53, 90, 43, 48, 74, 97, 53, 60, 59, 74, 95, 62, 80, 62, 39, 92},
		{47, 93, 87, 37, 58, 77, 19, 95, 79, 10, 89, 84, 20, 32, 91, 21, 44, 81, 21, 49},
		{78, 67, 87, 83, 32, 53, 38, 51, 28, 11, 64, 52, 45, 54, 93, 48, 19, 21, 98, 37},
		{11, 65, 24, 35, 50, 78, 38, 79, 37, 74, 19, 54, 66, 42, 66, 35, 85, 60, 44, 34},
		{42, 22, 48, 98, 57, 25, 17, 79, 93, 55, 46, 20, 47, 41, 46, 37, 85, 18, 71, 71},
		{79, 29, 37, 51, 18, 44, 57, 62, 36, 39, 22, 38, 54, 91, 98, 53, 81, 72, 83, 26},
		{45, 70, 64, 57, 41, 23, 53, 10, 29, 48, 27, 80, 88, 98, 75, 38, 70, 37, 92, 88},
		{62, 32, 87, 68, 39, 97, 21, 94, 40, 38, 66, 45, 96, 14, 96, 27, 82, 87, 78, 17},
		{44, 67, 74, 97, 62, 31, 22, 91, 24, 50, 30, 87, 75, 58, 87, 90, 58, 59, 77, 58},
		{57, 41, 34, 32, 34, 87, 45, 58, 59, 36, 58, 51, 50, 85, 94, 78, 87, 85, 29, 36},
		{74, 90, 84, 44, 47, 62, 57, 36, 76, 85, 96, 83, 72, 77, 46, 28, 90, 98, 66, 14},
		{26, 33, 53, 65, 52, 13, 93, 79, 18, 36, 41, 87, 55, 50, 22, 83, 55, 47, 31, 21},
		{17, 31, 94, 87, 75, 20, 37, 73, 68, 67, 71, 14, 24, 45, 27, 28, 17, 44, 98, 35},
		{78, 82, 55, 82, 58, 16, 14, 85, 44, 18, 68, 25, 26, 19, 70, 57, 29, 56, 77, 98}
	}
}