alpha=0.2
gamma=0.6
selection_rate=1
max_gen=5000
job_num=40
machine_num=20
pop_size=100
Threshold=5555
scenario_num=20
{
	{
		{68, 70, 50, 45, 99, 51, 66, 97, 95, 59, 95, 20, 25, 27, 44, 19, 26, 11, 23, 72},
		{52, 70, 22, 45, 56, 13, 76, 32, 80, 68, 37, 75, 46, 18, 73, 27, 73, 89, 94, 16},
		{33, 76, 51, 84, 97, 69, 53, 10, 18, 75, 96, 57, 26, 80, 85, 35, 32, 35, 38, 99},
		{32, 60, 12, 27, 24, 56, 41, 48, 83, 63, 10, 13, 27, 63, 16, 97, 44, 66, 46, 27},
		{72, 22, 46, 60, 98, 76, 47, 68, 41, 82, 23, 68, 80, 80, 15, 37, 69, 19, 52, 29},
		{80, 64, 61, 66, 70, 79, 25, 10, 92, 91, 68, 62, 91, 71, 32, 43, 44, 25, 97, 20},
		{13, 42, 63, 17, 41, 73, 71, 60, 79, 29, 86, 56, 34, 37, 55, 90, 33, 27, 33, 34},
		{61, 57, 69, 63, 11, 85, 57, 27, 46, 74, 33, 31, 70, 79, 64, 14, 16, 22, 57, 56},
		{28, 86, 34, 87, 32, 33, 97, 21, 13, 24, 25, 94, 70, 52, 95, 83, 93, 32, 68, 32},
		{11, 18, 99, 58, 45, 86, 35, 93, 86, 75, 12, 95, 81, 22, 87, 90, 41, 16, 20, 73},
		{44, 31, 48, 68, 48, 76, 48, 52, 74, 27, 10, 31, 71, 76, 45, 26, 91, 22, 81, 63},
		{74, 84, 84, 48, 65, 69, 61, 61, 69, 13, 45, 95, 35, 68, 30, 37, 84, 72, 35, 80},
		{65, 20, 64, 49, 72, 42, 72, 26, 67, 78, 24, 86, 65, 81, 40, 40, 41, 63, 55, 82},
		{37, 69, 19, 20, 95, 73, 51, 15, 88, 90, 95, 61, 31, 33, 68, 33, 54, 74, 57, 70},
		{92, 95, 90, 62, 61, 80, 18, 38, 81, 14, 78, 94, 39, 90, 77, 83, 53, 46, 59, 35},
		{10, 72, 81, 22, 89, 78, 10, 47, 38, 42, 93, 85, 20, 35, 14, 89, 25, 72, 79, 32},
		{67, 94, 72, 70, 45, 42, 57, 34, 90, 19, 62, 68, 12, 63, 76, 79, 68, 32, 80, 28},
		{78, 31, 14, 92, 90, 14, 36, 82, 58, 70, 18, 14, 11, 56, 70, 62, 44, 75, 65, 67},
		{58, 86, 33, 34, 84, 47, 50, 84, 54, 99, 48, 94, 28, 26, 19, 48, 12, 79, 69, 92},
		{11, 69, 87, 15, 48, 95, 40, 33, 83, 39, 18, 48, 58, 44, 43, 93, 72, 94, 56, 11},
		{14, 41, 31, 79, 25, 31, 53, 93, 99, 42, 80, 62, 39, 72, 44, 32, 96, 44, 10, 55},
		{86, 70, 61, 55, 83, 41, 13, 32, 26, 71, 59, 24, 89, 52, 44, 42, 85, 73, 75, 70},
		{81, 35, 57, 71, 88, 64, 75, 52, 12, 55, 56, 87, 24, 19, 56, 97, 85, 50, 32, 43},
		{89, 20, 27, 92, 92, 92, 66, 57, 69, 37, 98, 65, 96, 71, 10, 22, 44, 27, 71, 62},
		{26, 33, 91, 61, 58, 46, 41, 23, 48, 84, 73, 74, 56, 74, 98, 33, 66, 56, 47, 43},
		{30, 43, 13, 25, 22, 94, 12, 69, 31, 87, 44, 96, 66, 43, 62, 28, 81, 16, 33, 51},
		{92, 43, 80, 98, 44, 82, 65, 96, 32, 35, 67, 46, 32, 20, 68, 93, 26, 48, 19, 44},
		{49, 56, 94, 97, 53, 56, 26, 97, 92, 66, 14, 49, 15, 83, 91, 58, 11, 63, 98, 88},
		{20, 15, 16, 19, 13, 50, 55, 41, 14, 50, 32, 10, 32, 12, 21, 64, 40, 55, 80, 52},
		{35, 62, 39, 71, 79, 76, 97, 96, 84, 84, 83, 74, 10, 32, 57, 60, 17, 43, 95, 76},
		{38, 85, 74, 10, 57, 65, 26, 12, 90, 87, 57, 47, 73, 52, 51, 90, 37, 31, 43, 96},
		{21, 61, 55, 11, 67, 23, 67, 32, 17, 64, 82, 97, 85, 95, 61, 52, 50, 95, 64, 58},
		{66, 97, 91, 55, 94, 94, 34, 42, 64, 12, 50, 33, 75, 15, 97, 15, 17, 32, 27, 88},
		{42, 50, 42, 52, 26, 48, 18, 53, 71, 41, 14, 97, 92, 27, 73, 92, 70, 69, 50, 44},
		{61, 65, 35, 39, 52, 61, 66, 94, 14, 21, 51, 82, 61, 18, 20, 61, 18, 12, 21, 64},
		{62, 13, 74, 95, 51, 46, 61, 44, 90, 11, 32, 17, 56, 58, 39, 63, 64, 68, 37, 55},
		{21, 79, 88, 12, 96, 17, 90, 20, 83, 73, 95, 50, 38, 55, 98, 39, 68, 44, 52, 92},
		{59, 76, 48, 18, 73, 13, 24, 56, 77, 49, 76, 60, 15, 45, 28, 87, 47, 18, 36, 35},
		{45, 94, 60, 88, 58, 34, 45, 71, 95, 60, 80, 48, 87, 78, 74, 90, 13, 32, 72, 26},
		{76, 57, 89, 84, 35, 92, 15, 67, 89, 20, 99, 89, 13, 30, 86, 72, 16, 86, 67, 42}
	},
	{
		{56, 22, 78, 97, 91, 34, 22, 94, 11, 64, 82, 56, 84, 90, 70, 76, 68, 88, 86, 79},
		{37, 73, 89, 34, 84, 25, 46, 35, 55, 22, 18, 13, 73, 17, 32, 38, 86, 24, 61, 26},
		{49, 11, 85, 64, 14, 87, 71, 21, 30, 58, 78, 24, 88, 91, 86, 27, 29, 59, 22, 12},
		{55, 54, 32, 35, 24, 92, 70, 31, 53, 13, 27, 96, 63, 90, 93, 90, 55, 41, 20, 72},
		{44, 80, 72, 82, 96, 56, 77, 43, 72, 53, 91, 57, 24, 45, 88, 79, 65, 16, 20, 34},
		{49, 20, 21, 32, 71, 63, 85, 15, 69, 32, 75, 50, 68, 89, 98, 72, 21, 20, 48, 17},
		{67, 93, 75, 39, 76, 40, 39, 29, 47, 10, 35, 18, 82, 58, 65, 74, 66, 98, 96, 90},
		{37, 67, 34, 30, 84, 18, 97, 92, 97, 11, 72, 41, 53, 38, 58, 68, 77, 72, 96, 38},
		{92, 93, 67, 10, 35, 52, 96, 99, 22, 98, 67, 18, 92, 75, 93, 50, 95, 61, 69, 97},
		{11, 23, 89, 88, 22, 71, 22, 98, 79, 99, 62, 38, 82, 72, 82, 28, 60, 57, 54, 92},
		{54, 47, 78, 38, 22, 12, 62, 85, 28, 35, 97, 87, 56, 45, 84, 95, 35, 32, 37, 51},
		{28, 42, 36, 44, 66, 73, 57, 80, 74, 24, 75, 78, 83, 46, 95, 51, 13, 37, 88, 30},
		{66, 84, 59, 30, 46, 43, 27, 67, 75, 37, 85, 85, 50, 91, 60, 13, 80, 75, 65, 90},
		{77, 82, 70, 29, 58, 78, 76, 97, 76, 22, 49, 59, 71, 57, 59, 13, 78, 95, 35, 59},
		{85, 33, 31, 65, 76, 43, 48, 25, 43, 48, 24, 14, 87, 70, 85, 53, 37, 78, 48, 83},
		{14, 96, 82, 46, 57, 56, 13, 57, 93, 73, 25, 85, 76, 79, 53, 19, 97, 29, 44, 30},
		{81, 50, 55, 14, 38, 30, 47, 31, 81, 61, 90, 12, 84, 22, 33, 40, 86, 10, 40, 62},
		{12, 91, 81, 90, 69, 83, 29, 68, 49, 32, 62, 41, 51, 70, 47, 38, 30, 18, 44, 82},
		{20, 37, 86, 38, 81, 30, 81, 41, 45, 75, 50, 44, 74, 58, 88, 26, 60, 84, 90, 45},
		{10, 49, 60, 46, 41, 76, 85, 10, 95, 59, 28, 14, 71, 84, 28, 39, 25, 95, 55, 98},
		{63, 91, 93, 47, 71, 45, 44, 18, 10, 83, 26, 34, 99, 40, 94, 99, 79, 15, 55, 44},
		{81, 32, 27, 52, 66, 28, 70, 75, 58, 14, 21, 61, 32, 74, 78, 39, 24, 88, 95, 68},
		{89, 47, 58, 45, 65, 18, 52, 46, 19, 29, 75, 29, 18, 53, 69, 77, 40, 10, 45, 79},
		{60, 35, 36, 49, 63, 18, 97, 97, 31, 33, 82, 50, 43, 27, 99, 98, 15, 25, 49, 73},
		{24, 26, 50, 98, 64, 54, 44, 62, 16, 29, 97, 26, 99, 48, 75, 92, 67, 67, 23, 22},
		{11, 83, 56, 37, 63, 81, 77, 96, 32, 29, 53, 39, 42, 21, 48, 23, 73, 87, 99, 72},
		{90, 21, 72, 44, 33, 20, 43, 84, 18, 38, 11, 20, 25, 99, 95, 81, 34, 27, 74, 31},
		{79, 26, 23, 31, 87, 69, 27, 45, 56, 46, 93, 75, 12, 54, 23, 57, 98, 99, 16, 11},
		{61, 78, 93, 83, 82, 58, 78, 75, 92, 87, 73, 84, 24, 39, 56, 97, 33, 52, 66, 49},
		{14, 75, 99, 65, 75, 99, 23, 61, 11, 22, 79, 63, 66, 35, 44, 24, 34, 87, 66, 94},
		{33, 33, 49, 82, 25, 67, 52, 29, 94, 94, 14, 48, 19, 39, 48, 29, 73, 72, 20, 34},
		{39, 21, 38, 85, 13, 44, 80, 60, 32, 84, 69, 10, 15, 40, 21, 79, 44, 67, 11, 92},
		{97, 71, 69, 39, 10, 33, 90, 85, 43, 71, 77, 20, 24, 94, 49, 31, 13, 31, 70, 91},
		{80, 48, 47, 10, 70, 72, 85, 70, 75, 16, 84, 37, 24, 12, 46, 12, 42, 76, 81, 62},
		{48, 72, 12, 80, 98, 86, 58, 11, 91, 16, 75, 31, 28, 24, 67, 60, 40, 58, 15, 76},
		{14, 67, 10, 11, 61, 14, 64, 30, 24, 33, 79, 16, 57, 77, 84, 38, 92, 14, 95, 42},
		{61, 16, 99, 65, 48, 82, 56, 56, 76, 24, 68, 70, 81, 64, 90, 77, 14, 98, 57, 97},
		{62, 49, 15, 23, 55, 78, 36, 16, 80, 10, 51, 28, 54, 19, 59, 84, 28, 33, 97, 33},
		{92, 50, 88, 93, 19, 24, 76, 65, 20, 14, 59, 44, 46, 43, 53, 68, 73, 26, 46, 71},
		{33, 70, 90, 23, 95, 90, 30, 87, 95, 76, 60, 72, 92, 96, 83, 87, 53, 74, 17, 52}
	},
	{
		{71, 21, 86, 90, 52, 22, 29, 29, 55, 94, 30, 36, 77, 34, 50, 97, 34, 13, 22, 97},
		{62, 87, 45, 19, 46, 18, 60, 29, 43, 48, 89, 17, 61, 18, 97, 77, 46, 75, 26, 68},
		{15, 41, 55, 72, 93, 92, 82, 53, 81, 51, 89, 26, 70, 65, 44, 53, 77, 24, 64, 63},
		{98, 50, 10, 97, 69, 63, 53, 88, 89, 11, 44, 40, 55, 18, 75, 85, 17, 59, 17, 76},
		{66, 56, 82, 73, 69, 42, 68, 73, 41, 45, 91, 93, 22, 67, 11, 42, 59, 48, 85, 97},
		{87, 62, 14, 15, 37, 31, 49, 84, 99, 16, 26, 55, 24, 14, 32, 48, 84, 88, 42, 44},
		{43, 93, 19, 72, 62, 43, 79, 61, 60, 40, 51, 45, 48, 43, 56, 64, 67, 83, 76, 25},
		{51, 21, 93, 45, 20, 74, 74, 72, 40, 65, 31, 46, 60, 75, 46, 91, 20, 47, 86, 91},
		{32, 60, 73, 72, 56, 73, 46, 23, 34, 80, 65, 70, 81, 84, 76, 87, 88, 99, 56, 93},
		{32, 15, 49, 90, 99, 14, 87, 71, 81, 72, 11, 19, 25, 21, 89, 56, 36, 37, 74, 65},
		{68, 27, 51, 22, 14, 53, 34, 39, 23, 21, 40, 22, 38, 17, 44, 37, 77, 56, 40, 44},
		{78, 34, 79, 20, 76, 26, 73, 19, 25, 69, 61, 62, 14, 71, 39, 76, 79, 73, 33, 59},
		{22, 77, 85, 13, 40, 91, 16, 96, 21, 47, 78, 27, 94, 27, 12, 87, 77, 88, 43, 99},
		{73, 27, 55, 80, 39, 61, 23, 30, 87, 75, 58, 50, 79, 43, 55, 26, 96, 95, 93, 81},
		{24, 86, 62, 43, 62, 88, 73, 64, 72, 22, 60, 46, 43, 11, 53, 70, 36, 35, 42, 42},
		{29, 83, 21, 20, 30, 61, 23, 67, 45, 61, 80, 87, 94, 83, 38, 98, 84, 77, 61, 34},
		{93, 87, 55, 39, 95, 25, 89, 17, 17, 81, 75, 81, 77, 67, 61, 21, 28, 23, 34, 29},
		{11, 14, 69, 55, 26, 56, 82, 32, 44, 18, 53, 56, 27, 68, 27, 28, 40, 49, 20, 52},
		{85, 81, 73, 47, 46, 43, 55, 62, 47, 37, 93, 47, 19, 87, 25, 33, 87, 79, 64, 47},
		{92, 27, 72, 89, 19, 69, 30, 16, 57, 71, 87, 61, 95, 88, 32, 92, 94, 15, 77, 67},
		{35, 19, 33, 41, 28, 61, 24, 15, 72, 60, 43, 24, 79, 37, 20, 93, 56, 44, 88, 99},
		{10, 22, 89, 19, 52, 27, 30, 94, 94, 59, 82, 71, 50, 19, 32, 28, 87, 48, 75, 22},
		{41, 39, 11, 99, 81, 21, 38, 76, 14, 26, 91, 64, 26, 13, 99, 90, 96, 79, 22, 97},
		{82, 76, 86, 34, 76, 44, 72, 97, 66, 35, 67, 48, 67, 62, 88, 75, 80, 74, 26, 54},
		{30, 63, 59, 16, 75, 45, 42, 19, 85, 64, 65, 78, 72, 88, 60, 99, 20, 98, 21, 66},
		{47, 70, 17, 77, 97, 11, 64, 27, 27, 23, 14, 77, 21, 66, 56, 34, 64, 93, 92, 92},
		{17, 10, 73, 75, 81, 96, 15, 57, 99, 85, 53, 25, 57, 97, 81, 85, 79, 96, 41, 86},
		{58, 79, 82, 54, 67, 88, 17, 23, 41, 37, 20, 46, 56, 55, 62, 26, 31, 17, 43, 80},
		{35, 91, 50, 30, 41, 16, 98, 75, 30, 24, 12, 93, 58, 34, 89, 46, 13, 50, 28, 66},
		{79, 24, 98, 18, 39, 98, 62, 14, 50, 85, 16, 37, 36, 13, 45, 78, 69, 65, 24, 29},
		{35, 54, 42, 35, 56, 83, 14, 80, 11, 64, 47, 58, 43, 19, 34, 65, 46, 61, 69, 72},
		{98, 58, 11, 72, 41, 95, 14, 28, 13, 19, 88, 26, 52, 67, 86, 14, 92, 67, 16, 60},
		{83, 55, 74, 23, 51, 29, 67, 43, 60, 76, 35, 18, 23, 98, 97, 68, 17, 89, 74, 18},
		{72, 39, 91, 61, 58, 95, 64, 68, 32, 33, 15, 30, 43, 43, 86, 98, 99, 60, 58, 40},
		{27, 90, 12, 36, 62, 58, 25, 59, 22, 29, 31, 23, 44, 94, 94, 90, 39, 95, 92, 11},
		{99, 31, 10, 50, 16, 93, 48, 43, 52, 69, 37, 73, 80, 60, 70, 57, 29, 78, 38, 96},
		{14, 49, 74, 58, 66, 20, 88, 48, 35, 90, 34, 37, 17, 95, 53, 49, 16, 26, 12, 27},
		{97, 20, 48, 74, 60, 23, 39, 45, 20, 19, 71, 59, 10, 85, 92, 23, 43, 91, 13, 50},
		{99, 50, 16, 18, 75, 72, 31, 72, 76, 25, 12, 72, 66, 48, 70, 54, 42, 17, 66, 23},
		{50, 18, 82, 44, 22, 85, 31, 39, 18, 42, 82, 20, 92, 73, 52, 51, 68, 85, 49, 73}
	},
	{
		{87, 91, 51, 96, 42, 55, 39, 16, 93, 49, 93, 74, 81, 71, 62, 46, 88, 86, 51, 81},
		{11, 74, 86, 39, 48, 22, 62, 98, 96, 70, 27, 32, 35, 92, 36, 55, 35, 94, 90, 17},
		{71, 20, 19, 14, 52, 26, 73, 74, 54, 86, 25, 72, 15, 52, 12, 79, 70, 21, 40, 85},
		{55, 84, 30, 63, 66, 58, 92, 82, 62, 89, 36, 89, 60, 87, 81, 40, 60, 33, 30, 61},
		{17, 20, 86, 70, 57, 13, 39, 68, 90, 48, 27, 28, 34, 71, 71, 89, 32, 59, 73, 94},
		{78, 85, 64, 77, 97, 35, 47, 78, 27, 46, 92, 15, 87, 79, 11, 74, 96, 57, 45, 76},
		{65, 83, 75, 99, 17, 16, 70, 30, 93, 15, 35, 13, 15, 77, 33, 42, 66, 55, 12, 32},
		{44, 56, 87, 60, 57, 52, 49, 71, 97, 61, 70, 74, 64, 90, 28, 89, 62, 84, 38, 75},
		{98, 10, 76, 86, 12, 68, 51, 18, 55, 58, 83, 48, 48, 76, 46, 15, 88, 91, 32, 63},
		{93, 33, 38, 19, 52, 82, 17, 40, 72, 86, 19, 61, 21, 34, 27, 23, 80, 83, 84, 90},
		{48, 17, 47, 43, 70, 99, 71, 67, 41, 10, 26, 88, 27, 55, 86, 16, 28, 20, 97, 61},
		{34, 89, 31, 73, 56, 27, 92, 88, 81, 58, 58, 42, 16, 75, 75, 37, 29, 59, 37, 27},
		{14, 98, 42, 43, 54, 18, 35, 10, 92, 29, 68, 96, 94, 85, 10, 21, 57, 74, 17, 10},
		{22, 24, 32, 22, 83, 47, 69, 19, 62, 30, 16, 32, 89, 70, 56, 26, 46, 52, 93, 10},
		{30, 99, 84, 99, 43, 37, 93, 86, 62, 32, 85, 27, 31, 68, 95, 74, 49, 19, 68, 12},
		{89, 47, 77, 75, 37, 33, 47, 77, 58, 58, 45, 59, 70, 19, 89, 47, 68, 34, 38, 10},
		{50, 81, 25, 73, 56, 13, 88, 68, 95, 83, 72, 76, 51, 39, 59, 16, 89, 87, 91, 45},
		{42, 32, 33, 90, 52, 33, 27, 45, 31, 95, 76, 52, 28, 11, 90, 17, 66, 33, 19, 68},
		{45, 56, 71, 70, 34, 86, 22, 21, 62, 85, 21, 13, 87, 77, 36, 98, 90, 22, 98, 66},
		{91, 20, 29, 55, 66, 92, 50, 25, 89, 49, 56, 16, 43, 82, 96, 35, 74, 55, 83, 64},
		{43, 86, 61, 58, 14, 72, 51, 80, 63, 36, 29, 42, 61, 77, 72, 58, 45, 59, 36, 34},
		{68, 37, 52, 55, 39, 38, 38, 81, 24, 49, 44, 49, 70, 29, 11, 38, 59, 40, 29, 22},
		{37, 40, 17, 32, 52, 75, 80, 55, 33, 15, 33, 28, 68, 54, 41, 66, 47, 76, 95, 42},
		{89, 70, 75, 41, 48, 65, 84, 47, 32, 33, 76, 62, 27, 36, 33, 91, 60, 65, 36, 37},
		{72, 77, 80, 14, 68, 21, 87, 55, 21, 48, 60, 24, 63, 60, 50, 50, 55, 36, 83, 38},
		{58, 34, 36, 73, 48, 10, 41, 29, 72, 86, 55, 18, 17, 13, 75, 40, 11, 56, 78, 50},
		{25, 96, 41, 27, 15, 71, 32, 10, 13, 13, 53, 79, 36, 16, 94, 33, 50, 78, 39, 41},
		{20, 19, 62, 50, 92, 37, 12, 76, 18, 57, 27, 80, 31, 92, 92, 24, 46, 32, 88, 55},
		{74, 14, 17, 30, 49, 90, 75, 29, 61, 17, 35, 37, 72, 48, 90, 69, 54, 96, 86, 79},
		{26, 76, 56, 25, 56, 67, 32, 79, 81, 28, 64, 25, 64, 67, 76, 64, 95, 37, 30, 97},
		{59, 84, 29, 75, 57, 13, 81, 92, 77, 26, 28, 21, 93, 90, 73, 39, 76, 28, 75, 80},
		{27, 92, 43, 20, 73, 61, 70, 61, 19, 94, 87, 67, 34, 76, 67, 29, 27, 52, 78, 51},
		{97, 33, 73, 27, 35, 93, 42, 85, 15, 57, 26, 17, 26, 61, 14, 90, 54, 73, 99, 12},
		{56, 86, 92, 11, 22, 42, 50, 67, 54, 23, 45, 44, 14, 67, 61, 26, 57, 59, 51, 83},
		{22, 95, 81, 85, 30, 11, 31, 62, 10, 38, 88, 83, 10, 98, 68, 47, 27, 80, 25, 39},
		{54, 15, 12, 58, 19, 45, 50, 18, 93, 77, 94, 15, 93, 20, 59, 51, 99, 85, 90, 48},
		{61, 91, 40, 92, 27, 28, 40, 80, 30, 96, 42, 13, 56, 61, 29, 50, 79, 84, 91, 46},
		{87, 52, 36, 26, 73, 59, 29, 97, 10, 83, 51, 35, 59, 87, 39, 96, 16, 15, 69, 85},
		{44, 40, 83, 84, 16, 79, 46, 65, 20, 22, 80, 44, 36, 34, 68, 64, 44, 90, 83, 87},
		{26, 78, 54, 61, 71, 37, 74, 27, 74, 33, 95, 62, 36, 41, 38, 11, 50, 70, 97, 67}
	},
	{
		{60, 91, 49, 26, 81, 24, 11, 73, 23, 10, 18, 32, 81, 68, 35, 61, 35, 93, 34, 72},
		{90, 65, 97, 15, 35, 42, 37, 73, 66, 63, 82, 14, 48, 80, 63, 20, 19, 62, 97, 74},
		{55, 41, 79, 94, 26, 20, 14, 97, 43, 50, 29, 41, 46, 17, 78, 46, 71, 63, 13, 34},
		{14, 36, 76, 49, 93, 42, 51, 74, 86, 96, 14, 52, 54, 43, 51, 47, 64, 69, 42, 35},
		{27, 30, 17, 36, 15, 11, 52, 56, 16, 96, 72, 69, 27, 36, 11, 35, 51, 75, 51, 75},
		{11, 25, 43, 10, 44, 50, 69, 44, 87, 44, 48, 19, 76, 75, 40, 14, 88, 52, 83, 83},
		{48, 10, 43, 26, 14, 79, 23, 58, 29, 96, 19, 83, 79, 97, 60, 69, 63, 25, 17, 87},
		{14, 75, 35, 97, 29, 35, 28, 36, 70, 52, 76, 99, 43, 20, 95, 91, 69, 85, 56, 32},
		{90, 59, 23, 41, 88, 33, 73, 90, 80, 49, 99, 65, 18, 18, 78, 22, 41, 47, 51, 60},
		{44, 31, 11, 62, 74, 42, 37, 21, 50, 14, 16, 39, 27, 10, 43, 45, 67, 51, 78, 30},
		{50, 29, 14, 97, 46, 15, 53, 51, 23, 86, 63, 57, 55, 67, 26, 66, 27, 17, 78, 76},
		{54, 50, 85, 85, 38, 75, 56, 47, 51, 69, 59, 39, 29, 49, 87, 38, 31, 99, 72, 26},
		{35, 76, 97, 72, 58, 38, 80, 25, 53, 72, 51, 59, 71, 13, 77, 27, 11, 35, 38, 70},
		{79, 10, 67, 41, 95, 29, 60, 11, 14, 55, 72, 27, 48, 81, 64, 77, 99, 37, 76, 84},
		{30, 73, 78, 52, 42, 47, 69, 86, 48, 80, 15, 61, 30, 17, 26, 76, 94, 25, 15, 54},
		{32, 86, 94, 65, 72, 56, 44, 72, 95, 94, 27, 12, 66, 87, 48, 17, 63, 75, 38, 69},
		{56, 25, 25, 97, 30, 10, 73, 10, 23, 63, 25, 87, 80, 61, 60, 47, 79, 53, 30, 38},
		{61, 36, 85, 18, 85, 34, 12, 77, 12, 37, 10, 87, 79, 21, 54, 16, 87, 22, 13, 28},
		{56, 23, 92, 57, 77, 99, 69, 63, 47, 99, 55, 26, 79, 34, 44, 77, 91, 49, 78, 28},
		{92, 28, 74, 20, 12, 92, 36, 90, 18, 77, 24, 29, 22, 55, 42, 74, 18, 97, 95, 55},
		{63, 59, 56, 30, 52, 98, 71, 42, 30, 50, 49, 44, 29, 30, 69, 92, 93, 23, 35, 24},
		{91, 44, 36, 29, 43, 28, 92, 43, 60, 70, 87, 35, 45, 57, 42, 81, 83, 16, 39, 16},
		{69, 33, 87, 92, 62, 86, 17, 21, 46, 14, 94, 22, 86, 82, 94, 61, 87, 54, 91, 88},
		{91, 70, 32, 66, 85, 60, 43, 47, 15, 27, 49, 54, 60, 32, 12, 85, 29, 50, 54, 61},
		{57, 37, 89, 37, 38, 91, 95, 90, 34, 70, 28, 15, 48, 35, 59, 94, 47, 63, 24, 77},
		{54, 57, 12, 89, 79, 71, 96, 66, 49, 40, 84, 57, 87, 48, 28, 34, 49, 91, 39, 72},
		{12, 12, 80, 27, 15, 81, 10, 20, 68, 75, 31, 65, 13, 46, 82, 40, 87, 46, 14, 86},
		{15, 83, 36, 86, 92, 84, 94, 60, 44, 61, 77, 59, 88, 38, 66, 93, 71, 41, 46, 45},
		{78, 30, 61, 65, 98, 62, 64, 36, 20, 96, 89, 38, 21, 58, 17, 71, 31, 10, 64, 93},
		{40, 15, 12, 12, 63, 18, 75, 65, 38, 39, 54, 86, 18, 11, 27, 27, 38, 70, 38, 83},
		{12, 21, 37, 50, 36, 52, 39, 20, 77, 51, 87, 10, 74, 70, 88, 78, 50, 78, 54, 51},
		{28, 53, 93, 97, 28, 58, 26, 60, 87, 66, 67, 95, 39, 70, 55, 62, 63, 79, 91, 52},
		{88, 64, 60, 43, 12, 56, 13, 40, 46, 33, 56, 48, 82, 21, 73, 72, 49, 75, 72, 22},
		{56, 48, 58, 34, 29, 67, 90, 59, 90, 67, 55, 65, 32, 33, 57, 99, 54, 35, 38, 61},
		{91, 86, 50, 17, 89, 80, 28, 57, 17, 57, 72, 54, 73, 51, 39, 93, 41, 86, 66, 72},
		{79, 56, 37, 17, 58, 11, 81, 26, 88, 61, 14, 87, 88, 89, 60, 41, 84, 51, 76, 24},
		{62, 31, 18, 22, 94, 81, 73, 32, 22, 95, 26, 82, 41, 18, 10, 62, 75, 15, 28, 62},
		{25, 54, 18, 61, 38, 63, 62, 41, 54, 32, 38, 13, 85, 61, 27, 96, 64, 34, 69, 74},
		{23, 66, 28, 65, 65, 67, 17, 97, 21, 29, 53, 43, 29, 67, 86, 57, 11, 22, 62, 84},
		{11, 83, 98, 61, 19, 78, 64, 18, 48, 84, 90, 94, 58, 43, 37, 73, 48, 80, 27, 48}
	},
	{
		{90, 31, 27, 11, 69, 22, 94, 67, 29, 76, 15, 47, 93, 94, 17, 62, 69, 77, 10, 19},
		{32, 15, 64, 83, 86, 95, 18, 54, 93, 44, 65, 37, 22, 63, 13, 34, 64, 83, 26, 42},
		{84, 25, 24, 34, 82, 20, 94, 45, 29, 85, 22, 88, 34, 83, 84, 13, 79, 67, 99, 49},
		{44, 99, 82, 65, 25, 29, 48, 97, 60, 37, 40, 96, 44, 24, 97, 52, 23, 45, 38, 31},
		{20, 23, 50, 23, 83, 73, 41, 23, 34, 94, 55, 54, 21, 44, 99, 18, 66, 82, 55, 41},
		{56, 24, 25, 30, 22, 15, 58, 34, 78, 65, 52, 93, 39, 89, 57, 22, 73, 53, 95, 76},
		{89, 25, 37, 64, 98, 32, 38, 90, 23, 73, 98, 39, 97, 34, 88, 59, 69, 23, 59, 44},
		{20, 76, 45, 46, 12, 47, 75, 92, 84, 56, 46, 81, 95, 61, 60, 68, 58, 65, 34, 60},
		{98, 86, 86, 97, 20, 51, 51, 69, 94, 54, 98, 14, 85, 80, 52, 45, 20, 81, 81, 28},
		{56, 67, 95, 35, 60, 64, 95, 93, 14, 17, 86, 85, 87, 29, 12, 87, 55, 76, 15, 72},
		{30, 55, 51, 81, 61, 21, 91, 36, 57, 48, 88, 61, 65, 95, 92, 96, 23, 19, 61, 73},
		{31, 96, 32, 66, 72, 13, 57, 72, 35, 55, 32, 94, 32, 86, 97, 89, 71, 37, 67, 52},
		{88, 38, 57, 53, 78, 80, 73, 65, 80, 21, 43, 61, 20, 63, 76, 42, 10, 47, 58, 80},
		{84, 66, 58, 94, 22, 11, 44, 10, 44, 77, 65, 37, 77, 44, 15, 67, 43, 84, 40, 68},
		{99, 22, 71, 65, 93, 68, 26, 58, 93, 33, 17, 26, 41, 29, 31, 89, 31, 49, 87, 34},
		{34, 15, 70, 36, 58, 36, 90, 19, 49, 63, 59, 59, 51, 41, 30, 94, 52, 32, 12, 41},
		{23, 36, 18, 23, 51, 99, 38, 39, 47, 83, 39, 14, 78, 51, 38, 65, 47, 64, 30, 67},
		{96, 90, 50, 34, 54, 45, 69, 42, 47, 31, 27, 13, 68, 76, 16, 93, 84, 96, 48, 17},
		{70, 11, 51, 83, 90, 15, 80, 97, 99, 18, 76, 98, 22, 47, 71, 63, 30, 45, 47, 16},
		{61, 84, 32, 47, 41, 77, 59, 95, 55, 37, 67, 53, 65, 23, 70, 14, 79, 24, 47, 88},
		{76, 84, 55, 23, 92, 88, 99, 60, 49, 34, 16, 51, 85, 40, 30, 12, 94, 42, 96, 53},
		{33, 91, 90, 89, 95, 89, 76, 83, 90, 50, 81, 60, 19, 60, 28, 38, 26, 25, 65, 51},
		{75, 78, 46, 87, 49, 32, 46, 33, 87, 51, 61, 35, 62, 64, 43, 62, 33, 34, 12, 94},
		{59, 85, 47, 72, 33, 85, 59, 58, 17, 24, 98, 48, 81, 28, 50, 25, 92, 75, 43, 71},
		{40, 54, 73, 90, 77, 90, 12, 36, 86, 54, 85, 63, 83, 52, 89, 15, 44, 75, 15, 57},
		{75, 38, 49, 38, 38, 83, 29, 63, 27, 12, 93, 43, 86, 29, 14, 52, 55, 55, 19, 61},
		{81, 94, 62, 11, 66, 66, 82, 83, 28, 63, 81, 65, 42, 28, 57, 44, 78, 31, 62, 69},
		{17, 36, 85, 58, 78, 76, 46, 64, 28, 74, 95, 45, 16, 75, 51, 29, 74, 20, 87, 39},
		{24, 95, 33, 60, 43, 26, 59, 79, 69, 31, 67, 70, 22, 85, 97, 16, 81, 22, 42, 46},
		{23, 19, 42, 37, 92, 80, 93, 15, 71, 81, 58, 99, 57, 95, 95, 29, 76, 71, 92, 47},
		{74, 34, 53, 76, 98, 18, 43, 23, 76, 12, 81, 99, 21, 60, 67, 94, 25, 32, 90, 66},
		{55, 53, 95, 14, 61, 41, 22, 90, 97, 98, 12, 61, 57, 10, 84, 33, 49, 43, 66, 75},
		{24, 86, 32, 12, 39, 44, 81, 84, 62, 31, 92, 64, 42, 23, 75, 44, 83, 15, 65, 62},
		{48, 19, 37, 59, 59, 62, 33, 85, 50, 71, 93, 58, 15, 26, 80, 98, 47, 75, 12, 19},
		{73, 73, 89, 77, 43, 66, 79, 20, 60, 50, 35, 61, 79, 32, 47, 21, 86, 60, 10, 92},
		{88, 11, 33, 13, 33, 64, 65, 62, 18, 34, 72, 36, 19, 31, 33, 49, 24, 64, 74, 26},
		{16, 34, 86, 37, 16, 78, 92, 74, 33, 86, 73, 66, 62, 56, 57, 25, 88, 69, 30, 32},
		{78, 38, 35, 71, 72, 65, 37, 29, 43, 48, 14, 56, 66, 77, 71, 70, 69, 70, 44, 86},
		{27, 64, 21, 50, 21, 18, 24, 63, 76, 58, 77, 25, 54, 96, 35, 86, 27, 93, 20, 65},
		{83, 88, 58, 46, 87, 62, 86, 52, 14, 84, 23, 98, 94, 34, 49, 74, 95, 41, 83, 19}
	},
	{
		{74, 48, 20, 65, 29, 95, 32, 67, 28, 86, 46, 56, 83, 35, 71, 15, 70, 34, 31, 27},
		{24, 91, 98, 26, 37, 16, 46, 68, 66, 74, 88, 65, 31, 75, 32, 64, 64, 43, 77, 28},
		{34, 32, 67, 12, 34, 68, 71, 50, 20, 95, 65, 82, 97, 40, 27, 68, 53, 17, 82, 40},
		{26, 95, 94, 70, 56, 59, 94, 49, 21, 25, 12, 46, 45, 41, 80, 38, 70, 15, 69, 89},
		{40, 70, 88, 12, 42, 55, 90, 44, 22, 54, 66, 31, 53, 56, 37, 35, 59, 43, 80, 82},
		{58, 63, 55, 45, 98, 35, 61, 51, 97, 69, 73, 74, 46, 61, 96, 95, 55, 80, 54, 50},
		{13, 11, 50, 73, 73, 87, 27, 67, 60, 69, 81, 73, 14, 36, 99, 63, 88, 65, 80, 85},
		{80, 11, 49, 28, 70, 29, 16, 70, 95, 58, 13, 55, 98, 12, 33, 50, 37, 57, 61, 45},
		{67, 36, 75, 84, 29, 49, 64, 71, 17, 37, 11, 99, 39, 33, 10, 20, 81, 84, 69, 49},
		{59, 97, 71, 79, 45, 26, 24, 27, 47, 26, 27, 36, 47, 89, 85, 26, 27, 44, 47, 29},
		{53, 75, 68, 20, 99, 63, 85, 59, 76, 65, 44, 72, 98, 98, 14, 60, 57, 13, 42, 83},
		{54, 76, 97, 10, 79, 20, 88, 43, 59, 70, 40, 25, 61, 73, 69, 69, 10, 77, 94, 30},
		{78, 25, 40, 85, 68, 40, 60, 92, 56, 48, 58, 78, 32, 37, 35, 14, 34, 12, 14, 49},
		{12, 86, 85, 64, 54, 11, 76, 92, 49, 52, 49, 76, 43, 13, 58, 66, 33, 34, 53, 32},
		{30, 45, 52, 48, 39, 46, 18, 90, 50, 62, 63, 48, 33, 44, 53, 51, 11, 55, 86, 50},
		{99, 14, 42, 80, 88, 14, 99, 78, 25, 65, 58, 24, 14, 28, 16, 60, 16, 61, 50, 58},
		{16, 17, 96, 36, 94, 19, 36, 10, 57, 99, 38, 30, 70, 88, 40, 30, 75, 74, 28, 27},
		{62, 70, 49, 41, 68, 27, 27, 70, 66, 70, 93, 16, 54, 41, 12, 43, 32, 89, 90, 97},
		{86, 71, 34, 11, 15, 60, 79, 16, 97, 26, 83, 82, 38, 10, 55, 65, 98, 20, 67, 16},
		{87, 50, 74, 52, 68, 28, 88, 72, 89, 19, 41, 40, 25, 76, 18, 14, 71, 38, 94, 17},
		{46, 19, 36, 14, 72, 26, 95, 32, 24, 51, 44, 69, 24, 43, 68, 23, 42, 76, 90, 29},
		{37, 65, 79, 91, 75, 48, 39, 45, 95, 98, 65, 55, 39, 31, 29, 95, 29, 69, 12, 12},
		{21, 27, 89, 77, 42, 93, 36, 67, 51, 37, 23, 31, 63, 99, 43, 64, 52, 22, 24, 65},
		{22, 71, 33, 20, 60, 69, 35, 36, 89, 56, 83, 89, 20, 27, 38, 89, 46, 35, 93, 57},
		{36, 18, 35, 28, 36, 39, 36, 31, 25, 80, 88, 78, 41, 42, 53, 86, 68, 75, 83, 16},
		{15, 89, 51, 64, 87, 93, 11, 63, 23, 27, 74, 55, 10, 29, 78, 57, 96, 71, 90, 62},
		{38, 42, 94, 46, 87, 84, 26, 20, 14, 79, 28, 85, 68, 63, 23, 90, 81, 50, 14, 24},
		{69, 64, 15, 70, 40, 32, 96, 91, 50, 27, 16, 38, 18, 69, 45, 52, 83, 34, 75, 55},
		{96, 28, 63, 48, 38, 36, 68, 88, 79, 63, 24, 62, 68, 49, 75, 91, 27, 41, 43, 74},
		{81, 80, 85, 15, 29, 61, 71, 49, 51, 96, 89, 54, 83, 32, 61, 48, 47, 68, 49, 29},
		{39, 98, 43, 44, 83, 85, 36, 36, 20, 16, 17, 99, 38, 89, 48, 26, 99, 52, 88, 56},
		{10, 60, 24, 34, 26, 26, 11, 20, 72, 20, 64, 94, 18, 18, 16, 28, 68, 73, 95, 62},
		{54, 30, 72, 75, 18, 32, 38, 29, 72, 82, 45, 47, 76, 30, 91, 45, 43, 49, 15, 62},
		{70, 99, 39, 82, 98, 47, 34, 73, 41, 52, 35, 97, 27, 18, 58, 99, 25, 20, 60, 24},
		{10, 44, 18, 58, 64, 28, 60, 97, 70, 81, 55, 77, 94, 64, 43, 59, 95, 38, 43, 56},
		{91, 31, 80, 69, 71, 58, 89, 67, 33, 88, 52, 61, 98, 44, 24, 33, 21, 15, 61, 18},
		{18, 13, 30, 11, 15, 78, 17, 37, 51, 16, 44, 71, 35, 60, 89, 59, 71, 46, 75, 76},
		{66, 74, 80, 26, 10, 23, 44, 69, 62, 44, 99, 87, 68, 56, 63, 80, 42, 40, 59, 45},
		{48, 79, 18, 91, 83, 81, 76, 13, 83, 78, 48, 86, 98, 15, 59, 23, 29, 27, 74, 70},
		{90, 72, 78, 37, 16, 60, 36, 17, 53, 86, 74, 26, 82, 25, 55, 28, 89, 54, 79, 15}
	},
	{
		{42, 15, 63, 90, 80, 37, 35, 60, 83, 88, 47, 27, 72, 58, 80, 13, 95, 84, 15, 77},
		{88, 29, 14, 53, 87, 43, 96, 56, 10, 85, 67, 25, 87, 31, 51, 17, 74, 13, 92, 49},
		{17, 99, 56, 21, 46, 72, 13, 74, 73, 76, 20, 75, 32, 26, 16, 75, 70, 62, 65, 41},
		{43, 18, 12, 77, 37, 77, 35, 65, 59, 68, 47, 45, 45, 74, 82, 21, 23, 64, 53, 21},
		{52, 59, 50, 80, 52, 53, 15, 27, 41, 39, 67, 62, 81, 67, 49, 60, 12, 61, 80, 71},
		{62, 66, 67, 85, 62, 39, 55, 62, 14, 18, 44, 16, 99, 35, 66, 57, 38, 36, 24, 10},
		{73, 15, 30, 29, 48, 65, 79, 77, 53, 13, 45, 44, 44, 96, 71, 40, 34, 42, 88, 14},
		{92, 97, 53, 54, 46, 30, 67, 52, 53, 91, 11, 78, 72, 66, 36, 62, 37, 37, 54, 21},
		{42, 93, 52, 42, 59, 56, 88, 94, 93, 42, 16, 55, 82, 87, 28, 58, 63, 34, 22, 26},
		{44, 47, 45, 21, 34, 57, 95, 32, 13, 86, 18, 42, 45, 67, 23, 73, 18, 45, 58, 90},
		{29, 29, 87, 28, 89, 99, 32, 16, 28, 37, 27, 98, 39, 41, 40, 64, 60, 24, 64, 71},
		{50, 29, 53, 76, 52, 38, 46, 52, 36, 67, 95, 59, 76, 50, 44, 77, 51, 63, 91, 76},
		{28, 95, 83, 89, 53, 25, 43, 48, 34, 16, 60, 11, 19, 90, 37, 45, 81, 11, 92, 15},
		{53, 13, 99, 15, 57, 94, 93, 23, 93, 13, 26, 26, 52, 84, 59, 86, 46, 58, 52, 89},
		{75, 21, 14, 89, 11, 32, 56, 99, 60, 84, 80, 45, 33, 65, 14, 34, 97, 66, 58, 59},
		{91, 10, 15, 78, 48, 26, 73, 27, 20, 34, 91, 45, 57, 16, 97, 36, 21, 91, 50, 47},
		{65, 26, 25, 54, 69, 11, 30, 48, 94, 78, 50, 94, 81, 84, 73, 31, 60, 89, 73, 31},
		{31, 96, 71, 80, 90, 49, 64, 76, 79, 18, 66, 51, 85, 26, 25, 13, 11, 11, 69, 99},
		{26, 61, 38, 35, 55, 45, 95, 50, 68, 84, 55, 45, 94, 72, 12, 39, 35, 98, 47, 59},
		{74, 56, 82, 70, 61, 92, 66, 59, 91, 44, 46, 98, 57, 74, 43, 36, 30, 76, 19, 83},
		{29, 82, 93, 57, 16, 62, 44, 63, 49, 85, 72, 19, 20, 26, 60, 36, 57, 94, 80, 45},
		{17, 35, 43, 62, 68, 51, 10, 66, 96, 28, 48, 35, 91, 36, 99, 48, 31, 46, 16, 96},
		{56, 66, 55, 51, 99, 18, 79, 50, 81, 35, 84, 73, 51, 78, 45, 78, 86, 75, 48, 92},
		{37, 66, 70, 39, 78, 30, 37, 85, 89, 24, 35, 87, 83, 51, 10, 50, 31, 28, 92, 64},
		{68, 98, 42, 14, 34, 78, 46, 99, 25, 92, 44, 72, 68, 66, 34, 72, 99, 79, 11, 37},
		{62, 84, 85, 93, 38, 94, 89, 71, 46, 17, 97, 79, 66, 82, 34, 64, 75, 36, 79, 90},
		{63, 66, 86, 29, 18, 51, 81, 37, 36, 74, 75, 37, 83, 97, 62, 78, 65, 56, 75, 16},
		{47, 55, 24, 61, 14, 84, 48, 32, 32, 10, 50, 10, 17, 17, 68, 38, 26, 67, 32, 48},
		{64, 94, 42, 38, 34, 18, 20, 72, 79, 45, 78, 96, 77, 17, 62, 11, 13, 53, 25, 72},
		{43, 78, 23, 16, 14, 34, 97, 15, 40, 88, 66, 51, 72, 76, 65, 49, 58, 72, 80, 93},
		{42, 36, 86, 92, 99, 61, 46, 52, 36, 71, 75, 34, 35, 38, 84, 46, 72, 26, 54, 88},
		{58, 12, 41, 72, 92, 48, 28, 87, 98, 15, 89, 34, 19, 29, 11, 80, 71, 88, 29, 36},
		{33, 82, 13, 99, 34, 62, 75, 87, 80, 45, 58, 55, 73, 84, 39, 25, 56, 84, 46, 90},
		{35, 62, 88, 34, 13, 74, 60, 44, 84, 62, 50, 54, 64, 80, 89, 77, 79, 27, 73, 66},
		{43, 64, 94, 19, 97, 38, 33, 75, 40, 39, 69, 57, 96, 66, 31, 61, 98, 19, 59, 30},
		{81, 63, 34, 73, 95, 86, 74, 60, 93, 55, 91, 81, 60, 27, 51, 80, 96, 70, 76, 69},
		{12, 92, 50, 76, 56, 89, 65, 52, 65, 59, 17, 48, 32, 39, 52, 79, 57, 68, 55, 30},
		{44, 94, 27, 76, 93, 23, 91, 20, 63, 84, 17, 53, 86, 98, 46, 53, 66, 26, 27, 14},
		{58, 41, 57, 20, 64, 20, 89, 95, 12, 37, 17, 23, 53, 42, 69, 99, 48, 80, 94, 68},
		{58, 39, 72, 99, 56, 11, 75, 73, 83, 18, 69, 48, 99, 88, 34, 91, 82, 97, 16, 83}
	},
	{
		{40, 82, 38, 35, 52, 57, 14, 52, 86, 30, 54, 10, 45, 46, 15, 89, 59, 52, 43, 74},
		{52, 76, 31, 15, 92, 79, 55, 53, 27, 99, 70, 10, 35, 66, 42, 83, 20, 84, 84, 78},
		{48, 68, 54, 26, 61, 19, 96, 85, 39, 16, 82, 22, 97, 20, 12, 61, 22, 93, 41, 69},
		{65, 21, 63, 93, 31, 14, 95, 27, 42, 44, 31, 12, 55, 25, 79, 25, 45, 68, 95, 46},
		{82, 33, 84, 94, 85, 83, 59, 47, 30, 41, 47, 93, 97, 61, 64, 49, 91, 62, 18, 71},
		{52, 77, 39, 81, 15, 13, 18, 68, 22, 88, 19, 63, 25, 64, 40, 13, 70, 52, 39, 59},
		{93, 77, 91, 12, 65, 34, 25, 43, 58, 85, 30, 64, 98, 43, 18, 44, 28, 32, 60, 89},
		{21, 59, 30, 79, 89, 19, 98, 20, 19, 27, 37, 84, 65, 17, 90, 32, 77, 61, 65, 96},
		{18, 91, 72, 11, 87, 80, 13, 19, 92, 92, 16, 16, 60, 25, 90, 99, 97, 91, 24, 59},
		{39, 53, 82, 38, 44, 90, 54, 74, 58, 65, 94, 93, 11, 77, 21, 28, 40, 88, 75, 89},
		{64, 65, 76, 67, 48, 76, 10, 94, 72, 85, 16, 62, 77, 76, 15, 29, 63, 74, 91, 11},
		{83, 37, 56, 31, 67, 13, 51, 26, 84, 16, 57, 67, 47, 55, 62, 62, 19, 11, 13, 70},
		{99, 24, 53, 66, 95, 38, 35, 99, 25, 20, 97, 30, 61, 38, 39, 20, 65, 65, 66, 55},
		{47, 78, 46, 81, 98, 56, 22, 47, 19, 11, 21, 39, 14, 98, 66, 51, 42, 11, 60, 85},
		{91, 75, 88, 86, 40, 37, 18, 98, 91, 88, 88, 33, 84, 53, 15, 22, 23, 40, 97, 80},
		{35, 61, 69, 69, 58, 74, 20, 36, 32, 24, 33, 95, 69, 77, 86, 98, 51, 72, 97, 47},
		{33, 21, 52, 52, 31, 98, 59, 82, 81, 26, 37, 66, 15, 43, 95, 99, 20, 61, 57, 60},
		{46, 82, 94, 93, 80, 93, 87, 36, 94, 75, 94, 71, 46, 76, 59, 64, 61, 96, 67, 72},
		{13, 18, 13, 58, 27, 97, 90, 73, 35, 19, 39, 78, 60, 92, 90, 38, 27, 79, 67, 93},
		{57, 68, 19, 76, 64, 73, 92, 52, 86, 34, 47, 81, 51, 56, 39, 42, 63, 63, 81, 39},
		{74, 42, 50, 95, 23, 72, 50, 25, 38, 34, 97, 21, 55, 59, 63, 73, 94, 48, 11, 77},
		{77, 72, 53, 82, 65, 94, 77, 78, 52, 59, 37, 90, 26, 94, 27, 23, 60, 69, 43, 72},
		{96, 42, 33, 24, 30, 12, 17, 31, 11, 56, 82, 87, 65, 10, 92, 24, 69, 91, 55, 44},
		{22, 91, 23, 32, 42, 75, 80, 17, 62, 86, 67, 37, 49, 50, 62, 17, 72, 66, 82, 15},
		{59, 23, 93, 60, 69, 62, 39, 44, 18, 46, 16, 72, 24, 98, 46, 29, 88, 77, 40, 52},
		{70, 45, 97, 84, 94, 11, 60, 23, 68, 81, 83, 13, 22, 58, 35, 36, 65, 94, 32, 30},
		{44, 40, 33, 74, 26, 49, 73, 10, 50, 71, 47, 67, 67, 32, 10, 56, 74, 68, 32, 99},
		{68, 20, 96, 55, 59, 88, 54, 24, 80, 56, 20, 38, 81, 95, 40, 86, 44, 60, 51, 91},
		{56, 82, 18, 89, 22, 98, 82, 82, 61, 63, 46, 74, 90, 20, 63, 35, 13, 96, 25, 91},
		{80, 91, 21, 70, 95, 16, 15, 78, 80, 36, 95, 65, 19, 18, 62, 37, 68, 94, 41, 17},
		{76, 19, 55, 98, 56, 70, 46, 53, 67, 90, 43, 24, 18, 22, 52, 97, 47, 42, 24, 59},
		{20, 41, 24, 52, 33, 77, 64, 85, 43, 42, 15, 19, 58, 39, 28, 15, 64, 87, 96, 55},
		{11, 17, 34, 89, 44, 37, 13, 58, 35, 28, 96, 87, 37, 22, 38, 26, 85, 83, 27, 23},
		{57, 59, 53, 24, 13, 23, 32, 59, 17, 86, 16, 69, 82, 32, 61, 88, 53, 99, 91, 21},
		{21, 80, 14, 49, 23, 81, 71, 38, 19, 74, 13, 61, 90, 60, 99, 80, 67, 43, 88, 54},
		{95, 53, 51, 96, 65, 66, 50, 20, 50, 47, 47, 41, 34, 99, 46, 44, 89, 90, 12, 70},
		{78, 95, 33, 18, 61, 61, 12, 99, 79, 55, 72, 37, 48, 55, 10, 47, 42, 69, 12, 66},
		{36, 47, 70, 30, 80, 26, 54, 65, 85, 33, 58, 70, 67, 69, 21, 95, 99, 35, 58, 53},
		{54, 58, 57, 43, 30, 82, 51, 31, 64, 59, 56, 11, 68, 84, 40, 49, 88, 93, 58, 85},
		{39, 46, 19, 16, 13, 12, 72, 79, 22, 62, 65, 69, 91, 48, 32, 43, 39, 65, 61, 20}
	},
	{
		{24, 86, 32, 57, 38, 63, 38, 70, 84, 41, 18, 95, 82, 76, 51, 74, 90, 93, 95, 41},
		{99, 77, 54, 91, 66, 47, 62, 91, 65, 64, 53, 61, 49, 67, 23, 12, 29, 90, 44, 73},
		{78, 58, 48, 19, 45, 24, 81, 11, 92, 81, 77, 66, 41, 17, 88, 67, 44, 93, 51, 39},
		{36, 19, 67, 33, 21, 80, 50, 99, 10, 89, 38, 83, 30, 53, 33, 15, 25, 63, 32, 83},
		{45, 42, 46, 20, 14, 37, 57, 20, 76, 98, 38, 60, 68, 23, 14, 77, 43, 77, 95, 97},
		{69, 68, 31, 37, 20, 26, 28, 75, 58, 22, 91, 43, 53, 94, 71, 82, 21, 39, 31, 33},
		{29, 62, 91, 17, 20, 88, 58, 45, 51, 87, 12, 87, 99, 12, 27, 55, 43, 76, 88, 74},
		{25, 83, 54, 74, 26, 72, 42, 92, 73, 31, 97, 20, 32, 63, 70, 22, 92, 19, 20, 67},
		{44, 87, 95, 85, 46, 51, 69, 16, 33, 19, 73, 55, 74, 64, 43, 77, 84, 64, 57, 23},
		{45, 80, 22, 76, 68, 54, 51, 62, 85, 91, 77, 45, 12, 18, 23, 66, 21, 75, 20, 87},
		{40, 89, 37, 70, 27, 70, 14, 75, 77, 22, 63, 55, 49, 48, 47, 91, 32, 20, 72, 41},
		{25, 91, 28, 31, 51, 28, 74, 26, 43, 30, 30, 96, 93, 77, 13, 40, 21, 14, 66, 45},
		{89, 45, 55, 84, 29, 77, 24, 61, 37, 25, 17, 25, 11, 41, 63, 76, 29, 92, 73, 25},
		{35, 75, 26, 21, 60, 65, 90, 23, 57, 42, 60, 20, 35, 70, 10, 83, 54, 88, 52, 67},
		{31, 23, 37, 99, 11, 29, 96, 71, 89, 43, 52, 66, 16, 42, 14, 72, 89, 30, 42, 94},
		{96, 64, 16, 99, 51, 25, 20, 55, 78, 65, 87, 73, 62, 13, 22, 90, 30, 42, 35, 14},
		{18, 41, 53, 48, 37, 51, 42, 97, 22, 61, 79, 82, 54, 20, 26, 12, 93, 28, 10, 38},
		{31, 48, 96, 21, 53, 43, 65, 36, 71, 49, 45, 57, 71, 42, 25, 61, 39, 46, 73, 93},
		{83, 89, 53, 17, 16, 29, 94, 58, 83, 73, 41, 66, 44, 50, 79, 58, 97, 68, 55, 54},
		{67, 22, 55, 98, 74, 32, 31, 53, 39, 38, 21, 40, 50, 19, 74, 14, 35, 90, 14, 29},
		{37, 91, 80, 33, 73, 18, 21, 83, 70, 54, 75, 79, 59, 82, 33, 68, 76, 66, 21, 31},
		{14, 72, 31, 11, 97, 18, 85, 28, 15, 36, 21, 84, 32, 92, 98, 59, 79, 13, 47, 72},
		{38, 41, 87, 43, 44, 30, 31, 43, 96, 54, 91, 92, 12, 71, 98, 90, 22, 62, 66, 86},
		{26, 14, 28, 74, 93, 93, 16, 29, 44, 40, 42, 23, 91, 94, 77, 33, 33, 97, 84, 96},
		{86, 37, 37, 31, 18, 31, 70, 76, 27, 34, 81, 35, 15, 77, 98, 17, 52, 88, 80, 80},
		{92, 93, 26, 14, 69, 91, 68, 35, 65, 52, 40, 30, 52, 49, 77, 57, 84, 89, 24, 44},
		{76, 22, 49, 38, 46, 99, 98, 14, 99, 76, 90, 85, 98, 53, 32, 91, 32, 98, 90, 23},
		{20, 61, 56, 64, 83, 25, 18, 23, 80, 16, 90, 31, 69, 92, 50, 76, 12, 83, 21, 52},
		{46, 50, 97, 17, 45, 96, 28, 71, 13, 93, 32, 44, 48, 42, 76, 39, 33, 10, 30, 86},
		{13, 97, 80, 95, 31, 50, 99, 67, 79, 47, 88, 50, 10, 96, 21, 18, 40, 76, 29, 63},
		{51, 76, 28, 27, 26, 94, 18, 85, 33, 31, 76, 37, 89, 54, 96, 43, 39, 33, 90, 41},
		{18, 34, 50, 29, 38, 47, 57, 16, 66, 60, 87, 24, 76, 74, 25, 85, 61, 18, 80, 85},
		{97, 42, 21, 88, 81, 21, 63, 42, 93, 91, 82, 10, 17, 17, 44, 23, 33, 42, 56, 57},
		{70, 65, 20, 92, 77, 39, 67, 94, 17, 64, 81, 64, 41, 94, 25, 24, 22, 83, 24, 37},
		{55, 53, 56, 25, 89, 70, 35, 70, 72, 81, 32, 13, 80, 20, 56, 12, 58, 93, 30, 64},
		{51, 52, 42, 28, 64, 22, 66, 23, 51, 13, 53, 31, 67, 20, 33, 26, 75, 48, 96, 49},
		{73, 44, 28, 36, 45, 16, 26, 62, 36, 46, 73, 70, 34, 49, 16, 20, 67, 62, 47, 32},
		{99, 45, 26, 64, 48, 76, 36, 10, 42, 73, 86, 18, 76, 31, 70, 81, 97, 14, 76, 45},
		{26, 15, 27, 82, 81, 98, 28, 86, 14, 27, 83, 45, 52, 48, 84, 15, 16, 22, 13, 66},
		{21, 26, 21, 19, 19, 83, 70, 25, 40, 96, 61, 86, 24, 93, 72, 31, 25, 61, 80, 70}
	},
	{
		{66, 65, 17, 92, 80, 50, 41, 23, 64, 71, 11, 99, 89, 73, 15, 63, 99, 36, 73, 90},
		{61, 70, 68, 52, 18, 26, 82, 98, 84, 40, 72, 37, 44, 28, 14, 60, 75, 79, 42, 27},
		{65, 20, 28, 86, 87, 50, 70, 20, 58, 16, 16, 97, 55, 55, 87, 69, 48, 36, 83, 82},
		{38, 99, 74, 40, 16, 10, 84, 26, 71, 12, 27, 11, 96, 59, 56, 63, 10, 84, 18, 83},
		{22, 84, 84, 53, 13, 66, 65, 49, 48, 98, 80, 61, 18, 27, 77, 58, 16, 66, 75, 81},
		{32, 15, 26, 19, 64, 12, 34, 35, 45, 45, 13, 57, 46, 99, 46, 42, 48, 57, 72, 48},
		{17, 46, 48, 29, 74, 20, 33, 75, 23, 24, 89, 91, 67, 64, 80, 19, 21, 82, 92, 35},
		{83, 67, 18, 72, 45, 38, 96, 58, 43, 81, 66, 93, 14, 55, 30, 21, 61, 82, 56, 67},
		{80, 44, 20, 28, 38, 68, 88, 57, 50, 30, 78, 86, 47, 71, 85, 67, 35, 67, 66, 37},
		{33, 11, 45, 43, 60, 83, 98, 19, 88, 59, 57, 66, 36, 24, 56, 74, 74, 93, 73, 80},
		{18, 50, 44, 81, 12, 67, 22, 20, 93, 96, 40, 94, 85, 18, 18, 58, 67, 45, 76, 30},
		{33, 77, 11, 35, 86, 53, 19, 31, 39, 58, 37, 80, 36, 43, 29, 20, 74, 59, 49, 10},
		{82, 52, 10, 60, 61, 20, 58, 71, 37, 68, 86, 86, 54, 23, 52, 61, 47, 23, 49, 56},
		{93, 39, 40, 75, 59, 15, 71, 54, 88, 96, 20, 36, 99, 40, 24, 44, 25, 86, 71, 13},
		{49, 62, 55, 67, 95, 99, 83, 99, 16, 60, 90, 30, 64, 90, 68, 83, 12, 20, 16, 36},
		{99, 37, 55, 69, 22, 42, 69, 93, 44, 24, 29, 72, 29, 99, 43, 43, 17, 51, 18, 95},
		{29, 16, 26, 49, 53, 47, 99, 15, 15, 63, 65, 45, 26, 26, 39, 60, 15, 59, 56, 42},
		{40, 35, 86, 34, 98, 68, 46, 42, 52, 76, 63, 24, 52, 80, 13, 35, 61, 35, 54, 69},
		{32, 77, 10, 16, 69, 62, 20, 75, 23, 95, 15, 21, 96, 87, 92, 21, 84, 39, 22, 72},
		{20, 17, 21, 63, 28, 36, 64, 75, 20, 20, 67, 87, 84, 55, 76, 82, 95, 46, 90, 25},
		{30, 77, 99, 85, 64, 69, 41, 50, 26, 34, 92, 64, 18, 64, 33, 24, 95, 48, 25, 13},
		{76, 48, 71, 49, 27, 35, 76, 28, 69, 21, 43, 73, 91, 54, 41, 30, 80, 41, 60, 35},
		{64, 74, 94, 73, 86, 89, 69, 35, 37, 16, 49, 89, 79, 74, 48, 12, 63, 20, 19, 22},
		{43, 37, 82, 33, 20, 64, 73, 42, 16, 75, 27, 43, 52, 68, 66, 53, 73, 51, 27, 83},
		{56, 50, 71, 13, 22, 90, 85, 86, 55, 38, 30, 55, 27, 16, 42, 58, 68, 56, 27, 60},
		{17, 39, 58, 17, 31, 24, 19, 13, 54, 76, 94, 51, 88, 15, 23, 30, 78, 88, 94, 63},
		{30, 29, 67, 28, 82, 79, 84, 13, 40, 19, 86, 30, 36, 47, 71, 76, 91, 30, 97, 11},
		{63, 46, 61, 21, 76, 50, 34, 87, 91, 53, 14, 59, 71, 29, 76, 18, 52, 29, 92, 37},
		{26, 26, 75, 66, 78, 25, 69, 16, 81, 20, 43, 51, 72, 86, 25, 65, 62, 63, 74, 61},
		{29, 42, 77, 53, 13, 61, 26, 81, 17, 44, 45, 67, 96, 58, 36, 33, 90, 97, 55, 15},
		{18, 67, 38, 21, 77, 96, 37, 19, 66, 47, 21, 14, 37, 84, 39, 17, 68, 51, 92, 78},
		{50, 15, 65, 52, 79, 63, 60, 50, 46, 49, 20, 38, 39, 94, 13, 53, 26, 24, 73, 10},
		{68, 84, 60, 94, 81, 10, 17, 18, 31, 98, 81, 93, 46, 30, 30, 24, 14, 96, 50, 99},
		{42, 47, 11, 52, 33, 44, 68, 83, 23, 96, 37, 66, 50, 86, 71, 79, 43, 53, 28, 68},
		{94, 15, 82, 66, 64, 99, 65, 22, 83, 27, 33, 23, 20, 50, 68, 84, 17, 55, 43, 18},
		{52, 28, 35, 25, 66, 93, 43, 41, 97, 32, 29, 72, 94, 18, 37, 82, 43, 59, 94, 29},
		{87, 83, 66, 64, 13, 62, 80, 83, 65, 53, 70, 73, 68, 95, 33, 79, 28, 95, 31, 83},
		{39, 88, 86, 10, 59, 45, 68, 53, 25, 69, 28, 30, 51, 50, 73, 72, 27, 73, 99, 41},
		{44, 94, 67, 36, 82, 31, 93, 29, 19, 58, 81, 40, 50, 66, 71, 27, 59, 92, 51, 98},
		{22, 76, 44, 59, 86, 15, 40, 27, 67, 81, 34, 54, 73, 70, 82, 43, 31, 78, 68, 16}
	},
	{
		{45, 20, 20, 73, 79, 60, 89, 62, 99, 74, 43, 54, 58, 86, 67, 23, 95, 66, 50, 87},
		{96, 30, 42, 73, 76, 87, 72, 82, 82, 25, 88, 89, 76, 35, 56, 88, 98, 10, 85, 44},
		{48, 99, 70, 86, 95, 55, 32, 74, 41, 79, 18, 53, 24, 53, 15, 59, 87, 35, 39, 73},
		{82, 13, 32, 77, 33, 84, 12, 33, 99, 78, 77, 43, 72, 82, 91, 79, 63, 15, 25, 76},
		{93, 71, 41, 91, 81, 74, 89, 29, 30, 22, 58, 63, 29, 30, 45, 70, 81, 66, 36, 89},
		{79, 13, 80, 78, 41, 72, 39, 86, 63, 52, 37, 11, 37, 17, 78, 64, 45, 76, 76, 41},
		{82, 79, 53, 55, 93, 94, 36, 29, 96, 91, 85, 99, 85, 96, 42, 31, 36, 98, 93, 61},
		{22, 15, 78, 49, 98, 59, 40, 19, 85, 73, 39, 36, 91, 76, 96, 46, 29, 57, 36, 19},
		{77, 34, 29, 53, 86, 52, 84, 89, 22, 41, 69, 71, 85, 13, 87, 82, 70, 68, 96, 47},
		{67, 69, 12, 47, 40, 27, 60, 25, 22, 21, 33, 82, 55, 82, 82, 14, 82, 14, 13, 99},
		{87, 78, 35, 54, 32, 77, 48, 96, 82, 15, 76, 36, 59, 57, 67, 62, 59, 79, 41, 47},
		{45, 38, 12, 99, 84, 10, 55, 51, 89, 44, 20, 17, 94, 55, 42, 70, 53, 51, 97, 31},
		{47, 28, 75, 45, 71, 27, 36, 92, 14, 66, 96, 51, 49, 16, 67, 64, 40, 45, 80, 53},
		{63, 41, 95, 52, 47, 94, 76, 52, 19, 82, 48, 36, 23, 88, 21, 99, 32, 81, 86, 62},
		{73, 13, 23, 90, 74, 65, 97, 75, 94, 95, 39, 27, 90, 39, 90, 21, 57, 67, 44, 93},
		{59, 37, 66, 66, 37, 30, 56, 22, 26, 67, 88, 92, 53, 82, 13, 74, 16, 70, 75, 73},
		{93, 49, 10, 84, 89, 52, 44, 32, 52, 31, 45, 45, 98, 36, 79, 10, 81, 93, 33, 46},
		{80, 77, 86, 30, 39, 21, 58, 15, 55, 47, 56, 75, 25, 60, 99, 71, 48, 33, 70, 67},
		{53, 81, 68, 44, 82, 92, 52, 76, 95, 80, 49, 54, 56, 75, 33, 25, 51, 96, 64, 58},
		{89, 39, 69, 10, 61, 84, 39, 61, 52, 58, 92, 67, 43, 96, 70, 49, 56, 93, 13, 25},
		{57, 24, 82, 75, 84, 89, 40, 27, 87, 16, 14, 77, 43, 71, 61, 61, 73, 16, 44, 35},
		{82, 31, 28, 59, 43, 51, 37, 49, 62, 87, 98, 74, 85, 40, 80, 14, 13, 15, 40, 16},
		{91, 99, 23, 77, 33, 83, 77, 10, 80, 57, 53, 52, 57, 41, 81, 51, 79, 51, 14, 48},
		{74, 79, 31, 96, 37, 97, 94, 49, 77, 64, 64, 16, 73, 67, 72, 77, 56, 77, 44, 55},
		{16, 48, 96, 95, 84, 49, 82, 14, 33, 85, 25, 88, 68, 93, 71, 14, 36, 84, 58, 94},
		{68, 86, 15, 23, 57, 81, 62, 64, 48, 30, 28, 55, 97, 81, 62, 82, 22, 48, 44, 50},
		{44, 39, 52, 12, 81, 66, 36, 44, 75, 43, 98, 84, 23, 94, 11, 50, 10, 87, 12, 94},
		{63, 15, 26, 39, 30, 60, 22, 11, 14, 14, 16, 69, 37, 37, 96, 49, 96, 95, 60, 50},
		{50, 79, 21, 87, 12, 15, 40, 14, 94, 81, 11, 50, 75, 83, 17, 99, 99, 64, 92, 98},
		{64, 82, 12, 85, 43, 16, 46, 15, 58, 94, 99, 71, 23, 31, 95, 45, 33, 75, 87, 82},
		{22, 79, 48, 88, 19, 57, 32, 41, 98, 50, 10, 64, 15, 41, 51, 26, 76, 14, 79, 59},
		{73, 38, 55, 88, 82, 29, 16, 41, 24, 83, 64, 86, 43, 71, 87, 82, 78, 88, 49, 33},
		{97, 91, 16, 72, 20, 67, 75, 54, 93, 54, 31, 62, 77, 99, 23, 36, 35, 70, 42, 57},
		{27, 38, 24, 22, 39, 97, 41, 96, 97, 15, 31, 63, 74, 26, 92, 18, 59, 23, 42, 82},
		{35, 73, 78, 76, 43, 56, 86, 95, 73, 50, 44, 14, 17, 73, 91, 94, 56, 71, 64, 65},
		{72, 74, 21, 51, 78, 76, 59, 30, 55, 74, 72, 46, 20, 52, 39, 48, 46, 32, 17, 10},
		{66, 37, 51, 40, 57, 19, 77, 63, 89, 17, 22, 12, 53, 79, 40, 43, 63, 33, 11, 83},
		{10, 36, 15, 13, 48, 36, 98, 65, 34, 80, 42, 49, 11, 68, 74, 82, 51, 71, 15, 11},
		{74, 72, 18, 66, 60, 81, 73, 29, 65, 40, 33, 14, 11, 16, 82, 91, 71, 38, 70, 85},
		{61, 12, 81, 23, 56, 78, 53, 42, 76, 88, 87, 37, 30, 48, 40, 17, 95, 84, 46, 13}
	},
	{
		{79, 61, 67, 50, 79, 11, 87, 51, 77, 28, 86, 54, 93, 14, 44, 32, 79, 48, 95, 99},
		{96, 42, 88, 82, 66, 39, 46, 82, 54, 56, 98, 38, 64, 62, 42, 71, 34, 15, 96, 61},
		{66, 75, 30, 38, 45, 99, 82, 73, 57, 32, 60, 97, 95, 65, 12, 64, 25, 91, 55, 66},
		{21, 46, 69, 33, 99, 42, 86, 61, 61, 63, 48, 27, 69, 99, 60, 41, 19, 53, 95, 77},
		{90, 74, 33, 54, 51, 33, 28, 51, 32, 36, 25, 97, 48, 24, 60, 38, 39, 70, 46, 37},
		{40, 67, 80, 47, 75, 86, 88, 61, 43, 68, 69, 68, 69, 70, 44, 53, 67, 56, 47, 84},
		{84, 52, 92, 47, 78, 65, 95, 55, 54, 50, 41, 28, 86, 38, 17, 77, 81, 86, 67, 22},
		{84, 45, 37, 43, 93, 80, 18, 50, 98, 70, 75, 46, 37, 72, 57, 34, 34, 26, 35, 19},
		{48, 78, 51, 80, 37, 60, 65, 20, 58, 97, 74, 13, 73, 56, 53, 69, 98, 97, 10, 67},
		{28, 73, 42, 36, 94, 85, 29, 66, 69, 42, 85, 28, 96, 41, 15, 13, 14, 27, 45, 33},
		{61, 51, 45, 63, 63, 27, 39, 60, 37, 30, 28, 66, 70, 72, 96, 18, 31, 59, 83, 65},
		{68, 51, 97, 13, 74, 92, 88, 45, 84, 78, 25, 52, 41, 65, 51, 30, 23, 15, 55, 41},
		{15, 22, 71, 78, 65, 10, 80, 80, 45, 73, 96, 17, 95, 51, 79, 18, 66, 58, 26, 48},
		{14, 10, 38, 17, 35, 34, 44, 88, 88, 87, 42, 87, 29, 94, 97, 93, 42, 15, 62, 37},
		{68, 71, 20, 32, 90, 57, 85, 79, 97, 66, 41, 97, 83, 96, 73, 39, 88, 62, 26, 48},
		{85, 36, 68, 72, 67, 87, 54, 85, 72, 10, 71, 29, 68, 33, 46, 64, 82, 30, 99, 77},
		{77, 53, 76, 99, 25, 55, 90, 69, 56, 98, 43, 90, 64, 28, 17, 49, 59, 76, 87, 46},
		{42, 41, 99, 34, 33, 30, 92, 49, 76, 61, 92, 73, 83, 56, 70, 32, 61, 65, 87, 87},
		{47, 23, 22, 68, 47, 60, 66, 69, 58, 63, 46, 83, 33, 54, 99, 77, 27, 31, 60, 49},
		{19, 14, 88, 25, 69, 26, 16, 62, 36, 85, 40, 34, 89, 23, 73, 51, 76, 84, 50, 83},
		{69, 62, 31, 27, 42, 27, 10, 46, 94, 24, 70, 16, 36, 96, 74, 20, 31, 75, 32, 59},
		{17, 18, 30, 97, 16, 17, 95, 10, 29, 52, 46, 84, 75, 65, 28, 15, 75, 82, 28, 13},
		{43, 77, 81, 53, 19, 12, 53, 20, 63, 26, 78, 19, 63, 59, 68, 21, 46, 26, 87, 61},
		{77, 96, 73, 10, 11, 81, 68, 78, 17, 65, 85, 95, 67, 84, 25, 48, 33, 17, 28, 17},
		{76, 69, 99, 39, 11, 94, 27, 32, 39, 29, 78, 71, 54, 18, 61, 17, 99, 10, 81, 32},
		{74, 30, 58, 24, 98, 82, 75, 47, 86, 26, 94, 79, 82, 52, 22, 17, 26, 83, 86, 64},
		{34, 44, 24, 26, 52, 33, 59, 79, 43, 58, 60, 57, 40, 38, 47, 84, 61, 48, 65, 65},
		{48, 47, 75, 55, 35, 43, 23, 26, 62, 29, 98, 13, 90, 33, 20, 72, 19, 65, 67, 82},
		{34, 22, 57, 64, 61, 40, 35, 27, 76, 70, 36, 70, 14, 43, 72, 62, 32, 97, 39, 47},
		{30, 75, 50, 60, 15, 89, 86, 46, 36, 33, 88, 54, 55, 43, 73, 52, 24, 82, 80, 64},
		{26, 82, 86, 54, 26, 87, 96, 49, 59, 43, 86, 33, 13, 44, 82, 45, 97, 77, 79, 56},
		{36, 77, 52, 52, 80, 13, 64, 86, 23, 60, 82, 15, 47, 72, 37, 98, 90, 47, 16, 84},
		{18, 25, 56, 73, 68, 60, 30, 31, 55, 93, 94, 32, 69, 30, 23, 69, 82, 61, 56, 48},
		{28, 16, 71, 64, 70, 57, 78, 69, 56, 92, 14, 20, 23, 85, 14, 83, 88, 41, 67, 89},
		{20, 69, 44, 59, 78, 75, 21, 51, 66, 54, 32, 34, 50, 87, 51, 57, 55, 67, 54, 58},
		{21, 15, 48, 77, 48, 61, 79, 17, 22, 83, 19, 81, 85, 42, 63, 88, 68, 38, 16, 92},
		{16, 70, 74, 33, 93, 13, 50, 77, 22, 67, 30, 99, 72, 72, 39, 91, 76, 68, 80, 87},
		{39, 58, 39, 25, 73, 88, 34, 96, 29, 27, 10, 91, 80, 68, 12, 61, 86, 56, 11, 30},
		{83, 29, 99, 11, 71, 66, 61, 46, 70, 77, 79, 22, 99, 28, 46, 26, 27, 55, 83, 26},
		{40, 74, 98, 94, 97, 92, 43, 58, 92, 97, 41, 14, 51, 92, 21, 10, 15, 52, 74, 13}
	},
	{
		{47, 91, 32, 74, 89, 19, 46, 26, 51, 98, 50, 75, 91, 63, 30, 39, 37, 47, 14, 67},
		{17, 12, 16, 87, 18, 44, 47, 60, 91, 33, 59, 92, 91, 50, 73, 15, 54, 78, 99, 34},
		{59, 40, 32, 80, 56, 17, 52, 76, 84, 86, 68, 50, 97, 42, 98, 12, 79, 58, 48, 19},
		{21, 44, 35, 58, 82, 33, 83, 58, 83, 27, 92, 22, 68, 76, 55, 80, 57, 90, 72, 59},
		{48, 12, 25, 62, 62, 50, 87, 49, 96, 88, 94, 23, 77, 46, 71, 67, 22, 42, 36, 62},
		{31, 38, 15, 98, 40, 81, 31, 83, 57, 63, 83, 39, 61, 54, 84, 29, 21, 81, 63, 81},
		{45, 98, 64, 52, 83, 35, 73, 10, 63, 82, 20, 54, 76, 87, 60, 41, 80, 73, 73, 92},
		{28, 26, 25, 83, 70, 68, 34, 50, 88, 51, 84, 68, 68, 28, 31, 87, 27, 70, 73, 33},
		{48, 56, 47, 80, 72, 38, 23, 34, 31, 50, 97, 67, 94, 59, 58, 43, 41, 67, 29, 82},
		{17, 79, 40, 79, 83, 70, 71, 72, 43, 34, 64, 72, 87, 26, 52, 42, 54, 22, 19, 38},
		{58, 75, 23, 48, 69, 63, 75, 51, 95, 21, 81, 11, 96, 99, 12, 58, 38, 54, 94, 59},
		{69, 62, 65, 53, 13, 52, 60, 16, 94, 88, 87, 35, 17, 26, 99, 48, 94, 99, 73, 57},
		{55, 99, 24, 86, 89, 11, 17, 31, 59, 30, 24, 33, 44, 99, 85, 13, 56, 32, 79, 82},
		{56, 27, 52, 94, 59, 74, 60, 73, 46, 83, 31, 10, 47, 79, 20, 72, 34, 88, 17, 89},
		{86, 31, 84, 74, 34, 67, 46, 73, 17, 16, 68, 59, 12, 62, 59, 61, 33, 80, 37, 33},
		{17, 64, 30, 37, 18, 65, 31, 91, 37, 96, 70, 71, 76, 67, 90, 47, 39, 55, 22, 93},
		{36, 60, 71, 16, 47, 31, 86, 32, 50, 40, 35, 37, 45, 89, 83, 16, 54, 52, 40, 25},
		{73, 63, 20, 24, 43, 55, 30, 74, 65, 98, 93, 89, 71, 20, 65, 64, 95, 81, 76, 74},
		{54, 63, 71, 97, 73, 16, 16, 80, 96, 58, 69, 68, 65, 91, 19, 19, 67, 32, 23, 48},
		{12, 19, 65, 97, 68, 79, 60, 72, 82, 56, 35, 37, 61, 41, 42, 38, 44, 49, 31, 22},
		{15, 92, 96, 37, 82, 65, 54, 84, 50, 31, 44, 28, 67, 77, 72, 76, 12, 43, 83, 40},
		{58, 47, 54, 19, 87, 55, 78, 63, 49, 77, 79, 65, 21, 47, 22, 72, 81, 49, 39, 74},
		{69, 79, 50, 50, 45, 94, 79, 90, 25, 90, 76, 76, 80, 87, 32, 75, 54, 70, 45, 47},
		{35, 37, 22, 28, 70, 68, 90, 64, 79, 55, 56, 85, 95, 29, 70, 79, 52, 37, 54, 98},
		{17, 77, 65, 85, 32, 37, 83, 57, 77, 26, 30, 20, 27, 29, 12, 52, 55, 89, 12, 90},
		{19, 50, 40, 19, 15, 41, 45, 76, 93, 21, 47, 46, 24, 76, 71, 13, 11, 22, 79, 27},
		{52, 73, 61, 21, 38, 37, 61, 56, 69, 66, 95, 57, 62, 69, 97, 51, 38, 43, 41, 36},
		{86, 84, 96, 49, 86, 74, 19, 26, 38, 45, 62, 56, 45, 37, 47, 42, 21, 50, 28, 29},
		{87, 49, 94, 59, 23, 12, 15, 53, 56, 22, 40, 91, 82, 57, 83, 72, 15, 54, 66, 28},
		{43, 51, 46, 70, 32, 83, 47, 96, 48, 37, 73, 28, 32, 15, 97, 69, 98, 10, 66, 85},
		{15, 56, 36, 52, 47, 73, 21, 36, 16, 49, 12, 54, 87, 35, 77, 52, 68, 96, 26, 41},
		{38, 73, 76, 30, 22, 37, 51, 59, 21, 39, 32, 45, 53, 86, 25, 95, 49, 55, 11, 92},
		{98, 93, 81, 88, 22, 42, 98, 56, 83, 45, 31, 94, 38, 89, 20, 49, 14, 12, 29, 58},
		{37, 98, 36, 84, 59, 22, 72, 83, 88, 71, 94, 37, 59, 82, 94, 40, 57, 29, 49, 92},
		{44, 46, 81, 85, 19, 72, 92, 44, 87, 15, 67, 56, 86, 16, 46, 15, 53, 85, 84, 85},
		{68, 58, 55, 51, 32, 53, 39, 13, 45, 59, 74, 17, 96, 87, 63, 79, 18, 58, 96, 81},
		{97, 68, 72, 30, 24, 40, 28, 25, 53, 14, 25, 26, 67, 83, 53, 45, 70, 74, 13, 32},
		{40, 17, 17, 26, 34, 37, 47, 29, 54, 44, 37, 16, 10, 42, 39, 35, 20, 14, 97, 91},
		{20, 53, 60, 93, 18, 74, 75, 37, 95, 38, 21, 73, 22, 64, 96, 26, 51, 57, 25, 90},
		{53, 13, 58, 31, 77, 89, 95, 17, 10, 59, 14, 15, 21, 33, 91, 80, 41, 95, 76, 68}
	},
	{
		{17, 40, 63, 98, 44, 35, 56, 72, 92, 99, 74, 57, 90, 23, 61, 94, 89, 96, 97, 99},
		{28, 85, 50, 25, 27, 91, 58, 28, 33, 91, 64, 35, 16, 70, 18, 81, 72, 68, 71, 28},
		{84, 20, 70, 21, 53, 94, 97, 49, 87, 99, 30, 56, 34, 79, 51, 19, 46, 82, 93, 41},
		{71, 42, 82, 44, 14, 74, 29, 83, 38, 90, 93, 20, 42, 91, 66, 67, 85, 17, 83, 77},
		{45, 95, 20, 71, 24, 75, 84, 61, 51, 22, 33, 80, 29, 59, 80, 84, 84, 32, 69, 89},
		{75, 36, 45, 64, 67, 19, 78, 32, 19, 13, 69, 27, 76, 35, 48, 61, 46, 36, 26, 78},
		{62, 15, 78, 78, 71, 68, 13, 65, 74, 55, 78, 51, 24, 75, 29, 22, 64, 31, 52, 62},
		{89, 95, 53, 17, 61, 94, 69, 43, 91, 93, 77, 59, 81, 98, 37, 86, 50, 92, 13, 15},
		{42, 92, 82, 38, 46, 79, 18, 56, 93, 36, 61, 37, 55, 42, 34, 75, 99, 89, 47, 80},
		{13, 41, 30, 54, 98, 79, 12, 36, 83, 56, 99, 87, 12, 84, 88, 56, 60, 54, 86, 50},
		{97, 71, 25, 56, 70, 80, 73, 55, 48, 23, 19, 75, 41, 77, 98, 40, 73, 92, 42, 23},
		{17, 17, 59, 19, 68, 98, 59, 39, 51, 78, 90, 80, 18, 65, 62, 94, 68, 38, 41, 42},
		{62, 11, 48, 25, 27, 70, 38, 99, 31, 51, 52, 44, 13, 63, 98, 88, 39, 21, 17, 34},
		{28, 45, 93, 90, 56, 39, 39, 10, 70, 44, 24, 51, 67, 38, 90, 90, 46, 91, 77, 56},
		{89, 10, 92, 66, 97, 69, 46, 63, 64, 88, 36, 79, 84, 70, 96, 51, 19, 33, 80, 86},
		{15, 12, 23, 70, 69, 78, 98, 54, 47, 27, 48, 24, 19, 84, 82, 81, 78, 26, 30, 55},
		{10, 40, 21, 18, 89, 79, 31, 99, 61, 35, 90, 73, 96, 75, 19, 73, 95, 99, 39, 83},
		{88, 51, 29, 12, 48, 72, 63, 28, 15, 23, 44, 17, 47, 62, 62, 61, 98, 45, 12, 34},
		{32, 53, 16, 65, 32, 41, 75, 40, 59, 19, 23, 97, 75, 45, 81, 61, 24, 28, 82, 25},
		{16, 92, 61, 96, 85, 86, 67, 12, 48, 27, 21, 49, 12, 89, 77, 11, 62, 90, 49, 44},
		{93, 79, 37, 74, 76, 52, 53, 83, 13, 98, 41, 66, 28, 88, 84, 33, 31, 18, 67, 84},
		{77, 82, 14, 39, 44, 79, 59, 58, 62, 77, 65, 35, 98, 81, 14, 93, 77, 95, 62, 69},
		{51, 66, 10, 67, 94, 82, 18, 91, 80, 15, 94, 58, 74, 39, 78, 84, 41, 71, 22, 56},
		{91, 92, 65, 13, 46, 10, 30, 99, 34, 76, 11, 18, 25, 67, 23, 42, 59, 83, 43, 96},
		{76, 16, 68, 34, 58, 26, 86, 87, 40, 71, 31, 44, 11, 24, 84, 40, 72, 77, 39, 82},
		{76, 46, 31, 59, 18, 67, 87, 57, 48, 74, 25, 90, 30, 59, 80, 82, 24, 61, 70, 12},
		{50, 25, 94, 60, 85, 49, 64, 51, 36, 58, 11, 30, 85, 99, 58, 79, 63, 96, 24, 74},
		{26, 24, 38, 88, 58, 60, 84, 26, 37, 98, 59, 58, 80, 29, 13, 82, 16, 77, 91, 79},
		{44, 52, 53, 40, 48, 60, 66, 27, 47, 86, 82, 29, 73, 26, 67, 20, 91, 88, 14, 35},
		{87, 37, 78, 16, 65, 29, 64, 13, 44, 72, 50, 15, 31, 66, 94, 96, 38, 96, 27, 31},
		{39, 47, 78, 46, 84, 25, 63, 36, 38, 48, 81, 53, 83, 19, 77, 61, 76, 77, 67, 59},
		{38, 13, 23, 72, 42, 17, 64, 50, 25, 51, 78, 46, 91, 88, 60, 90, 31, 55, 75, 75},
		{79, 26, 16, 40, 18, 13, 92, 17, 56, 97, 13, 19, 65, 20, 98, 53, 51, 78, 32, 50},
		{20, 49, 82, 90, 82, 44, 95, 19, 33, 34, 70, 63, 84, 29, 54, 60, 70, 13, 76, 37},
		{68, 71, 51, 95, 25, 62, 32, 70, 48, 89, 53, 77, 84, 47, 54, 27, 48, 91, 72, 77},
		{50, 97, 26, 64, 16, 42, 26, 56, 77, 74, 80, 69, 35, 33, 90, 18, 85, 66, 57, 41},
		{85, 72, 19, 67, 26, 85, 70, 67, 60, 63, 50, 52, 82, 71, 64, 43, 17, 83, 52, 45},
		{14, 42, 90, 71, 50, 96, 53, 37, 87, 54, 57, 89, 72, 96, 55, 69, 98, 48, 16, 47},
		{48, 44, 75, 61, 89, 13, 64, 94, 98, 73, 97, 91, 67, 62, 51, 59, 33, 43, 61, 98},
		{73, 97, 80, 86, 90, 28, 21, 36, 90, 79, 76, 40, 53, 47, 45, 66, 91, 51, 44, 30}
	},
	{
		{20, 72, 87, 94, 31, 42, 93, 52, 67, 80, 57, 87, 46, 96, 52, 10, 44, 34, 16, 18},
		{75, 82, 94, 94, 94, 57, 59, 54, 51, 58, 32, 22, 41, 16, 25, 53, 85, 70, 51, 62},
		{29, 40, 55, 60, 55, 95, 63, 54, 30, 48, 37, 36, 83, 49, 51, 69, 63, 35, 31, 24},
		{18, 27, 99, 54, 63, 57, 96, 37, 91, 38, 90, 38, 29, 20, 69, 76, 28, 46, 84, 96},
		{18, 54, 11, 76, 53, 39, 97, 91, 48, 30, 54, 35, 58, 44, 88, 30, 79, 53, 87, 85},
		{81, 72, 85, 96, 14, 80, 46, 15, 76, 36, 97, 10, 43, 39, 40, 71, 22, 71, 61, 79},
		{31, 74, 62, 46, 69, 77, 97, 53, 66, 14, 15, 39, 91, 52, 39, 22, 88, 97, 79, 56},
		{25, 47, 96, 64, 50, 71, 64, 25, 94, 84, 58, 81, 37, 89, 96, 28, 35, 56, 16, 50},
		{12, 63, 15, 22, 74, 30, 93, 86, 69, 81, 80, 29, 73, 91, 23, 78, 26, 23, 84, 30},
		{41, 26, 21, 98, 41, 18, 72, 66, 24, 24, 24, 69, 92, 18, 12, 79, 45, 16, 71, 30},
		{39, 32, 25, 42, 39, 17, 88, 31, 65, 61, 43, 29, 54, 19, 11, 19, 99, 11, 71, 48},
		{52, 36, 51, 89, 95, 41, 94, 19, 77, 83, 79, 87, 83, 90, 64, 25, 34, 18, 38, 33},
		{79, 32, 84, 58, 37, 93, 43, 73, 67, 22, 23, 84, 55, 97, 42, 67, 19, 78, 20, 43},
		{67, 65, 76, 81, 81, 25, 84, 21, 19, 84, 68, 16, 48, 98, 17, 32, 41, 15, 56, 19},
		{72, 33, 85, 92, 85, 88, 73, 85, 12, 81, 91, 63, 16, 18, 36, 27, 17, 63, 16, 59},
		{78, 10, 92, 96, 41, 73, 94, 53, 53, 31, 19, 37, 31, 97, 60, 76, 18, 65, 90, 30},
		{33, 64, 13, 57, 46, 91, 11, 34, 14, 88, 47, 89, 49, 62, 55, 87, 27, 91, 51, 45},
		{75, 70, 10, 56, 71, 40, 74, 13, 75, 10, 39, 10, 63, 62, 31, 86, 22, 71, 89, 26},
		{84, 69, 83, 53, 28, 89, 23, 97, 76, 39, 83, 35, 31, 27, 27, 86, 93, 90, 46, 91},
		{54, 98, 32, 92, 32, 29, 43, 46, 23, 20, 10, 19, 10, 75, 67, 75, 65, 43, 13, 52},
		{25, 18, 64, 94, 49, 44, 60, 39, 70, 57, 26, 72, 54, 42, 58, 77, 71, 32, 88, 54},
		{70, 43, 17, 28, 17, 45, 27, 92, 36, 62, 64, 61, 81, 99, 96, 45, 97, 33, 58, 19},
		{32, 91, 61, 31, 78, 69, 77, 38, 49, 56, 62, 81, 71, 17, 54, 96, 88, 61, 65, 56},
		{44, 91, 46, 10, 18, 84, 90, 27, 70, 70, 62, 27, 17, 29, 73, 42, 36, 40, 87, 66},
		{27, 95, 81, 69, 38, 49, 78, 35, 52, 69, 21, 42, 12, 62, 20, 15, 23, 75, 74, 14},
		{90, 67, 47, 40, 94, 17, 34, 47, 82, 45, 49, 87, 43, 35, 98, 34, 45, 31, 87, 51},
		{31, 85, 98, 60, 77, 68, 53, 42, 75, 18, 63, 56, 13, 23, 51, 22, 25, 42, 32, 46},
		{84, 58, 95, 66, 54, 25, 81, 45, 51, 81, 95, 94, 90, 29, 94, 39, 99, 66, 91, 98},
		{93, 37, 62, 50, 95, 61, 90, 41, 14, 67, 48, 57, 30, 63, 74, 56, 20, 69, 52, 27},
		{82, 50, 24, 30, 12, 40, 39, 16, 47, 23, 13, 17, 29, 96, 25, 95, 46, 70, 29, 70},
		{12, 72, 36, 18, 32, 16, 27, 12, 14, 40, 71, 77, 16, 52, 19, 40, 75, 40, 80, 48},
		{15, 47, 62, 36, 82, 39, 28, 29, 84, 24, 35, 74, 77, 51, 74, 56, 48, 95, 35, 21},
		{69, 99, 23, 31, 93, 33, 19, 43, 61, 38, 91, 77, 93, 28, 34, 63, 17, 19, 25, 94},
		{37, 21, 64, 12, 27, 90, 35, 68, 81, 25, 49, 23, 33, 81, 47, 37, 15, 83, 62, 46},
		{93, 50, 69, 54, 19, 95, 66, 59, 13, 47, 28, 90, 82, 32, 63, 27, 83, 92, 66, 36},
		{62, 37, 37, 70, 35, 91, 15, 56, 25, 27, 43, 62, 82, 26, 72, 68, 19, 76, 33, 70},
		{47, 80, 90, 80, 46, 21, 54, 43, 36, 20, 87, 84, 17, 84, 90, 46, 77, 99, 49, 83},
		{70, 78, 66, 39, 78, 39, 25, 13, 97, 41, 90, 88, 89, 46, 92, 69, 74, 68, 68, 36},
		{62, 89, 42, 96, 58, 24, 53, 39, 39, 50, 32, 70, 69, 28, 74, 88, 71, 28, 49, 37},
		{15, 98, 27, 64, 17, 37, 35, 73, 21, 98, 92, 18, 74, 69, 55, 86, 62, 80, 45, 45}
	},
	{
		{34, 13, 72, 82, 15, 75, 99, 33, 93, 71, 23, 89, 73, 98, 28, 59, 78, 17, 38, 18},
		{93, 88, 36, 73, 20, 80, 51, 78, 59, 95, 57, 70, 60, 13, 81, 91, 67, 24, 67, 50},
		{33, 23, 92, 76, 46, 84, 73, 31, 61, 87, 29, 52, 33, 78, 89, 58, 21, 34, 50, 93},
		{21, 49, 77, 99, 63, 70, 12, 84, 45, 88, 38, 88, 39, 58, 26, 41, 53, 67, 22, 86},
		{40, 98, 55, 60, 65, 14, 65, 56, 73, 90, 22, 76, 59, 35, 18, 26, 29, 37, 48, 36},
		{54, 51, 45, 55, 95, 69, 19, 94, 19, 43, 80, 76, 19, 22, 66, 33, 10, 75, 46, 43},
		{15, 11, 41, 81, 49, 18, 36, 11, 87, 30, 14, 23, 25, 77, 39, 50, 11, 96, 94, 41},
		{44, 95, 85, 20, 62, 81, 70, 13, 32, 49, 15, 59, 84, 42, 40, 48, 61, 40, 62, 64},
		{64, 17, 47, 12, 71, 11, 61, 92, 16, 16, 98, 67, 24, 49, 11, 88, 15, 51, 38, 66},
		{71, 24, 38, 61, 73, 34, 56, 89, 90, 56, 29, 78, 76, 97, 75, 34, 67, 72, 64, 67},
		{36, 58, 99, 64, 72, 52, 30, 70, 99, 42, 98, 62, 85, 92, 79, 84, 65, 36, 41, 42},
		{58, 43, 76, 92, 98, 22, 46, 66, 69, 53, 77, 13, 49, 12, 29, 34, 57, 25, 27, 21},
		{81, 20, 31, 61, 95, 90, 81, 94, 80, 55, 22, 10, 62, 35, 50, 90, 31, 47, 53, 61},
		{94, 27, 91, 73, 29, 50, 84, 24, 93, 35, 53, 99, 72, 22, 91, 94, 73, 81, 96, 27},
		{68, 87, 26, 61, 49, 45, 10, 98, 62, 67, 50, 86, 18, 60, 35, 86, 18, 37, 50, 20},
		{38, 16, 66, 35, 19, 57, 47, 16, 86, 61, 84, 80, 50, 39, 27, 79, 56, 26, 16, 52},
		{88, 27, 63, 85, 92, 43, 77, 80, 69, 20, 62, 94, 47, 42, 13, 48, 52, 21, 67, 56},
		{98, 46, 74, 76, 95, 92, 17, 93, 71, 90, 90, 41, 16, 66, 87, 16, 91, 76, 34, 59},
		{37, 77, 38, 30, 12, 18, 97, 97, 24, 85, 73, 43, 71, 81, 34, 97, 26, 64, 96, 74},
		{84, 84, 11, 81, 83, 53, 66, 15, 15, 16, 14, 68, 50, 55, 91, 29, 87, 15, 22, 74},
		{37, 69, 93, 56, 53, 69, 95, 45, 41, 92, 91, 67, 71, 99, 77, 45, 11, 70, 58, 55},
		{19, 97, 63, 32, 70, 89, 97, 29, 23, 22, 13, 51, 78, 40, 30, 44, 13, 72, 68, 68},
		{51, 65, 80, 41, 83, 61, 81, 14, 51, 49, 50, 76, 61, 31, 20, 30, 59, 32, 26, 46},
		{57, 76, 26, 20, 25, 93, 98, 66, 89, 54, 37, 77, 53, 14, 37, 69, 15, 67, 44, 21},
		{76, 61, 64, 60, 43, 69, 60, 43, 20, 38, 43, 72, 65, 36, 87, 14, 81, 82, 70, 46},
		{99, 40, 10, 88, 43, 37, 32, 34, 12, 30, 32, 78, 84, 65, 24, 45, 94, 73, 70, 59},
		{49, 75, 61, 73, 11, 67, 71, 20, 71, 82, 22, 54, 78, 78, 55, 94, 87, 79, 86, 87},
		{58, 56, 22, 18, 27, 82, 29, 48, 41, 67, 97, 97, 25, 83, 41, 81, 30, 90, 22, 83},
		{13, 13, 92, 80, 46, 80, 60, 94, 93, 19, 60, 39, 13, 93, 72, 18, 71, 18, 68, 35},
		{24, 73, 10, 63, 27, 62, 18, 12, 25, 75, 49, 75, 78, 30, 46, 71, 66, 33, 47, 29},
		{22, 71, 18, 33, 23, 88, 95, 13, 74, 82, 17, 24, 33, 95, 83, 88, 46, 69, 49, 81},
		{77, 37, 25, 32, 81, 63, 39, 54, 11, 92, 30, 90, 25, 66, 12, 88, 33, 31, 96, 97},
		{98, 95, 65, 89, 19, 20, 94, 31, 18, 58, 31, 14, 40, 54, 86, 50, 92, 93, 69, 52},
		{65, 47, 24, 56, 22, 81, 75, 74, 14, 31, 73, 87, 81, 58, 12, 54, 20, 65, 11, 52},
		{30, 94, 69, 87, 31, 34, 93, 38, 99, 85, 87, 66, 36, 66, 43, 60, 37, 29, 23, 88},
		{26, 18, 95, 93, 53, 74, 26, 82, 40, 32, 26, 24, 17, 18, 45, 95, 25, 75, 19, 92},
		{49, 13, 90, 53, 41, 15, 39, 46, 62, 29, 67, 13, 40, 88, 64, 11, 69, 60, 99, 25},
		{42, 83, 62, 89, 99, 45, 56, 26, 71, 46, 60, 69, 34, 97, 42, 60, 90, 58, 29, 55},
		{62, 59, 51, 93, 96, 39, 32, 98, 26, 75, 47, 77, 28, 46, 67, 95, 23, 23, 32, 34},
		{30, 38, 55, 66, 51, 99, 29, 29, 71, 10, 85, 69, 70, 62, 48, 92, 29, 26, 90, 56}
	},
	{
		{75, 14, 89, 44, 79, 15, 97, 95, 47, 26, 47, 66, 47, 36, 37, 17, 30, 56, 69, 22},
		{13, 14, 18, 97, 14, 70, 52, 47, 32, 37, 25, 29, 73, 52, 37, 77, 12, 40, 32, 71},
		{65, 36, 32, 74, 90, 79, 37, 78, 74, 34, 76, 49, 79, 27, 73, 95, 91, 22, 86, 33},
		{91, 40, 74, 18, 77, 77, 54, 72, 10, 33, 54, 49, 78, 40, 63, 46, 68, 56, 57, 12},
		{44, 13, 67, 21, 28, 33, 95, 38, 60, 89, 34, 99, 75, 12, 45, 37, 94, 36, 83, 62},
		{69, 31, 21, 97, 22, 49, 40, 84, 94, 21, 45, 53, 73, 18, 34, 61, 10, 65, 53, 52},
		{14, 28, 77, 34, 85, 20, 58, 37, 17, 28, 99, 31, 32, 25, 53, 93, 55, 35, 75, 99},
		{74, 42, 99, 84, 69, 29, 73, 32, 25, 13, 48, 26, 92, 25, 25, 55, 71, 44, 59, 30},
		{58, 96, 99, 20, 69, 19, 43, 37, 49, 75, 62, 32, 24, 41, 16, 59, 25, 53, 18, 52},
		{13, 17, 36, 20, 15, 75, 21, 46, 82, 18, 21, 33, 96, 89, 15, 32, 19, 83, 27, 79},
		{98, 48, 39, 96, 80, 47, 36, 24, 59, 12, 32, 99, 45, 55, 39, 97, 34, 29, 93, 93},
		{66, 38, 51, 77, 70, 23, 99, 97, 79, 37, 64, 12, 20, 51, 91, 37, 67, 19, 97, 23},
		{26, 92, 91, 37, 58, 70, 79, 53, 14, 11, 33, 81, 68, 13, 82, 32, 57, 59, 49, 14},
		{28, 46, 71, 91, 21, 88, 15, 52, 97, 22, 45, 79, 27, 40, 20, 12, 39, 76, 85, 21},
		{46, 12, 82, 32, 11, 60, 68, 79, 37, 57, 64, 98, 27, 23, 78, 11, 76, 35, 23, 14},
		{64, 96, 84, 57, 50, 62, 87, 92, 63, 70, 59, 17, 10, 55, 73, 99, 32, 22, 57, 21},
		{31, 27, 60, 16, 39, 27, 76, 42, 98, 47, 65, 14, 79, 56, 86, 54, 37, 48, 96, 41},
		{17, 54, 11, 62, 57, 19, 81, 33, 74, 97, 93, 89, 26, 15, 71, 98, 21, 31, 19, 12},
		{27, 39, 10, 32, 33, 80, 27, 72, 90, 39, 72, 10, 13, 67, 59, 23, 20, 49, 65, 30},
		{25, 53, 51, 78, 97, 69, 71, 25, 40, 40, 40, 55, 63, 75, 77, 38, 87, 67, 12, 77},
		{11, 63, 80, 83, 60, 65, 92, 38, 20, 66, 63, 77, 61, 70, 59, 42, 77, 12, 85, 53},
		{43, 21, 91, 13, 71, 15, 91, 42, 84, 91, 51, 35, 19, 56, 97, 67, 81, 95, 21, 44},
		{35, 62, 34, 97, 18, 96, 33, 75, 92, 72, 78, 14, 92, 29, 43, 28, 86, 96, 49, 31},
		{54, 23, 85, 12, 40, 33, 20, 89, 46, 19, 60, 86, 85, 90, 17, 76, 40, 55, 88, 90},
		{56, 10, 71, 58, 23, 23, 77, 51, 34, 29, 52, 52, 38, 59, 52, 74, 59, 44, 27, 13},
		{95, 40, 64, 28, 22, 36, 46, 12, 26, 19, 71, 88, 52, 39, 51, 62, 31, 51, 22, 51},
		{23, 55, 54, 94, 87, 22, 60, 56, 72, 35, 61, 72, 59, 80, 49, 94, 79, 80, 50, 35},
		{89, 85, 11, 47, 20, 89, 32, 79, 44, 70, 29, 72, 20, 66, 30, 51, 47, 81, 99, 46},
		{50, 31, 62, 38, 41, 70, 64, 81, 89, 98, 80, 82, 39, 69, 25, 13, 83, 24, 95, 25},
		{52, 81, 42, 76, 90, 60, 27, 73, 48, 44, 82, 12, 52, 80, 30, 40, 29, 42, 90, 21},
		{33, 96, 40, 11, 68, 61, 42, 55, 35, 74, 91, 76, 47, 30, 96, 42, 83, 15, 13, 19},
		{77, 11, 50, 47, 18, 69, 31, 46, 56, 20, 56, 32, 34, 31, 30, 20, 48, 11, 69, 66},
		{46, 61, 38, 28, 66, 60, 77, 63, 81, 23, 62, 32, 74, 95, 13, 42, 11, 34, 53, 17},
		{18, 72, 71, 29, 78, 71, 99, 69, 87, 34, 12, 50, 67, 40, 32, 57, 49, 42, 67, 81},
		{39, 29, 30, 85, 32, 47, 20, 26, 58, 70, 67, 13, 62, 21, 70, 97, 40, 48, 67, 97},
		{33, 94, 90, 32, 77, 34, 54, 12, 32, 56, 34, 89, 38, 79, 71, 28, 49, 77, 51, 76},
		{37, 88, 63, 22, 23, 38, 95, 19, 10, 64, 48, 54, 85, 38, 14, 86, 10, 97, 23, 76},
		{58, 14, 34, 91, 70, 19, 46, 22, 76, 47, 36, 37, 87, 74, 73, 71, 34, 95, 63, 81},
		{16, 34, 98, 77, 34, 68, 80, 20, 75, 86, 15, 24, 86, 82, 87, 68, 51, 14, 47, 29},
		{11, 81, 19, 19, 56, 23, 89, 20, 36, 36, 47, 44, 58, 64, 54, 90, 97, 65, 96, 42}
	},
	{
		{29, 97, 26, 90, 27, 38, 30, 92, 13, 16, 48, 41, 43, 64, 70, 26, 51, 74, 69, 37},
		{90, 63, 30, 32, 43, 95, 60, 24, 18, 97, 16, 46, 34, 33, 77, 60, 48, 36, 51, 33},
		{57, 37, 52, 65, 34, 68, 67, 98, 94, 19, 70, 84, 11, 87, 97, 96, 31, 45, 15, 81},
		{74, 57, 95, 26, 25, 82, 47, 46, 39, 21, 28, 20, 73, 49, 95, 10, 23, 40, 26, 92},
		{42, 13, 77, 12, 65, 17, 32, 46, 43, 91, 15, 99, 58, 44, 46, 94, 54, 75, 44, 32},
		{27, 35, 20, 83, 14, 13, 74, 32, 61, 10, 26, 46, 59, 89, 88, 26, 34, 73, 64, 82},
		{90, 89, 47, 87, 66, 61, 43, 62, 13, 63, 94, 12, 40, 59, 74, 97, 50, 21, 76, 36},
		{69, 79, 53, 41, 18, 41, 10, 26, 82, 96, 94, 71, 27, 34, 88, 52, 95, 19, 42, 29},
		{25, 16, 52, 20, 79, 78, 21, 14, 23, 69, 21, 89, 79, 30, 31, 57, 10, 33, 28, 10},
		{62, 35, 35, 19, 28, 93, 93, 70, 58, 86, 24, 21, 72, 51, 73, 37, 18, 25, 53, 70},
		{31, 57, 40, 97, 86, 83, 10, 88, 25, 53, 93, 27, 14, 95, 79, 56, 29, 32, 71, 48},
		{74, 44, 12, 40, 22, 50, 25, 91, 42, 70, 88, 46, 76, 79, 48, 20, 95, 43, 11, 62},
		{97, 34, 51, 89, 56, 34, 96, 12, 33, 98, 96, 17, 86, 72, 53, 19, 53, 12, 60, 83},
		{14, 26, 50, 86, 25, 55, 95, 94, 52, 94, 52, 50, 84, 25, 31, 79, 50, 20, 30, 39},
		{86, 41, 86, 97, 85, 71, 90, 65, 29, 89, 22, 71, 41, 56, 59, 56, 34, 53, 77, 26},
		{36, 75, 98, 24, 58, 58, 67, 29, 78, 34, 87, 57, 45, 49, 70, 36, 38, 69, 45, 43},
		{37, 10, 43, 87, 42, 25, 53, 62, 11, 97, 55, 78, 62, 14, 66, 70, 73, 80, 68, 49},
		{86, 61, 52, 95, 77, 66, 46, 87, 89, 39, 84, 90, 58, 11, 18, 38, 14, 40, 76, 79},
		{91, 59, 34, 64, 19, 71, 91, 11, 65, 27, 56, 23, 28, 53, 93, 46, 30, 39, 99, 76},
		{17, 86, 98, 13, 36, 53, 87, 28, 63, 19, 76, 46, 69, 78, 22, 12, 13, 69, 76, 32},
		{23, 43, 61, 82, 48, 32, 46, 93, 68, 81, 15, 27, 46, 73, 38, 21, 79, 47, 27, 42},
		{37, 25, 27, 69, 36, 73, 75, 53, 42, 75, 12, 28, 19, 12, 73, 60, 20, 78, 59, 51},
		{17, 78, 79, 32, 30, 42, 45, 78, 89, 68, 32, 83, 86, 25, 66, 64, 40, 96, 94, 35},
		{50, 16, 97, 33, 45, 22, 74, 52, 34, 84, 27, 19, 94, 43, 46, 90, 84, 85, 17, 45},
		{18, 64, 85, 54, 66, 40, 56, 55, 94, 96, 87, 21, 68, 54, 61, 45, 57, 16, 88, 46},
		{21, 95, 54, 22, 31, 19, 11, 28, 69, 88, 66, 30, 48, 31, 43, 80, 20, 97, 53, 84},
		{86, 19, 56, 66, 38, 46, 19, 76, 92, 78, 39, 59, 72, 66, 54, 99, 64, 84, 37, 35},
		{22, 77, 19, 94, 70, 73, 23, 14, 88, 85, 91, 92, 47, 95, 65, 68, 46, 87, 69, 41},
		{76, 25, 59, 22, 64, 20, 38, 50, 35, 28, 26, 67, 42, 75, 92, 11, 62, 72, 82, 60},
		{82, 90, 62, 54, 28, 30, 15, 78, 95, 26, 77, 13, 90, 28, 26, 92, 98, 56, 57, 72},
		{41, 46, 28, 65, 93, 91, 24, 96, 52, 35, 41, 13, 87, 99, 25, 63, 10, 41, 20, 56},
		{82, 62, 53, 96, 98, 30, 94, 84, 44, 30, 76, 51, 44, 46, 96, 33, 39, 32, 32, 82},
		{77, 33, 85, 97, 40, 15, 81, 81, 38, 60, 80, 49, 92, 97, 42, 24, 24, 86, 44, 17},
		{40, 69, 97, 69, 73, 45, 95, 26, 41, 21, 44, 43, 64, 69, 76, 22, 57, 77, 36, 19},
		{63, 37, 58, 75, 88, 28, 69, 15, 17, 89, 39, 28, 37, 77, 64, 32, 82, 71, 17, 90},
		{11, 96, 31, 26, 47, 85, 16, 91, 15, 38, 77, 14, 10, 19, 48, 93, 22, 69, 31, 24},
		{81, 28, 93, 67, 36, 96, 23, 76, 45, 31, 73, 59, 90, 12, 76, 20, 46, 18, 59, 96},
		{22, 12, 38, 25, 47, 70, 62, 94, 87, 66, 39, 37, 86, 42, 32, 40, 37, 50, 67, 60},
		{61, 98, 87, 72, 99, 37, 34, 77, 11, 52, 84, 44, 97, 57, 13, 58, 42, 32, 77, 64},
		{54, 84, 40, 85, 10, 68, 40, 55, 47, 34, 66, 33, 33, 27, 92, 61, 80, 41, 58, 57}
	},
	{
		{11, 28, 72, 79, 71, 68, 18, 61, 73, 37, 11, 84, 24, 18, 87, 28, 70, 68, 39, 21},
		{67, 81, 17, 78, 81, 10, 16, 96, 77, 65, 62, 64, 70, 89, 77, 74, 37, 86, 92, 24},
		{81, 99, 58, 58, 11, 61, 80, 47, 96, 97, 86, 80, 30, 36, 83, 61, 66, 37, 33, 73},
		{30, 70, 61, 30, 12, 46, 34, 42, 62, 94, 12, 88, 37, 35, 94, 94, 90, 39, 93, 51},
		{55, 63, 99, 37, 29, 55, 56, 76, 67, 84, 71, 87, 54, 14, 45, 66, 63, 22, 81, 78},
		{41, 90, 46, 84, 96, 51, 45, 47, 89, 50, 60, 93, 46, 27, 90, 10, 83, 80, 66, 40},
		{76, 87, 48, 81, 36, 74, 89, 39, 61, 47, 72, 71, 11, 22, 78, 41, 37, 96, 68, 49},
		{63, 72, 60, 88, 53, 66, 95, 68, 92, 59, 66, 19, 56, 81, 52, 79, 36, 80, 42, 50},
		{62, 51, 21, 25, 29, 96, 18, 27, 89, 88, 11, 48, 68, 98, 69, 74, 96, 46, 53, 20},
		{86, 77, 64, 92, 42, 28, 79, 25, 42, 73, 87, 31, 85, 44, 57, 40, 58, 12, 66, 78},
		{15, 43, 70, 34, 16, 42, 16, 70, 75, 93, 11, 36, 88, 30, 58, 38, 95, 60, 16, 49},
		{89, 89, 17, 81, 27, 13, 37, 76, 25, 81, 36, 33, 91, 10, 46, 44, 40, 66, 22, 46},
		{33, 83, 58, 27, 39, 54, 91, 14, 78, 44, 36, 72, 46, 37, 92, 16, 99, 28, 56, 22},
		{18, 70, 94, 61, 23, 66, 97, 10, 80, 44, 70, 14, 35, 25, 82, 70, 20, 25, 65, 78},
		{95, 16, 61, 40, 10, 77, 86, 24, 54, 53, 29, 36, 13, 93, 45, 62, 36, 97, 47, 94},
		{54, 10, 77, 89, 53, 72, 40, 41, 44, 30, 22, 92, 57, 81, 38, 25, 53, 18, 61, 56},
		{46, 82, 52, 11, 26, 86, 36, 19, 99, 87, 58, 30, 44, 32, 90, 97, 11, 89, 16, 72},
		{70, 21, 48, 25, 10, 72, 86, 58, 80, 13, 63, 83, 35, 28, 44, 71, 83, 57, 70, 47},
		{16, 62, 17, 35, 54, 56, 18, 87, 31, 56, 77, 50, 19, 61, 74, 24, 56, 10, 92, 15},
		{22, 10, 73, 76, 99, 39, 14, 18, 32, 38, 29, 61, 69, 11, 39, 48, 91, 32, 67, 96},
		{34, 40, 36, 96, 94, 44, 44, 33, 32, 56, 45, 47, 64, 85, 86, 79, 81, 68, 91, 93},
		{24, 96, 29, 97, 65, 80, 88, 59, 81, 55, 17, 92, 38, 42, 72, 81, 97, 35, 15, 72},
		{59, 68, 36, 83, 80, 68, 82, 38, 44, 73, 47, 92, 45, 45, 34, 60, 82, 68, 77, 24},
		{37, 19, 66, 66, 59, 53, 96, 80, 57, 30, 14, 51, 80, 58, 88, 16, 59, 99, 74, 87},
		{25, 38, 57, 61, 73, 45, 50, 94, 49, 38, 79, 66, 84, 12, 50, 16, 77, 48, 42, 15},
		{90, 16, 51, 22, 45, 86, 34, 11, 58, 55, 12, 99, 29, 66, 31, 29, 85, 54, 84, 91},
		{53, 53, 19, 20, 81, 38, 60, 50, 87, 94, 84, 84, 60, 32, 83, 10, 46, 75, 28, 52},
		{58, 15, 75, 79, 73, 58, 80, 30, 41, 10, 65, 48, 71, 96, 17, 97, 20, 32, 37, 32},
		{75, 89, 86, 92, 20, 37, 78, 33, 52, 74, 77, 84, 30, 13, 96, 85, 42, 98, 49, 62},
		{41, 99, 56, 63, 49, 24, 12, 13, 58, 85, 46, 44, 77, 38, 80, 80, 96, 68, 75, 89},
		{74, 90, 76, 25, 91, 21, 16, 41, 72, 32, 89, 82, 52, 37, 23, 93, 31, 40, 70, 32},
		{32, 31, 55, 57, 19, 86, 53, 32, 43, 13, 69, 33, 63, 91, 99, 56, 27, 29, 44, 71},
		{36, 77, 63, 99, 76, 54, 32, 91, 38, 81, 87, 19, 81, 77, 10, 85, 32, 46, 12, 96},
		{57, 29, 67, 94, 16, 51, 87, 28, 46, 90, 40, 31, 34, 63, 91, 60, 36, 72, 96, 68},
		{71, 82, 57, 82, 62, 72, 40, 32, 92, 68, 63, 95, 78, 51, 28, 29, 19, 98, 30, 24},
		{80, 80, 24, 41, 39, 74, 17, 71, 57, 48, 92, 54, 30, 14, 23, 61, 88, 61, 64, 82},
		{26, 98, 16, 28, 63, 67, 86, 76, 12, 24, 53, 76, 61, 49, 60, 40, 73, 17, 36, 72},
		{83, 32, 47, 12, 95, 81, 73, 81, 95, 11, 90, 39, 85, 86, 37, 21, 21, 78, 29, 60},
		{62, 88, 68, 81, 13, 82, 83, 66, 82, 30, 73, 35, 40, 92, 78, 46, 71, 98, 71, 41},
		{26, 24, 44, 17, 93, 34, 65, 86, 83, 35, 23, 54, 91, 14, 47, 27, 76, 51, 19, 72}
	}
}