alpha=0.2
gamma=0.6
selection_rate=1
max_gen=5000
job_num=40
machine_num=15
pop_size=100
Threshold=4812
scenario_num=20
{
	{
		{61, 57, 51, 51, 58, 63, 68, 76, 26, 65, 76, 52, 90, 61, 59},
		{59, 93, 98, 18, 50, 71, 88, 23, 99, 62, 97, 65, 21, 26, 63},
		{90, 81, 67, 47, 50, 55, 15, 84, 70, 81, 93, 24, 57, 30, 87},
		{93, 16, 69, 46, 50, 64, 12, 82, 84, 76, 51, 39, 22, 80, 50},
		{95, 93, 55, 46, 67, 21, 88, 94, 64, 59, 21, 99, 29, 82, 55},
		{22, 79, 98, 26, 32, 13, 81, 25, 32, 24, 54, 76, 72, 58, 94},
		{73, 62, 16, 64, 47, 73, 17, 69, 70, 67, 55, 88, 73, 83, 94},
		{10, 57, 40, 36, 44, 80, 56, 64, 42, 14, 24, 35, 28, 65, 45},
		{41, 77, 79, 85, 87, 62, 51, 42, 22, 81, 40, 56, 76, 78, 81},
		{94, 31, 60, 63, 87, 81, 22, 46, 72, 42, 54, 49, 83, 89, 35},
		{93, 11, 42, 13, 19, 84, 77, 17, 53, 61, 92, 90, 30, 90, 55},
		{38, 15, 11, 95, 95, 84, 16, 13, 46, 46, 47, 42, 19, 70, 80},
		{23, 22, 94, 83, 15, 69, 59, 76, 85, 99, 66, 90, 54, 69, 32},
		{11, 25, 53, 62, 20, 40, 93, 25, 10, 47, 90, 54, 49, 79, 54},
		{29, 49, 36, 18, 29, 67, 34, 82, 20, 28, 56, 97, 27, 74, 82},
		{91, 54, 81, 37, 34, 99, 81, 57, 54, 32, 48, 80, 83, 13, 20},
		{71, 56, 41, 82, 84, 62, 45, 95, 54, 26, 93, 21, 18, 47, 49},
		{86, 84, 74, 72, 56, 43, 47, 53, 53, 44, 22, 61, 45, 68, 94},
		{25, 20, 29, 51, 10, 78, 58, 31, 21, 56, 62, 11, 23, 11, 36},
		{50, 62, 39, 61, 35, 89, 69, 85, 56, 21, 34, 63, 40, 80, 39},
		{49, 84, 19, 12, 74, 57, 10, 59, 97, 30, 52, 76, 89, 79, 89},
		{98, 87, 97, 25, 55, 94, 24, 20, 16, 10, 21, 81, 80, 32, 88},
		{83, 60, 64, 83, 62, 76, 86, 45, 59, 86, 42, 63, 73, 51, 12},
		{30, 20, 96, 69, 79, 53, 88, 82, 80, 10, 35, 72, 40, 91, 58},
		{48, 63, 71, 67, 44, 13, 19, 87, 85, 81, 25, 60, 48, 82, 94},
		{32, 82, 98, 95, 25, 86, 26, 63, 92, 22, 95, 84, 55, 28, 58},
		{10, 59, 32, 36, 29, 51, 71, 35, 51, 38, 27, 53, 57, 22, 52},
		{62, 72, 29, 66, 39, 98, 45, 59, 62, 51, 67, 73, 60, 22, 60},
		{38, 72, 13, 35, 77, 73, 13, 35, 64, 69, 35, 18, 43, 74, 58},
		{57, 84, 14, 54, 70, 96, 18, 31, 29, 65, 16, 37, 53, 31, 91},
		{59, 92, 58, 53, 72, 45, 50, 66, 46, 71, 45, 23, 73, 28, 33},
		{88, 84, 50, 30, 61, 40, 26, 49, 60, 86, 87, 99, 16, 84, 46},
		{82, 72, 51, 62, 95, 59, 17, 52, 16, 85, 44, 95, 23, 88, 95},
		{30, 85, 13, 35, 97, 54, 80, 17, 63, 39, 64, 70, 53, 86, 90},
		{46, 23, 30, 53, 98, 31, 89, 75, 79, 30, 29, 85, 71, 32, 48},
		{64, 63, 67, 46, 83, 75, 99, 65, 12, 35, 71, 56, 18, 53, 40},
		{64, 40, 60, 20, 22, 99, 84, 70, 24, 72, 57, 93, 95, 75, 90},
		{29, 48, 15, 35, 45, 95, 48, 16, 40, 49, 30, 36, 74, 86, 18},
		{76, 74, 68, 50, 57, 62, 89, 68, 71, 56, 46, 18, 42, 86, 54},
		{14, 61, 59, 69, 97, 68, 31, 98, 86, 21, 36, 38, 83, 55, 78}
	},
	{
		{61, 49, 28, 72, 20, 19, 32, 93, 78, 13, 28, 27, 49, 20, 25},
		{63, 72, 30, 16, 42, 98, 74, 85, 45, 28, 15, 17, 70, 69, 95},
		{80, 54, 62, 43, 34, 68, 93, 45, 71, 53, 29, 32, 16, 16, 63},
		{99, 23, 12, 50, 46, 32, 76, 83, 96, 14, 71, 53, 97, 10, 53},
		{32, 12, 98, 35, 61, 60, 83, 82, 22, 42, 43, 90, 17, 58, 30},
		{40, 28, 73, 62, 27, 19, 29, 45, 83, 25, 87, 50, 54, 47, 92},
		{58, 59, 78, 93, 73, 88, 60, 14, 53, 67, 83, 30, 89, 42, 96},
		{70, 43, 61, 28, 39, 20, 73, 65, 74, 10, 76, 76, 76, 41, 24},
		{22, 70, 92, 76, 12, 26, 69, 37, 63, 71, 63, 37, 85, 58, 92},
		{40, 30, 51, 44, 81, 27, 80, 89, 76, 59, 42, 34, 22, 71, 75},
		{67, 90, 82, 73, 82, 17, 79, 86, 36, 11, 81, 17, 40, 23, 90},
		{10, 88, 35, 76, 84, 63, 18, 58, 20, 36, 19, 76, 78, 32, 42},
		{96, 83, 49, 14, 72, 84, 93, 85, 92, 21, 28, 72, 88, 10, 79},
		{82, 44, 44, 17, 61, 33, 94, 34, 11, 20, 38, 81, 51, 39, 75},
		{25, 46, 71, 35, 18, 48, 44, 35, 79, 30, 32, 82, 82, 75, 10},
		{38, 58, 77, 52, 14, 61, 46, 80, 97, 65, 58, 81, 98, 23, 99},
		{84, 65, 57, 19, 12, 51, 29, 64, 65, 46, 64, 54, 93, 37, 96},
		{88, 98, 78, 32, 12, 98, 60, 26, 22, 27, 50, 79, 70, 96, 72},
		{18, 17, 48, 42, 89, 95, 96, 44, 27, 16, 23, 76, 88, 81, 28},
		{90, 67, 62, 88, 81, 27, 80, 61, 75, 37, 82, 73, 65, 22, 81},
		{74, 96, 29, 86, 29, 27, 37, 88, 10, 99, 66, 10, 23, 63, 43},
		{63, 13, 51, 84, 86, 92, 50, 15, 68, 78, 51, 20, 74, 86, 62},
		{87, 87, 51, 36, 80, 72, 97, 98, 30, 73, 11, 43, 50, 14, 66},
		{56, 63, 31, 64, 78, 50, 56, 19, 48, 36, 99, 28, 57, 81, 63},
		{97, 67, 20, 35, 51, 93, 27, 89, 36, 13, 96, 23, 94, 30, 38},
		{13, 42, 64, 13, 19, 74, 84, 54, 44, 49, 89, 31, 23, 50, 46},
		{49, 93, 72, 36, 39, 53, 68, 15, 32, 31, 64, 79, 46, 52, 56},
		{30, 99, 73, 10, 41, 98, 14, 72, 80, 73, 90, 51, 60, 62, 84},
		{79, 59, 26, 51, 58, 70, 95, 24, 77, 20, 61, 68, 45, 18, 20},
		{50, 48, 41, 75, 79, 29, 87, 67, 91, 51, 95, 12, 40, 53, 74},
		{85, 19, 32, 25, 90, 63, 10, 47, 51, 99, 92, 19, 33, 10, 68},
		{33, 61, 57, 97, 23, 71, 64, 50, 66, 51, 63, 69, 59, 84, 11},
		{27, 77, 18, 61, 35, 83, 49, 14, 58, 91, 41, 25, 83, 11, 85},
		{13, 28, 11, 45, 16, 91, 97, 16, 19, 10, 34, 26, 54, 65, 94},
		{73, 17, 88, 72, 33, 22, 98, 67, 32, 65, 90, 61, 27, 16, 38},
		{43, 44, 98, 34, 54, 30, 33, 66, 85, 73, 18, 66, 93, 47, 70},
		{84, 30, 30, 92, 71, 51, 10, 88, 34, 44, 52, 96, 64, 57, 92},
		{30, 27, 16, 45, 11, 66, 34, 82, 90, 10, 20, 52, 73, 32, 64},
		{86, 54, 99, 74, 30, 87, 32, 60, 48, 45, 87, 55, 82, 24, 89},
		{27, 64, 42, 96, 35, 24, 75, 35, 52, 35, 97, 15, 96, 66, 99}
	},
	{
		{17, 47, 54, 49, 84, 39, 67, 89, 73, 31, 94, 15, 22, 18, 72},
		{26, 37, 23, 28, 99, 97, 65, 84, 96, 96, 63, 17, 89, 13, 10},
		{64, 83, 77, 43, 25, 90, 23, 67, 64, 81, 78, 76, 13, 72, 38},
		{29, 80, 99, 90, 14, 26, 26, 16, 60, 32, 76, 57, 19, 10, 42},
		{85, 19, 32, 13, 96, 61, 35, 51, 80, 23, 53, 90, 55, 70, 44},
		{92, 65, 90, 19, 48, 85, 15, 13, 68, 33, 40, 80, 82, 64, 29},
		{81, 94, 84, 68, 13, 30, 20, 71, 12, 17, 52, 92, 82, 49, 92},
		{80, 63, 65, 92, 26, 20, 77, 78, 62, 46, 69, 28, 94, 16, 71},
		{78, 18, 83, 41, 60, 83, 61, 98, 70, 26, 11, 61, 85, 91, 75},
		{35, 79, 53, 24, 69, 62, 89, 29, 80, 72, 10, 90, 16, 99, 61},
		{62, 28, 25, 58, 48, 45, 71, 38, 16, 35, 17, 55, 14, 43, 12},
		{37, 27, 26, 80, 15, 48, 22, 83, 57, 42, 54, 98, 37, 94, 54},
		{16, 91, 30, 53, 55, 82, 39, 43, 77, 33, 61, 86, 56, 34, 82},
		{41, 59, 22, 63, 30, 37, 95, 66, 34, 78, 17, 19, 63, 88, 50},
		{37, 51, 26, 60, 56, 30, 60, 58, 58, 25, 28, 40, 99, 25, 91},
		{15, 17, 18, 98, 13, 60, 84, 85, 76, 17, 45, 55, 75, 46, 39},
		{41, 73, 82, 99, 80, 71, 87, 51, 27, 38, 42, 73, 10, 61, 59},
		{84, 24, 64, 59, 10, 71, 55, 45, 85, 71, 20, 85, 21, 62, 65},
		{62, 44, 64, 93, 18, 16, 76, 73, 68, 47, 90, 68, 54, 58, 53},
		{78, 97, 43, 83, 37, 36, 95, 24, 96, 11, 71, 41, 13, 31, 64},
		{11, 61, 82, 10, 25, 27, 90, 75, 27, 96, 33, 16, 61, 55, 79},
		{10, 57, 96, 68, 88, 74, 45, 36, 94, 80, 98, 73, 58, 53, 52},
		{18, 89, 55, 70, 64, 13, 53, 25, 46, 12, 63, 75, 39, 64, 39},
		{21, 21, 58, 91, 47, 82, 98, 75, 58, 66, 87, 79, 97, 67, 37},
		{32, 39, 22, 36, 23, 72, 37, 45, 11, 97, 22, 52, 37, 15, 11},
		{75, 42, 43, 26, 82, 19, 71, 86, 14, 81, 63, 45, 63, 64, 49},
		{85, 53, 98, 87, 34, 71, 96, 43, 54, 98, 72, 51, 29, 69, 42},
		{26, 72, 65, 99, 93, 96, 98, 42, 73, 76, 93, 79, 79, 36, 76},
		{28, 64, 79, 57, 17, 87, 22, 42, 35, 57, 37, 59, 33, 35, 73},
		{63, 39, 20, 27, 20, 62, 15, 24, 28, 41, 41, 42, 34, 79, 91},
		{12, 66, 26, 46, 53, 66, 36, 12, 42, 17, 43, 78, 39, 41, 21},
		{59, 43, 10, 10, 74, 41, 14, 60, 22, 26, 66, 57, 65, 42, 13},
		{92, 49, 22, 86, 10, 81, 36, 98, 60, 49, 31, 80, 85, 23, 48},
		{93, 88, 64, 48, 12, 76, 64, 39, 63, 51, 30, 36, 65, 83, 93},
		{64, 56, 28, 74, 35, 96, 87, 27, 26, 87, 92, 56, 23, 94, 98},
		{97, 35, 77, 25, 68, 24, 55, 94, 40, 40, 44, 41, 43, 14, 29},
		{40, 58, 54, 81, 53, 27, 46, 97, 94, 95, 76, 85, 93, 16, 72},
		{65, 26, 69, 12, 30, 45, 39, 64, 64, 71, 65, 44, 91, 61, 73},
		{68, 84, 84, 24, 16, 69, 64, 72, 39, 41, 82, 21, 46, 29, 52},
		{98, 62, 42, 53, 56, 59, 56, 52, 34, 29, 37, 25, 41, 47, 15}
	},
	{
		{33, 23, 17, 93, 42, 33, 22, 88, 39, 23, 15, 70, 62, 34, 13},
		{23, 97, 66, 19, 32, 45, 23, 18, 56, 61, 19, 64, 91, 26, 54},
		{83, 78, 84, 25, 69, 12, 11, 85, 55, 26, 42, 24, 35, 30, 33},
		{83, 26, 49, 65, 53, 46, 23, 36, 16, 53, 18, 30, 71, 13, 54},
		{36, 19, 28, 14, 51, 72, 68, 25, 56, 38, 57, 71, 14, 56, 34},
		{62, 98, 11, 77, 70, 52, 37, 96, 62, 45, 27, 31, 20, 28, 73},
		{59, 75, 89, 20, 90, 53, 63, 36, 28, 50, 87, 57, 84, 72, 71},
		{38, 72, 95, 30, 20, 60, 19, 43, 95, 71, 30, 72, 55, 24, 46},
		{10, 72, 71, 17, 14, 94, 69, 58, 99, 87, 62, 15, 93, 38, 37},
		{21, 10, 96, 92, 24, 83, 69, 46, 38, 15, 41, 35, 34, 34, 87},
		{53, 56, 42, 67, 20, 50, 53, 68, 73, 54, 50, 62, 39, 58, 55},
		{58, 36, 45, 70, 73, 27, 79, 29, 62, 93, 50, 27, 51, 20, 38},
		{65, 36, 99, 33, 50, 97, 19, 51, 30, 95, 91, 50, 54, 48, 23},
		{61, 87, 10, 13, 90, 96, 74, 88, 47, 48, 68, 52, 53, 50, 44},
		{76, 65, 56, 54, 33, 83, 18, 74, 12, 93, 81, 41, 43, 97, 42},
		{38, 10, 57, 53, 45, 12, 73, 21, 92, 93, 25, 58, 46, 85, 57},
		{43, 49, 21, 63, 45, 14, 14, 90, 76, 55, 26, 98, 33, 57, 14},
		{51, 88, 70, 40, 92, 49, 56, 89, 28, 57, 43, 99, 49, 56, 23},
		{10, 94, 26, 93, 70, 28, 68, 96, 48, 61, 84, 81, 85, 54, 64},
		{57, 45, 45, 45, 42, 70, 48, 20, 29, 37, 67, 71, 32, 81, 72},
		{90, 29, 15, 66, 49, 91, 20, 65, 48, 87, 79, 58, 51, 73, 29},
		{10, 47, 88, 11, 83, 88, 48, 12, 92, 52, 97, 41, 49, 84, 73},
		{39, 21, 26, 84, 32, 14, 74, 19, 80, 44, 16, 65, 71, 92, 14},
		{29, 34, 19, 82, 93, 81, 64, 30, 47, 42, 11, 15, 97, 23, 32},
		{93, 56, 22, 49, 62, 28, 49, 38, 52, 41, 11, 17, 21, 96, 47},
		{63, 88, 11, 14, 96, 94, 69, 89, 13, 15, 64, 31, 78, 56, 93},
		{64, 34, 33, 22, 83, 64, 76, 18, 31, 43, 79, 26, 31, 28, 71},
		{12, 19, 10, 43, 33, 15, 35, 23, 37, 96, 38, 41, 17, 52, 71},
		{53, 58, 35, 23, 25, 74, 72, 41, 38, 95, 72, 70, 64, 73, 53},
		{20, 22, 74, 35, 44, 39, 73, 89, 51, 38, 41, 64, 87, 20, 80},
		{21, 84, 64, 13, 45, 77, 73, 95, 77, 47, 26, 78, 63, 73, 15},
		{73, 35, 44, 85, 11, 49, 91, 97, 13, 26, 98, 35, 24, 74, 32},
		{89, 94, 67, 68, 38, 40, 21, 99, 60, 29, 73, 90, 13, 31, 93},
		{73, 24, 76, 33, 91, 85, 35, 47, 55, 84, 94, 53, 57, 14, 14},
		{79, 89, 52, 63, 60, 32, 61, 76, 58, 45, 80, 48, 81, 76, 99},
		{50, 53, 96, 73, 87, 54, 63, 59, 29, 68, 19, 85, 29, 94, 44},
		{79, 19, 64, 17, 87, 85, 18, 37, 30, 62, 77, 98, 93, 96, 52},
		{26, 73, 10, 88, 79, 40, 70, 84, 57, 44, 44, 29, 58, 54, 22},
		{83, 33, 31, 16, 63, 11, 20, 71, 80, 92, 86, 35, 34, 88, 30},
		{84, 12, 48, 52, 87, 68, 54, 88, 55, 44, 57, 33, 22, 73, 16}
	},
	{
		{84, 13, 35, 17, 53, 94, 39, 44, 28, 75, 34, 32, 31, 91, 55},
		{95, 51, 37, 74, 84, 15, 91, 71, 99, 12, 57, 66, 46, 33, 21},
		{98, 46, 90, 94, 62, 34, 34, 32, 27, 13, 96, 73, 39, 86, 67},
		{68, 86, 77, 74, 24, 13, 40, 15, 13, 72, 86, 34, 53, 37, 58},
		{19, 45, 84, 39, 54, 55, 40, 12, 18, 18, 53, 93, 98, 52, 76},
		{55, 26, 57, 16, 35, 82, 76, 37, 47, 46, 75, 19, 87, 59, 12},
		{69, 74, 80, 22, 32, 96, 46, 12, 54, 65, 74, 97, 72, 53, 37},
		{88, 57, 79, 45, 90, 79, 13, 12, 58, 24, 15, 38, 57, 60, 50},
		{78, 79, 92, 63, 19, 51, 89, 21, 28, 70, 55, 83, 33, 58, 86},
		{68, 91, 24, 38, 47, 79, 71, 12, 36, 29, 19, 71, 71, 89, 22},
		{36, 38, 98, 85, 84, 96, 27, 48, 18, 47, 77, 45, 75, 30, 97},
		{39, 11, 46, 76, 94, 46, 71, 47, 12, 56, 74, 84, 17, 70, 70},
		{36, 30, 98, 27, 63, 83, 93, 31, 73, 61, 54, 16, 47, 21, 78},
		{46, 26, 17, 71, 99, 91, 52, 69, 78, 66, 13, 49, 62, 34, 53},
		{86, 24, 72, 98, 54, 47, 44, 31, 46, 48, 99, 41, 10, 73, 16},
		{79, 90, 66, 26, 39, 66, 38, 76, 20, 64, 76, 64, 28, 81, 68},
		{48, 49, 74, 75, 87, 84, 87, 27, 48, 92, 23, 73, 94, 28, 55},
		{96, 90, 37, 81, 45, 37, 36, 20, 25, 72, 36, 78, 55, 40, 84},
		{51, 43, 95, 98, 78, 81, 91, 13, 27, 98, 21, 12, 70, 56, 69},
		{24, 35, 96, 70, 19, 85, 86, 61, 75, 29, 10, 96, 93, 52, 46},
		{87, 96, 55, 58, 58, 89, 57, 59, 92, 99, 50, 60, 66, 73, 94},
		{41, 98, 32, 96, 86, 34, 47, 32, 26, 10, 25, 20, 50, 32, 54},
		{75, 36, 74, 39, 99, 26, 67, 86, 18, 76, 16, 15, 83, 26, 78},
		{69, 34, 42, 97, 88, 86, 29, 17, 31, 69, 14, 34, 68, 79, 51},
		{48, 89, 26, 59, 67, 49, 76, 64, 81, 59, 50, 33, 25, 94, 15},
		{89, 44, 92, 10, 74, 79, 65, 34, 88, 28, 97, 26, 36, 30, 61},
		{53, 43, 20, 62, 65, 44, 36, 71, 18, 91, 88, 23, 47, 10, 48},
		{76, 55, 97, 31, 94, 67, 39, 85, 29, 30, 74, 59, 60, 89, 55},
		{53, 71, 82, 12, 15, 94, 40, 31, 88, 36, 99, 36, 25, 21, 34},
		{12, 63, 25, 70, 84, 34, 70, 73, 69, 78, 37, 37, 76, 23, 34},
		{77, 84, 19, 68, 97, 76, 17, 16, 72, 19, 94, 47, 53, 15, 79},
		{25, 40, 78, 95, 26, 12, 80, 83, 33, 73, 40, 83, 81, 49, 80},
		{90, 16, 11, 93, 83, 92, 10, 82, 68, 88, 10, 31, 15, 15, 95},
		{86, 22, 35, 46, 68, 84, 97, 23, 13, 92, 45, 62, 66, 96, 14},
		{42, 37, 70, 87, 25, 75, 30, 96, 54, 78, 69, 46, 29, 98, 65},
		{28, 14, 58, 31, 32, 25, 28, 42, 44, 88, 25, 61, 99, 10, 67},
		{87, 26, 65, 53, 24, 78, 55, 92, 13, 55, 18, 74, 53, 79, 22},
		{60, 10, 80, 65, 35, 75, 68, 62, 98, 28, 21, 56, 93, 59, 72},
		{80, 74, 21, 40, 38, 68, 52, 93, 98, 92, 41, 85, 25, 15, 15},
		{37, 56, 82, 56, 56, 82, 65, 95, 45, 70, 34, 98, 78, 35, 57}
	},
	{
		{59, 83, 73, 37, 54, 65, 41, 56, 74, 72, 43, 53, 89, 39, 41},
		{45, 19, 60, 45, 82, 88, 99, 40, 72, 66, 41, 76, 54, 93, 18},
		{47, 71, 80, 53, 55, 41, 45, 72, 13, 87, 65, 20, 68, 89, 52},
		{57, 54, 76, 36, 12, 49, 44, 36, 35, 46, 87, 26, 95, 49, 91},
		{79, 76, 37, 64, 87, 84, 33, 63, 67, 15, 84, 99, 97, 43, 32},
		{82, 97, 73, 20, 96, 51, 99, 11, 18, 49, 99, 70, 20, 54, 41},
		{95, 95, 78, 18, 76, 94, 89, 94, 81, 91, 66, 57, 57, 72, 35},
		{50, 35, 39, 96, 99, 36, 70, 59, 78, 30, 32, 84, 30, 29, 96},
		{67, 15, 51, 47, 63, 86, 14, 70, 52, 59, 32, 10, 67, 32, 90},
		{51, 24, 48, 90, 25, 33, 70, 41, 86, 23, 15, 73, 38, 13, 31},
		{88, 44, 39, 96, 77, 24, 14, 82, 12, 54, 86, 36, 60, 92, 41},
		{61, 61, 62, 66, 41, 12, 29, 81, 66, 40, 15, 69, 39, 78, 35},
		{31, 31, 17, 89, 54, 15, 75, 59, 64, 45, 18, 27, 89, 80, 22},
		{87, 16, 48, 96, 89, 50, 70, 16, 53, 36, 50, 29, 52, 83, 60},
		{53, 73, 93, 45, 42, 40, 87, 55, 66, 38, 36, 39, 15, 36, 31},
		{76, 28, 13, 19, 21, 20, 67, 75, 66, 90, 22, 13, 74, 47, 21},
		{83, 97, 71, 86, 54, 39, 25, 19, 88, 81, 23, 52, 10, 44, 84},
		{76, 19, 71, 14, 28, 86, 46, 47, 51, 71, 68, 56, 33, 30, 60},
		{88, 20, 86, 57, 61, 60, 84, 74, 62, 43, 41, 43, 15, 54, 59},
		{98, 89, 39, 70, 41, 99, 54, 65, 93, 35, 69, 79, 70, 37, 79},
		{33, 55, 80, 67, 64, 86, 46, 38, 20, 78, 98, 52, 88, 43, 50},
		{98, 34, 68, 35, 67, 51, 28, 75, 51, 55, 93, 29, 54, 88, 95},
		{37, 24, 44, 81, 48, 91, 29, 25, 96, 78, 61, 71, 52, 65, 34},
		{78, 40, 20, 36, 65, 48, 29, 47, 18, 93, 52, 85, 79, 83, 47},
		{65, 66, 26, 45, 23, 25, 58, 91, 52, 42, 73, 47, 51, 41, 35},
		{70, 77, 19, 50, 86, 24, 57, 76, 22, 99, 81, 99, 16, 80, 43},
		{11, 80, 32, 40, 51, 46, 80, 54, 47, 25, 76, 41, 79, 21, 28},
		{61, 46, 61, 27, 26, 16, 53, 55, 98, 10, 49, 61, 15, 39, 64},
		{92, 87, 66, 24, 16, 46, 71, 91, 35, 93, 47, 90, 78, 40, 14},
		{99, 28, 79, 54, 53, 42, 43, 76, 37, 94, 30, 18, 65, 93, 12},
		{73, 41, 63, 59, 29, 55, 98, 65, 35, 62, 52, 15, 55, 30, 99},
		{69, 61, 17, 94, 21, 42, 23, 37, 44, 26, 19, 82, 78, 39, 53},
		{23, 70, 36, 94, 47, 85, 75, 60, 88, 35, 76, 81, 12, 99, 83},
		{64, 88, 53, 72, 52, 19, 33, 12, 23, 87, 38, 88, 98, 11, 69},
		{39, 57, 97, 55, 42, 94, 34, 45, 62, 64, 64, 43, 64, 49, 65},
		{55, 78, 95, 68, 12, 85, 92, 50, 83, 95, 88, 96, 68, 71, 61},
		{30, 45, 80, 87, 53, 95, 86, 93, 61, 89, 51, 61, 61, 76, 37},
		{85, 81, 24, 61, 11, 63, 58, 38, 42, 60, 11, 41, 14, 35, 17},
		{27, 26, 61, 97, 82, 40, 91, 81, 35, 74, 52, 30, 80, 83, 23},
		{72, 58, 11, 86, 33, 70, 25, 11, 18, 47, 70, 51, 37, 93, 16}
	},
	{
		{46, 50, 17, 98, 18, 88, 35, 56, 80, 53, 69, 42, 20, 18, 83},
		{18, 53, 34, 87, 33, 93, 66, 35, 75, 70, 77, 21, 93, 59, 61},
		{82, 94, 96, 88, 76, 21, 73, 64, 95, 14, 69, 86, 38, 20, 33},
		{47, 26, 24, 64, 93, 93, 43, 43, 25, 91, 34, 43, 13, 70, 46},
		{94, 64, 26, 33, 30, 37, 96, 68, 97, 25, 93, 77, 42, 92, 54},
		{24, 32, 60, 47, 87, 63, 45, 91, 96, 80, 23, 24, 23, 51, 61},
		{99, 78, 81, 80, 85, 80, 33, 46, 82, 41, 56, 60, 77, 19, 13},
		{45, 85, 21, 97, 27, 93, 29, 77, 87, 59, 55, 96, 17, 59, 29},
		{38, 94, 53, 19, 11, 90, 82, 31, 53, 26, 12, 97, 66, 60, 74},
		{87, 53, 53, 54, 53, 50, 18, 89, 37, 76, 42, 99, 44, 40, 57},
		{90, 77, 38, 29, 61, 61, 18, 49, 73, 18, 46, 52, 81, 64, 40},
		{38, 21, 69, 10, 88, 48, 57, 73, 57, 45, 40, 12, 67, 84, 68},
		{34, 30, 33, 88, 77, 71, 76, 63, 26, 28, 94, 14, 22, 63, 51},
		{67, 68, 39, 10, 17, 79, 22, 98, 86, 10, 36, 55, 81, 53, 91},
		{95, 20, 32, 18, 30, 97, 34, 98, 72, 22, 15, 38, 12, 34, 26},
		{57, 92, 29, 98, 53, 45, 76, 30, 84, 12, 18, 74, 89, 94, 31},
		{99, 49, 26, 22, 92, 86, 93, 46, 88, 33, 16, 50, 57, 46, 94},
		{29, 47, 34, 36, 77, 34, 57, 91, 97, 13, 98, 58, 68, 83, 78},
		{87, 94, 64, 23, 31, 86, 50, 55, 71, 71, 69, 53, 83, 12, 78},
		{98, 74, 31, 21, 87, 14, 66, 48, 32, 18, 36, 23, 21, 93, 90},
		{62, 54, 59, 28, 89, 43, 44, 28, 55, 75, 46, 88, 68, 68, 97},
		{47, 84, 85, 77, 97, 58, 87, 70, 65, 93, 45, 57, 82, 32, 82},
		{83, 23, 39, 27, 56, 34, 58, 66, 84, 15, 88, 66, 52, 24, 88},
		{55, 40, 40, 63, 52, 44, 70, 26, 13, 78, 86, 26, 13, 19, 90},
		{12, 86, 88, 89, 51, 23, 15, 58, 67, 46, 28, 87, 25, 99, 22},
		{99, 38, 64, 43, 79, 72, 30, 61, 91, 21, 34, 55, 73, 12, 41},
		{42, 10, 64, 29, 63, 88, 12, 84, 90, 88, 52, 38, 38, 52, 64},
		{77, 40, 84, 13, 30, 84, 82, 99, 35, 39, 27, 35, 39, 41, 75},
		{10, 71, 69, 19, 40, 42, 94, 23, 14, 36, 58, 42, 79, 19, 87},
		{17, 59, 66, 73, 60, 24, 39, 74, 20, 99, 27, 27, 86, 74, 63},
		{64, 50, 98, 49, 56, 31, 15, 32, 90, 38, 79, 95, 42, 19, 45},
		{97, 97, 18, 47, 69, 50, 55, 76, 22, 70, 31, 87, 17, 80, 11},
		{48, 60, 81, 36, 87, 95, 70, 63, 50, 54, 19, 32, 75, 84, 33},
		{24, 33, 24, 35, 97, 86, 16, 66, 54, 23, 20, 63, 56, 83, 19},
		{42, 99, 49, 57, 27, 25, 17, 61, 55, 83, 84, 35, 17, 82, 27},
		{33, 26, 80, 22, 22, 35, 92, 28, 34, 48, 33, 66, 97, 46, 30},
		{31, 16, 14, 98, 51, 34, 83, 11, 67, 58, 31, 67, 78, 14, 82},
		{56, 66, 63, 78, 76, 51, 68, 70, 16, 17, 81, 68, 84, 55, 26},
		{93, 96, 38, 13, 60, 44, 74, 71, 13, 22, 95, 52, 31, 12, 30},
		{16, 45, 19, 11, 45, 79, 94, 21, 53, 59, 75, 73, 76, 28, 24}
	},
	{
		{26, 85, 68, 25, 92, 64, 43, 11, 60, 22, 95, 27, 84, 29, 16},
		{95, 90, 45, 26, 97, 44, 43, 55, 71, 19, 90, 24, 75, 91, 57},
		{53, 58, 80, 59, 78, 58, 64, 47, 18, 42, 51, 39, 75, 46, 19},
		{80, 65, 85, 98, 20, 22, 18, 16, 48, 76, 13, 74, 88, 83, 95},
		{62, 82, 27, 62, 76, 74, 78, 43, 43, 72, 82, 85, 34, 78, 86},
		{95, 99, 88, 24, 53, 73, 79, 63, 69, 39, 89, 87, 15, 96, 11},
		{42, 27, 81, 14, 65, 26, 39, 14, 99, 23, 94, 86, 31, 49, 20},
		{23, 73, 75, 11, 17, 96, 93, 82, 95, 22, 37, 83, 73, 25, 44},
		{36, 57, 34, 36, 82, 25, 88, 69, 77, 21, 27, 55, 17, 19, 49},
		{75, 70, 55, 84, 76, 51, 58, 46, 43, 81, 86, 96, 48, 13, 10},
		{85, 47, 97, 26, 46, 10, 36, 72, 85, 54, 27, 44, 55, 74, 49},
		{14, 97, 65, 16, 61, 86, 44, 71, 56, 80, 42, 45, 18, 70, 90},
		{46, 23, 60, 98, 67, 22, 67, 22, 68, 47, 25, 10, 10, 24, 22},
		{91, 93, 48, 24, 95, 65, 84, 40, 93, 44, 38, 47, 63, 22, 46},
		{78, 84, 91, 83, 92, 14, 68, 28, 39, 43, 10, 22, 52, 67, 12},
		{85, 51, 31, 72, 73, 90, 94, 63, 96, 90, 79, 32, 96, 70, 68},
		{92, 25, 27, 44, 19, 97, 40, 45, 99, 79, 17, 30, 61, 28, 88},
		{21, 82, 97, 34, 38, 56, 33, 89, 99, 78, 52, 95, 37, 78, 18},
		{68, 88, 22, 27, 42, 64, 80, 38, 95, 59, 33, 95, 96, 62, 73},
		{66, 84, 64, 60, 21, 50, 61, 67, 42, 59, 24, 15, 89, 71, 50},
		{40, 13, 13, 46, 58, 35, 66, 38, 67, 36, 24, 52, 46, 43, 21},
		{12, 92, 55, 85, 90, 19, 25, 48, 42, 35, 49, 45, 87, 33, 49},
		{23, 30, 39, 38, 83, 34, 44, 77, 86, 58, 14, 69, 39, 97, 29},
		{81, 39, 62, 36, 11, 78, 95, 84, 67, 75, 27, 60, 81, 23, 73},
		{56, 90, 83, 93, 60, 97, 45, 45, 50, 79, 19, 62, 22, 17, 60},
		{44, 89, 77, 77, 38, 55, 18, 96, 51, 55, 21, 47, 48, 32, 12},
		{58, 67, 30, 32, 86, 92, 65, 88, 69, 64, 27, 38, 37, 87, 69},
		{21, 86, 10, 92, 99, 93, 81, 17, 21, 42, 46, 95, 36, 37, 15},
		{98, 38, 65, 75, 95, 66, 50, 12, 67, 62, 12, 16, 17, 86, 80},
		{55, 57, 49, 74, 31, 55, 84, 37, 14, 31, 98, 49, 85, 89, 54},
		{20, 51, 22, 98, 52, 37, 98, 45, 45, 73, 26, 33, 83, 13, 38},
		{67, 25, 35, 79, 39, 34, 29, 70, 46, 48, 40, 89, 44, 55, 67},
		{26, 39, 92, 57, 23, 42, 49, 72, 52, 28, 78, 12, 11, 43, 29},
		{88, 99, 76, 77, 13, 44, 91, 49, 60, 66, 68, 34, 81, 69, 62},
		{18, 37, 14, 62, 63, 60, 93, 98, 32, 23, 23, 88, 53, 74, 41},
		{62, 77, 22, 19, 93, 52, 73, 26, 98, 91, 21, 85, 57, 79, 46},
		{86, 83, 43, 33, 78, 80, 87, 85, 21, 89, 57, 28, 62, 18, 99},
		{55, 88, 79, 13, 94, 64, 16, 69, 66, 95, 51, 45, 63, 31, 24},
		{76, 55, 25, 77, 34, 81, 87, 14, 52, 97, 56, 26, 36, 61, 69},
		{72, 14, 93, 80, 97, 53, 67, 13, 51, 53, 35, 68, 34, 98, 65}
	},
	{
		{35, 89, 55, 18, 56, 15, 78, 76, 36, 59, 66, 97, 87, 95, 54},
		{82, 83, 55, 42, 34, 86, 58, 71, 48, 40, 35, 40, 40, 96, 48},
		{15, 25, 94, 44, 53, 66, 89, 21, 53, 86, 13, 72, 68, 64, 67},
		{26, 70, 69, 54, 20, 58, 77, 82, 27, 28, 10, 30, 92, 45, 53},
		{50, 52, 96, 62, 59, 76, 15, 82, 46, 27, 69, 54, 67, 88, 35},
		{73, 46, 20, 22, 90, 60, 56, 17, 89, 57, 14, 81, 45, 86, 46},
		{54, 93, 58, 88, 63, 52, 35, 60, 78, 62, 34, 28, 38, 80, 33},
		{39, 31, 31, 50, 65, 38, 34, 31, 29, 33, 60, 25, 66, 94, 55},
		{91, 45, 39, 55, 80, 92, 23, 49, 48, 55, 75, 70, 82, 87, 28},
		{58, 43, 61, 84, 45, 33, 32, 91, 43, 89, 88, 39, 28, 39, 60},
		{70, 79, 84, 22, 85, 51, 12, 51, 90, 69, 12, 52, 72, 57, 58},
		{76, 59, 85, 42, 45, 94, 57, 72, 36, 93, 14, 83, 64, 14, 47},
		{40, 58, 21, 67, 76, 58, 58, 57, 53, 77, 30, 63, 91, 90, 96},
		{71, 25, 13, 71, 20, 62, 58, 74, 20, 26, 57, 77, 61, 74, 71},
		{99, 85, 67, 65, 10, 44, 79, 95, 71, 26, 21, 72, 49, 12, 32},
		{66, 58, 46, 69, 71, 40, 37, 60, 81, 12, 36, 31, 53, 58, 11},
		{97, 84, 83, 46, 19, 85, 55, 49, 12, 41, 85, 23, 54, 13, 39},
		{45, 58, 51, 11, 52, 26, 77, 54, 98, 27, 11, 72, 70, 15, 19},
		{19, 47, 32, 28, 37, 57, 27, 95, 84, 82, 49, 99, 93, 40, 37},
		{52, 96, 17, 36, 48, 77, 10, 24, 55, 52, 11, 72, 67, 74, 48},
		{31, 49, 53, 74, 89, 20, 60, 90, 72, 15, 88, 53, 66, 18, 73},
		{40, 19, 79, 85, 46, 51, 15, 55, 35, 69, 19, 86, 37, 24, 43},
		{56, 93, 77, 75, 60, 38, 78, 77, 39, 51, 78, 72, 80, 52, 92},
		{90, 40, 23, 82, 17, 63, 62, 43, 93, 58, 13, 72, 12, 53, 15},
		{13, 76, 82, 75, 24, 76, 27, 19, 35, 32, 77, 11, 23, 83, 86},
		{65, 77, 46, 87, 37, 20, 17, 77, 91, 67, 26, 48, 47, 66, 27},
		{96, 68, 81, 84, 23, 23, 81, 55, 22, 59, 49, 53, 65, 61, 59},
		{93, 90, 24, 85, 39, 71, 22, 17, 45, 96, 82, 52, 53, 96, 49},
		{72, 35, 23, 74, 12, 16, 13, 68, 70, 14, 34, 36, 62, 13, 36},
		{98, 63, 93, 65, 33, 93, 10, 58, 24, 57, 39, 71, 52, 40, 63},
		{39, 75, 45, 40, 15, 33, 81, 71, 16, 31, 57, 15, 16, 33, 79},
		{75, 87, 63, 47, 40, 22, 61, 84, 40, 16, 85, 31, 65, 33, 72},
		{99, 80, 88, 93, 69, 45, 67, 12, 38, 19, 76, 83, 96, 77, 27},
		{78, 96, 40, 95, 45, 91, 21, 95, 30, 10, 41, 24, 13, 88, 48},
		{43, 82, 74, 89, 25, 65, 41, 38, 42, 45, 87, 25, 66, 18, 96},
		{92, 30, 10, 85, 98, 25, 22, 95, 24, 69, 82, 54, 94, 99, 93},
		{46, 11, 60, 49, 32, 86, 28, 86, 50, 26, 26, 76, 84, 94, 41},
		{19, 25, 56, 87, 95, 77, 82, 23, 72, 20, 12, 29, 99, 32, 12},
		{39, 75, 51, 49, 50, 77, 82, 77, 57, 10, 52, 34, 63, 55, 15},
		{56, 92, 62, 54, 77, 26, 66, 76, 65, 52, 75, 55, 85, 96, 60}
	},
	{
		{87, 87, 73, 74, 60, 17, 19, 19, 45, 50, 62, 28, 63, 65, 51},
		{25, 77, 89, 77, 44, 66, 53, 19, 37, 59, 22, 24, 33, 27, 62},
		{82, 54, 31, 28, 69, 77, 59, 17, 95, 42, 97, 28, 59, 60, 36},
		{68, 96, 29, 49, 68, 94, 16, 70, 43, 66, 78, 82, 18, 19, 93},
		{69, 43, 36, 26, 61, 42, 45, 56, 17, 83, 37, 26, 39, 63, 51},
		{81, 56, 57, 81, 39, 64, 95, 42, 56, 86, 18, 10, 21, 83, 50},
		{49, 33, 64, 14, 94, 70, 86, 90, 45, 34, 71, 27, 56, 73, 45},
		{41, 44, 94, 91, 99, 44, 54, 56, 71, 80, 62, 59, 72, 48, 72},
		{44, 89, 63, 13, 41, 19, 75, 76, 30, 99, 77, 76, 81, 63, 98},
		{16, 32, 95, 47, 80, 88, 86, 27, 57, 30, 55, 50, 81, 29, 16},
		{51, 37, 86, 20, 83, 15, 42, 54, 33, 41, 65, 30, 54, 30, 32},
		{59, 24, 57, 98, 56, 95, 58, 50, 82, 57, 75, 89, 27, 96, 73},
		{73, 33, 69, 63, 88, 59, 77, 58, 36, 17, 77, 66, 30, 17, 79},
		{68, 71, 37, 61, 63, 96, 72, 53, 33, 71, 42, 24, 82, 80, 26},
		{12, 75, 26, 97, 37, 14, 30, 91, 70, 33, 73, 19, 55, 45, 46},
		{16, 89, 36, 85, 43, 55, 60, 55, 89, 29, 21, 22, 53, 38, 98},
		{35, 95, 66, 90, 39, 87, 69, 30, 19, 40, 62, 20, 67, 98, 39},
		{85, 59, 73, 68, 49, 92, 12, 93, 79, 77, 33, 46, 60, 57, 27},
		{11, 79, 21, 34, 16, 17, 38, 42, 55, 75, 65, 77, 46, 71, 70},
		{35, 72, 25, 94, 66, 21, 32, 64, 90, 33, 55, 23, 69, 57, 50},
		{50, 83, 56, 53, 78, 40, 16, 55, 28, 19, 21, 28, 85, 80, 80},
		{36, 99, 68, 13, 84, 89, 56, 53, 39, 94, 17, 19, 56, 19, 91},
		{86, 40, 43, 11, 86, 24, 48, 19, 31, 17, 26, 88, 41, 72, 33},
		{85, 22, 86, 65, 79, 28, 40, 97, 56, 81, 80, 80, 60, 82, 28},
		{61, 95, 88, 51, 11, 83, 28, 74, 90, 48, 72, 34, 58, 60, 49},
		{92, 57, 43, 96, 10, 50, 51, 57, 56, 17, 26, 62, 17, 29, 33},
		{10, 36, 61, 77, 59, 98, 84, 85, 37, 11, 64, 20, 32, 28, 98},
		{90, 50, 14, 33, 94, 31, 24, 51, 43, 17, 29, 98, 35, 62, 45},
		{28, 52, 34, 94, 83, 33, 13, 80, 62, 15, 98, 42, 84, 57, 37},
		{32, 13, 97, 54, 77, 55, 88, 31, 33, 25, 21, 44, 87, 28, 16},
		{83, 17, 45, 22, 44, 41, 34, 45, 32, 40, 16, 76, 12, 17, 77},
		{24, 25, 43, 39, 64, 29, 33, 37, 32, 69, 87, 72, 98, 10, 18},
		{27, 61, 35, 14, 29, 65, 79, 17, 10, 54, 85, 59, 39, 24, 50},
		{42, 37, 33, 15, 49, 30, 44, 48, 76, 61, 72, 34, 70, 56, 61},
		{63, 97, 23, 53, 34, 25, 37, 36, 45, 31, 34, 81, 65, 68, 13},
		{30, 88, 55, 18, 57, 88, 62, 87, 16, 28, 93, 17, 29, 72, 82},
		{61, 71, 14, 99, 17, 16, 49, 90, 71, 57, 83, 13, 62, 46, 58},
		{54, 69, 41, 96, 59, 89, 83, 83, 13, 28, 15, 86, 25, 34, 85},
		{97, 42, 91, 20, 34, 35, 14, 69, 67, 57, 55, 76, 56, 86, 97},
		{96, 35, 61, 88, 14, 44, 77, 91, 53, 25, 84, 61, 96, 23, 29}
	},
	{
		{54, 99, 31, 66, 16, 55, 52, 20, 20, 21, 63, 79, 74, 85, 48},
		{75, 69, 71, 14, 62, 84, 63, 45, 94, 53, 60, 81, 48, 81, 41},
		{30, 64, 90, 36, 21, 73, 54, 40, 17, 25, 84, 40, 22, 78, 18},
		{33, 58, 17, 83, 72, 44, 78, 23, 18, 49, 66, 95, 30, 77, 11},
		{38, 30, 42, 33, 63, 39, 87, 59, 39, 22, 75, 38, 99, 71, 77},
		{28, 80, 94, 11, 26, 94, 39, 10, 79, 64, 15, 68, 84, 73, 50},
		{35, 80, 26, 27, 60, 81, 87, 68, 95, 69, 47, 91, 23, 26, 77},
		{32, 98, 11, 95, 41, 53, 48, 48, 29, 99, 57, 49, 72, 85, 30},
		{19, 25, 56, 17, 16, 45, 15, 93, 14, 96, 28, 94, 30, 20, 25},
		{58, 58, 17, 66, 33, 98, 25, 70, 85, 42, 33, 69, 61, 82, 41},
		{65, 41, 59, 68, 17, 31, 14, 85, 86, 84, 33, 29, 74, 50, 31},
		{13, 64, 91, 15, 37, 28, 71, 13, 52, 62, 36, 65, 14, 15, 33},
		{30, 84, 54, 95, 78, 43, 97, 87, 29, 81, 49, 19, 11, 14, 71},
		{44, 93, 52, 81, 29, 40, 98, 86, 38, 82, 31, 18, 41, 80, 79},
		{39, 76, 85, 19, 34, 36, 75, 99, 11, 55, 36, 95, 79, 12, 48},
		{96, 94, 15, 19, 59, 63, 25, 86, 98, 35, 75, 70, 46, 82, 34},
		{87, 53, 33, 12, 37, 18, 71, 45, 38, 94, 24, 35, 91, 28, 30},
		{80, 97, 81, 35, 41, 25, 39, 36, 76, 37, 59, 65, 64, 38, 44},
		{81, 88, 97, 23, 36, 10, 39, 96, 69, 12, 14, 53, 20, 76, 20},
		{53, 50, 86, 13, 27, 24, 88, 90, 74, 83, 72, 49, 99, 80, 36},
		{52, 79, 36, 94, 31, 45, 28, 19, 61, 96, 15, 61, 78, 69, 86},
		{62, 92, 41, 80, 15, 29, 51, 15, 67, 61, 34, 22, 37, 69, 85},
		{30, 68, 61, 41, 70, 93, 21, 69, 94, 44, 77, 73, 47, 83, 58},
		{72, 17, 86, 18, 16, 45, 88, 77, 60, 15, 33, 64, 31, 40, 47},
		{26, 19, 96, 93, 71, 54, 79, 97, 64, 21, 79, 64, 44, 31, 97},
		{74, 27, 89, 14, 76, 14, 15, 64, 86, 64, 16, 78, 95, 21, 64},
		{47, 38, 44, 63, 69, 60, 79, 16, 55, 51, 93, 97, 89, 18, 17},
		{39, 35, 80, 17, 39, 86, 48, 54, 59, 83, 34, 68, 64, 55, 21},
		{39, 63, 17, 67, 37, 21, 81, 24, 14, 24, 31, 73, 94, 56, 91},
		{69, 30, 22, 13, 33, 28, 82, 93, 97, 65, 51, 97, 41, 28, 62},
		{37, 82, 43, 19, 16, 80, 70, 55, 83, 17, 69, 27, 82, 52, 34},
		{10, 49, 31, 52, 93, 34, 73, 24, 34, 91, 27, 87, 49, 69, 98},
		{48, 79, 85, 87, 20, 17, 55, 73, 96, 45, 97, 30, 98, 28, 69},
		{21, 65, 97, 98, 81, 57, 28, 35, 91, 88, 62, 95, 34, 14, 77},
		{50, 18, 77, 92, 12, 96, 42, 91, 46, 90, 77, 36, 34, 48, 12},
		{85, 58, 35, 56, 95, 21, 72, 65, 89, 12, 30, 23, 55, 78, 20},
		{31, 90, 33, 35, 69, 16, 38, 30, 72, 45, 92, 58, 17, 76, 78},
		{71, 17, 67, 74, 63, 43, 78, 49, 59, 93, 32, 65, 67, 71, 24},
		{44, 57, 96, 43, 56, 61, 40, 20, 23, 52, 41, 69, 11, 40, 28},
		{44, 67, 31, 18, 93, 55, 52, 93, 54, 17, 34, 77, 49, 40, 27}
	},
	{
		{88, 95, 67, 71, 25, 31, 56, 88, 94, 81, 20, 96, 92, 33, 14},
		{86, 24, 92, 42, 36, 49, 83, 55, 64, 76, 83, 13, 58, 58, 57},
		{62, 57, 52, 73, 41, 36, 87, 27, 14, 53, 77, 94, 60, 81, 61},
		{80, 19, 74, 13, 99, 73, 44, 53, 26, 97, 68, 98, 12, 17, 98},
		{46, 41, 52, 56, 81, 64, 46, 75, 27, 74, 43, 12, 11, 38, 81},
		{36, 21, 91, 92, 41, 76, 19, 32, 75, 79, 30, 99, 41, 47, 24},
		{13, 17, 31, 65, 34, 83, 50, 25, 85, 74, 57, 77, 67, 75, 22},
		{36, 72, 38, 96, 97, 84, 34, 10, 90, 96, 82, 61, 32, 41, 77},
		{41, 66, 41, 94, 15, 14, 80, 87, 32, 73, 95, 87, 43, 66, 12},
		{97, 76, 26, 48, 60, 72, 81, 84, 84, 92, 43, 85, 76, 10, 67},
		{42, 96, 14, 72, 41, 82, 53, 76, 71, 19, 42, 58, 62, 15, 41},
		{15, 47, 23, 35, 68, 84, 51, 10, 53, 73, 80, 39, 73, 76, 36},
		{27, 24, 94, 17, 16, 33, 56, 90, 80, 58, 96, 27, 10, 40, 11},
		{67, 73, 13, 63, 53, 31, 29, 62, 27, 58, 38, 74, 64, 22, 63},
		{68, 31, 31, 16, 74, 35, 19, 71, 55, 12, 67, 45, 57, 94, 67},
		{97, 89, 94, 66, 22, 30, 87, 87, 97, 21, 73, 94, 73, 25, 84},
		{85, 48, 84, 15, 63, 18, 34, 20, 39, 31, 20, 24, 93, 35, 12},
		{92, 96, 70, 24, 16, 30, 23, 13, 65, 53, 64, 93, 46, 48, 36},
		{34, 73, 42, 12, 77, 76, 49, 32, 87, 18, 18, 16, 38, 67, 91},
		{59, 33, 74, 19, 52, 27, 30, 43, 61, 73, 52, 38, 11, 83, 28},
		{40, 59, 87, 67, 77, 95, 45, 66, 24, 60, 68, 73, 19, 67, 11},
		{29, 57, 54, 51, 64, 74, 62, 93, 36, 94, 83, 91, 17, 36, 27},
		{92, 42, 96, 21, 32, 69, 44, 93, 59, 34, 70, 84, 68, 57, 41},
		{56, 70, 43, 74, 45, 71, 84, 63, 32, 62, 63, 49, 63, 33, 17},
		{95, 55, 51, 91, 62, 81, 85, 43, 54, 43, 84, 33, 28, 52, 23},
		{70, 22, 53, 28, 66, 20, 12, 74, 15, 17, 24, 50, 79, 36, 94},
		{86, 27, 74, 37, 47, 36, 29, 46, 13, 76, 87, 95, 98, 44, 44},
		{84, 29, 47, 45, 32, 31, 63, 90, 77, 45, 18, 76, 17, 55, 85},
		{55, 78, 45, 33, 48, 45, 92, 22, 36, 16, 71, 42, 95, 25, 71},
		{28, 14, 14, 16, 30, 18, 21, 34, 14, 93, 30, 52, 74, 98, 76},
		{46, 81, 62, 95, 33, 93, 60, 28, 69, 90, 83, 28, 56, 20, 24},
		{58, 60, 75, 85, 58, 91, 26, 75, 63, 18, 71, 92, 46, 82, 22},
		{53, 86, 31, 91, 58, 48, 34, 31, 73, 58, 78, 53, 15, 77, 21},
		{63, 71, 25, 19, 80, 25, 42, 22, 94, 48, 33, 76, 30, 59, 89},
		{84, 10, 11, 91, 69, 59, 72, 58, 41, 59, 68, 85, 38, 39, 66},
		{89, 47, 63, 14, 39, 11, 75, 40, 81, 49, 39, 92, 10, 57, 68},
		{23, 55, 41, 17, 38, 43, 33, 98, 96, 26, 15, 73, 23, 29, 14},
		{78, 98, 21, 47, 92, 11, 29, 86, 36, 17, 42, 48, 51, 88, 84},
		{23, 67, 28, 25, 27, 26, 68, 94, 67, 98, 23, 68, 11, 11, 59},
		{63, 88, 75, 66, 60, 91, 70, 81, 76, 45, 57, 33, 22, 68, 17}
	},
	{
		{13, 38, 66, 16, 35, 20, 57, 14, 73, 95, 80, 29, 10, 40, 24},
		{88, 44, 98, 14, 82, 77, 47, 90, 55, 90, 49, 23, 56, 50, 50},
		{78, 21, 41, 75, 64, 64, 39, 66, 78, 83, 53, 48, 29, 77, 49},
		{14, 77, 68, 36, 41, 42, 74, 83, 92, 88, 11, 75, 11, 14, 48},
		{25, 20, 94, 25, 95, 93, 30, 19, 44, 72, 96, 66, 60, 76, 62},
		{56, 31, 67, 64, 58, 45, 36, 50, 83, 63, 31, 14, 13, 85, 32},
		{85, 75, 16, 20, 10, 69, 43, 20, 54, 58, 35, 86, 24, 94, 26},
		{81, 33, 68, 85, 37, 52, 57, 33, 85, 13, 45, 18, 75, 18, 14},
		{93, 37, 57, 92, 38, 44, 26, 30, 62, 73, 65, 40, 16, 16, 66},
		{61, 71, 48, 94, 60, 81, 97, 20, 76, 93, 24, 55, 36, 66, 19},
		{86, 10, 37, 67, 71, 59, 48, 69, 24, 72, 84, 38, 38, 77, 21},
		{80, 11, 26, 20, 24, 22, 78, 19, 21, 68, 87, 57, 32, 53, 41},
		{21, 81, 10, 86, 41, 93, 70, 42, 53, 74, 37, 52, 21, 38, 58},
		{86, 23, 75, 38, 63, 49, 88, 12, 67, 24, 62, 28, 26, 78, 96},
		{86, 17, 42, 65, 43, 68, 76, 70, 22, 25, 68, 42, 61, 23, 30},
		{14, 38, 82, 76, 85, 78, 27, 88, 10, 22, 50, 90, 71, 43, 83},
		{79, 48, 11, 63, 14, 73, 62, 99, 36, 95, 10, 59, 40, 62, 97},
		{73, 91, 53, 21, 35, 85, 27, 27, 83, 29, 88, 46, 99, 50, 61},
		{21, 83, 10, 81, 14, 54, 67, 49, 67, 19, 56, 27, 91, 29, 92},
		{67, 84, 13, 29, 79, 59, 35, 18, 85, 26, 12, 99, 47, 18, 41},
		{47, 55, 16, 94, 15, 69, 40, 56, 52, 41, 41, 87, 29, 35, 26},
		{71, 51, 79, 22, 30, 25, 60, 84, 40, 96, 54, 61, 35, 29, 80},
		{39, 81, 80, 27, 10, 54, 81, 97, 60, 72, 52, 93, 74, 86, 48},
		{19, 24, 23, 24, 67, 20, 42, 48, 16, 91, 67, 50, 26, 89, 87},
		{60, 79, 60, 54, 56, 93, 83, 59, 27, 95, 11, 71, 26, 42, 95},
		{74, 76, 31, 83, 21, 81, 66, 56, 21, 44, 26, 80, 82, 26, 26},
		{39, 42, 89, 93, 96, 77, 81, 74, 34, 28, 31, 40, 12, 77, 66},
		{38, 10, 31, 82, 57, 38, 42, 61, 14, 13, 15, 58, 42, 23, 13},
		{41, 32, 54, 64, 34, 52, 38, 91, 91, 95, 62, 77, 15, 58, 41},
		{74, 73, 87, 85, 52, 66, 75, 67, 37, 50, 76, 56, 46, 95, 25},
		{73, 41, 14, 11, 65, 44, 89, 98, 23, 24, 85, 56, 15, 48, 31},
		{36, 57, 30, 67, 90, 53, 13, 37, 81, 85, 56, 92, 10, 83, 28},
		{19, 67, 48, 34, 64, 29, 27, 38, 53, 74, 19, 78, 33, 82, 59},
		{66, 76, 24, 30, 99, 18, 42, 96, 91, 66, 11, 44, 85, 73, 50},
		{19, 62, 91, 42, 14, 53, 56, 18, 36, 15, 15, 83, 26, 98, 95},
		{82, 14, 61, 30, 86, 86, 25, 10, 93, 98, 28, 10, 23, 34, 21},
		{23, 98, 73, 11, 40, 54, 89, 82, 14, 45, 35, 40, 70, 91, 86},
		{63, 74, 57, 39, 25, 30, 28, 31, 71, 55, 56, 65, 75, 65, 54},
		{36, 19, 57, 70, 59, 40, 80, 74, 10, 28, 31, 22, 50, 90, 41},
		{96, 54, 21, 15, 91, 44, 80, 95, 83, 41, 90, 35, 36, 79, 78}
	},
	{
		{58, 59, 59, 64, 93, 16, 32, 20, 46, 33, 80, 33, 33, 91, 92},
		{90, 50, 68, 50, 63, 38, 81, 51, 30, 53, 73, 33, 31, 59, 39},
		{36, 68, 22, 37, 64, 92, 61, 80, 18, 68, 43, 91, 32, 98, 94},
		{43, 24, 72, 49, 77, 70, 83, 66, 59, 88, 11, 83, 68, 91, 24},
		{74, 84, 16, 98, 76, 21, 54, 19, 47, 93, 64, 42, 32, 77, 98},
		{26, 29, 55, 27, 96, 49, 94, 90, 60, 20, 46, 45, 86, 51, 65},
		{74, 59, 28, 58, 40, 55, 87, 76, 42, 65, 42, 11, 17, 18, 82},
		{93, 56, 96, 60, 51, 55, 17, 66, 57, 77, 57, 77, 41, 63, 11},
		{76, 16, 69, 41, 54, 69, 36, 33, 49, 85, 78, 52, 47, 88, 83},
		{48, 90, 61, 69, 10, 90, 82, 52, 15, 82, 92, 55, 74, 90, 88},
		{71, 66, 72, 32, 28, 67, 87, 81, 92, 92, 59, 99, 91, 55, 39},
		{43, 10, 47, 57, 66, 18, 57, 16, 30, 46, 92, 64, 59, 40, 81},
		{14, 88, 26, 79, 43, 59, 76, 37, 41, 83, 75, 38, 55, 74, 45},
		{97, 13, 82, 56, 88, 22, 62, 26, 33, 12, 88, 24, 91, 28, 53},
		{64, 82, 10, 81, 96, 90, 91, 17, 18, 61, 63, 64, 24, 75, 19},
		{15, 33, 50, 54, 61, 33, 53, 35, 85, 55, 67, 48, 84, 48, 34},
		{61, 75, 79, 41, 66, 64, 60, 88, 69, 98, 82, 79, 87, 11, 76},
		{62, 76, 76, 29, 28, 61, 67, 74, 21, 55, 46, 82, 71, 69, 45},
		{80, 95, 23, 10, 84, 69, 84, 17, 58, 35, 11, 99, 71, 90, 47},
		{28, 88, 16, 71, 65, 96, 30, 96, 89, 88, 14, 12, 91, 73, 42},
		{95, 32, 90, 50, 41, 86, 53, 64, 95, 29, 85, 25, 93, 36, 23},
		{31, 42, 14, 83, 90, 31, 56, 36, 59, 40, 34, 58, 17, 12, 14},
		{25, 36, 14, 83, 68, 48, 40, 74, 15, 41, 14, 79, 67, 94, 68},
		{93, 37, 46, 20, 99, 76, 17, 31, 92, 46, 55, 49, 58, 13, 48},
		{86, 44, 76, 11, 95, 81, 46, 57, 91, 62, 58, 26, 19, 50, 67},
		{92, 16, 20, 20, 60, 71, 97, 28, 35, 53, 70, 90, 84, 88, 52},
		{42, 66, 59, 62, 61, 18, 27, 35, 66, 90, 87, 16, 44, 48, 59},
		{75, 79, 82, 35, 40, 40, 34, 55, 49, 87, 19, 18, 90, 99, 34},
		{65, 98, 12, 11, 32, 57, 21, 69, 80, 94, 29, 66, 84, 63, 76},
		{52, 19, 44, 34, 11, 49, 33, 44, 57, 85, 22, 70, 31, 92, 66},
		{77, 67, 29, 59, 43, 43, 73, 18, 50, 70, 12, 31, 97, 73, 64},
		{45, 25, 49, 39, 34, 15, 39, 65, 99, 12, 11, 60, 14, 79, 71},
		{85, 41, 60, 64, 43, 33, 70, 23, 69, 60, 69, 86, 54, 63, 93},
		{39, 15, 97, 54, 11, 24, 21, 83, 49, 66, 71, 26, 89, 32, 98},
		{53, 52, 27, 53, 56, 87, 98, 56, 57, 62, 69, 20, 38, 80, 21},
		{49, 31, 74, 93, 12, 52, 88, 21, 51, 82, 29, 84, 66, 76, 16},
		{38, 73, 73, 44, 31, 94, 24, 95, 26, 37, 55, 67, 73, 52, 30},
		{88, 27, 62, 48, 15, 69, 52, 96, 18, 60, 38, 19, 67, 84, 21},
		{26, 37, 53, 11, 37, 36, 52, 35, 23, 17, 15, 21, 13, 86, 51},
		{51, 64, 52, 64, 17, 24, 30, 84, 58, 66, 19, 50, 62, 44, 53}
	},
	{
		{27, 45, 97, 68, 17, 79, 88, 52, 16, 92, 32, 49, 73, 27, 35},
		{24, 22, 65, 39, 48, 74, 85, 27, 84, 89, 61, 36, 58, 84, 43},
		{11, 44, 36, 36, 48, 50, 86, 64, 50, 56, 53, 53, 11, 66, 93},
		{78, 47, 17, 70, 36, 53, 31, 52, 85, 66, 47, 22, 30, 44, 61},
		{37, 50, 56, 44, 66, 38, 10, 49, 64, 36, 25, 66, 28, 59, 52},
		{78, 24, 14, 24, 61, 42, 60, 16, 40, 26, 80, 73, 59, 55, 49},
		{21, 81, 16, 41, 17, 31, 58, 83, 60, 74, 52, 66, 47, 17, 95},
		{68, 15, 65, 72, 88, 57, 55, 60, 28, 73, 66, 20, 75, 33, 96},
		{63, 23, 95, 39, 73, 27, 25, 36, 76, 90, 40, 64, 15, 12, 70},
		{24, 45, 77, 50, 15, 32, 41, 37, 36, 40, 78, 88, 64, 92, 57},
		{45, 70, 92, 93, 91, 75, 61, 26, 15, 62, 36, 80, 68, 89, 62},
		{44, 77, 21, 12, 93, 41, 85, 23, 29, 90, 76, 99, 53, 41, 54},
		{66, 30, 31, 75, 19, 47, 72, 70, 12, 45, 71, 78, 18, 78, 35},
		{89, 91, 68, 97, 77, 57, 67, 95, 62, 42, 65, 23, 32, 49, 79},
		{61, 29, 18, 82, 35, 27, 88, 29, 87, 72, 22, 77, 51, 81, 76},
		{76, 19, 10, 78, 77, 61, 98, 61, 79, 42, 58, 27, 90, 65, 35},
		{14, 99, 41, 77, 19, 17, 87, 78, 22, 31, 39, 64, 62, 20, 89},
		{15, 30, 95, 33, 10, 23, 64, 48, 15, 57, 16, 90, 15, 71, 40},
		{70, 69, 96, 85, 44, 47, 53, 70, 66, 10, 97, 16, 79, 79, 20},
		{96, 98, 69, 65, 47, 51, 17, 61, 20, 55, 89, 74, 34, 82, 49},
		{40, 13, 93, 70, 20, 99, 99, 48, 50, 49, 45, 63, 68, 60, 95},
		{97, 83, 12, 50, 34, 35, 92, 27, 62, 17, 43, 55, 44, 86, 96},
		{62, 69, 26, 10, 85, 57, 95, 88, 36, 80, 33, 15, 83, 83, 70},
		{51, 63, 70, 50, 27, 38, 29, 42, 73, 79, 49, 29, 65, 82, 77},
		{91, 92, 81, 50, 67, 72, 88, 49, 56, 33, 29, 75, 65, 99, 42},
		{90, 64, 35, 17, 80, 24, 33, 61, 74, 92, 91, 43, 12, 57, 88},
		{11, 37, 67, 94, 57, 98, 41, 37, 75, 34, 60, 22, 39, 67, 68},
		{25, 99, 19, 85, 21, 17, 92, 34, 95, 37, 91, 29, 12, 63, 88},
		{49, 15, 46, 26, 21, 47, 42, 85, 10, 80, 22, 60, 65, 94, 64},
		{65, 10, 46, 12, 68, 32, 26, 82, 28, 90, 57, 21, 23, 85, 18},
		{93, 36, 47, 45, 28, 66, 88, 87, 85, 41, 20, 81, 60, 24, 93},
		{90, 65, 48, 40, 63, 58, 53, 98, 26, 95, 44, 27, 81, 20, 36},
		{77, 91, 56, 74, 25, 24, 74, 23, 56, 31, 15, 43, 46, 43, 55},
		{48, 82, 57, 16, 35, 66, 91, 43, 49, 40, 82, 65, 10, 98, 50},
		{83, 77, 91, 74, 42, 93, 47, 39, 10, 72, 44, 69, 28, 75, 55},
		{14, 27, 77, 20, 81, 43, 47, 88, 80, 39, 66, 51, 30, 45, 18},
		{97, 61, 16, 74, 47, 59, 36, 72, 22, 47, 22, 58, 13, 34, 44},
		{30, 30, 12, 61, 38, 58, 24, 42, 12, 55, 63, 13, 68, 17, 53},
		{94, 22, 67, 37, 47, 68, 92, 41, 73, 91, 58, 63, 34, 85, 65},
		{35, 68, 15, 77, 50, 23, 29, 38, 10, 28, 41, 89, 88, 78, 28}
	},
	{
		{60, 62, 66, 40, 68, 23, 27, 68, 25, 75, 96, 60, 38, 82, 83},
		{64, 58, 23, 30, 18, 71, 53, 72, 26, 37, 65, 67, 86, 31, 42},
		{44, 56, 93, 95, 85, 42, 89, 14, 60, 76, 32, 95, 11, 84, 59},
		{32, 69, 21, 71, 84, 91, 90, 48, 73, 65, 38, 18, 99, 32, 36},
		{67, 20, 26, 85, 19, 73, 62, 60, 87, 37, 49, 19, 43, 81, 72},
		{19, 50, 83, 70, 92, 16, 10, 28, 96, 60, 38, 72, 92, 46, 18},
		{38, 54, 35, 72, 98, 66, 13, 47, 41, 69, 14, 11, 54, 70, 76},
		{71, 45, 62, 51, 97, 14, 95, 68, 42, 36, 54, 79, 17, 82, 32},
		{39, 49, 58, 20, 21, 95, 56, 66, 89, 73, 30, 51, 49, 79, 36},
		{62, 78, 87, 29, 31, 89, 57, 17, 87, 75, 13, 38, 67, 66, 32},
		{82, 15, 67, 89, 73, 43, 59, 23, 58, 28, 17, 17, 95, 13, 84},
		{29, 62, 19, 46, 50, 14, 52, 76, 29, 60, 10, 49, 11, 59, 58},
		{41, 56, 65, 46, 92, 90, 75, 44, 75, 14, 38, 30, 51, 29, 12},
		{50, 77, 89, 93, 22, 95, 87, 91, 32, 55, 36, 44, 28, 30, 14},
		{34, 78, 79, 39, 61, 86, 76, 87, 39, 84, 81, 98, 18, 66, 60},
		{92, 78, 56, 55, 41, 45, 31, 81, 37, 27, 35, 32, 83, 20, 72},
		{14, 83, 48, 57, 59, 92, 81, 96, 95, 16, 24, 58, 41, 93, 25},
		{75, 83, 93, 70, 88, 96, 59, 99, 99, 75, 24, 71, 85, 35, 60},
		{93, 61, 84, 91, 50, 63, 66, 30, 26, 73, 19, 27, 16, 99, 87},
		{21, 89, 23, 71, 17, 11, 63, 52, 34, 39, 71, 93, 95, 50, 26},
		{64, 60, 35, 73, 74, 25, 32, 83, 73, 74, 94, 77, 66, 23, 91},
		{42, 72, 50, 11, 98, 61, 53, 52, 56, 13, 89, 24, 70, 13, 13},
		{86, 54, 84, 63, 61, 12, 11, 81, 24, 12, 97, 65, 78, 67, 13},
		{53, 44, 78, 78, 34, 82, 51, 24, 28, 62, 41, 15, 44, 38, 23},
		{25, 17, 33, 30, 18, 98, 96, 52, 22, 17, 57, 64, 85, 77, 93},
		{54, 48, 65, 80, 18, 38, 36, 60, 10, 28, 44, 18, 68, 92, 58},
		{92, 62, 73, 43, 16, 48, 46, 26, 12, 16, 64, 72, 79, 48, 93},
		{37, 73, 13, 86, 68, 53, 24, 18, 72, 60, 84, 54, 78, 49, 49},
		{46, 29, 41, 24, 24, 69, 81, 52, 74, 72, 98, 51, 44, 45, 91},
		{90, 10, 87, 29, 59, 33, 45, 77, 15, 87, 50, 50, 60, 88, 34},
		{17, 61, 17, 77, 21, 95, 87, 58, 18, 57, 27, 37, 35, 64, 40},
		{30, 42, 71, 49, 69, 21, 78, 44, 62, 84, 84, 78, 95, 92, 62},
		{95, 29, 52, 99, 81, 36, 86, 41, 72, 44, 74, 91, 29, 52, 60},
		{37, 96, 91, 97, 42, 14, 17, 24, 30, 70, 32, 80, 69, 25, 82},
		{18, 76, 60, 63, 84, 16, 53, 64, 19, 40, 69, 36, 36, 24, 24},
		{69, 22, 76, 45, 49, 15, 45, 23, 49, 96, 92, 92, 54, 30, 51},
		{11, 31, 78, 45, 70, 65, 32, 13, 37, 91, 96, 93, 15, 47, 91},
		{90, 22, 23, 81, 38, 11, 67, 22, 76, 24, 87, 90, 47, 16, 87},
		{44, 64, 97, 28, 38, 68, 50, 37, 86, 60, 45, 55, 33, 37, 41},
		{32, 65, 61, 72, 67, 62, 49, 55, 51, 24, 17, 99, 91, 15, 21}
	},
	{
		{73, 65, 41, 38, 70, 54, 74, 22, 67, 94, 52, 49, 40, 15, 18},
		{44, 70, 99, 24, 17, 86, 39, 30, 13, 56, 96, 52, 85, 78, 55},
		{87, 56, 73, 53, 79, 92, 61, 13, 28, 83, 98, 39, 70, 53, 65},
		{15, 90, 72, 89, 53, 49, 21, 89, 52, 11, 38, 93, 15, 16, 83},
		{59, 29, 10, 92, 76, 81, 66, 82, 70, 39, 81, 37, 52, 25, 61},
		{69, 59, 49, 27, 22, 77, 83, 15, 59, 58, 83, 79, 29, 82, 82},
		{30, 57, 63, 69, 42, 96, 78, 34, 25, 67, 76, 56, 90, 75, 58},
		{59, 73, 46, 74, 97, 64, 12, 90, 11, 89, 64, 25, 50, 73, 86},
		{76, 70, 66, 59, 70, 95, 16, 13, 68, 81, 41, 21, 85, 93, 93},
		{83, 21, 68, 92, 39, 19, 54, 19, 80, 72, 19, 76, 55, 50, 64},
		{25, 70, 13, 64, 79, 64, 61, 51, 65, 99, 22, 32, 27, 46, 37},
		{15, 94, 87, 57, 33, 87, 46, 88, 97, 67, 56, 33, 47, 52, 90},
		{70, 22, 21, 41, 55, 15, 54, 31, 37, 14, 72, 39, 26, 11, 98},
		{27, 45, 29, 30, 21, 35, 76, 57, 10, 44, 61, 80, 56, 75, 54},
		{57, 59, 76, 30, 52, 11, 38, 91, 66, 23, 17, 95, 39, 22, 48},
		{86, 73, 38, 21, 43, 62, 48, 16, 42, 12, 21, 27, 40, 37, 52},
		{90, 58, 84, 90, 11, 75, 51, 79, 56, 17, 18, 67, 64, 25, 61},
		{40, 69, 81, 47, 82, 70, 62, 97, 96, 72, 55, 50, 59, 44, 38},
		{39, 41, 14, 80, 15, 34, 67, 76, 80, 49, 86, 28, 58, 64, 28},
		{98, 31, 82, 60, 34, 49, 98, 91, 56, 86, 33, 71, 96, 49, 68},
		{45, 89, 97, 52, 76, 42, 38, 41, 49, 98, 78, 25, 52, 48, 79},
		{18, 79, 60, 36, 39, 44, 62, 64, 61, 15, 19, 26, 16, 43, 30},
		{20, 98, 17, 76, 91, 19, 78, 61, 53, 90, 40, 23, 57, 15, 79},
		{57, 84, 48, 28, 36, 13, 29, 83, 25, 81, 53, 78, 68, 76, 90},
		{20, 53, 89, 65, 75, 68, 57, 45, 81, 98, 68, 43, 44, 98, 70},
		{21, 32, 75, 92, 96, 35, 72, 86, 17, 72, 68, 19, 94, 19, 34},
		{91, 66, 90, 68, 81, 16, 12, 31, 79, 80, 53, 52, 19, 48, 83},
		{94, 79, 44, 96, 71, 45, 46, 64, 18, 73, 24, 86, 65, 15, 46},
		{81, 40, 89, 61, 51, 63, 68, 59, 78, 67, 16, 94, 14, 21, 96},
		{72, 37, 99, 12, 59, 42, 75, 10, 93, 29, 65, 65, 82, 47, 89},
		{63, 20, 71, 94, 41, 45, 66, 19, 17, 17, 37, 19, 15, 13, 35},
		{68, 92, 86, 98, 18, 47, 70, 59, 39, 45, 40, 38, 34, 72, 81},
		{82, 57, 10, 46, 15, 45, 94, 83, 57, 10, 64, 50, 82, 27, 52},
		{77, 77, 19, 29, 91, 50, 86, 82, 28, 88, 98, 11, 21, 36, 84},
		{30, 57, 82, 52, 14, 24, 16, 90, 50, 57, 20, 66, 25, 56, 88},
		{21, 17, 14, 90, 10, 37, 49, 71, 31, 14, 62, 48, 96, 41, 65},
		{88, 58, 32, 66, 66, 48, 40, 42, 23, 96, 62, 25, 60, 89, 15},
		{77, 62, 62, 69, 62, 38, 83, 75, 60, 16, 18, 75, 45, 85, 98},
		{77, 76, 25, 41, 55, 67, 95, 10, 74, 10, 53, 40, 83, 78, 70},
		{44, 28, 29, 75, 88, 40, 66, 42, 97, 21, 46, 59, 82, 84, 63}
	},
	{
		{39, 83, 43, 18, 67, 25, 25, 42, 39, 13, 88, 60, 67, 32, 76},
		{92, 97, 63, 50, 88, 61, 33, 84, 33, 16, 66, 25, 22, 14, 74},
		{25, 77, 37, 82, 60, 65, 98, 22, 81, 34, 80, 70, 37, 59, 59},
		{31, 77, 16, 59, 89, 29, 60, 40, 86, 12, 42, 22, 61, 13, 57},
		{33, 75, 40, 47, 41, 60, 51, 93, 93, 47, 81, 35, 99, 46, 92},
		{83, 32, 20, 65, 69, 90, 77, 96, 42, 20, 50, 51, 29, 41, 31},
		{37, 57, 38, 57, 59, 92, 95, 98, 32, 63, 67, 45, 75, 34, 82},
		{77, 83, 77, 59, 44, 23, 27, 61, 14, 54, 52, 52, 17, 51, 59},
		{17, 20, 74, 96, 35, 82, 29, 80, 55, 69, 46, 41, 42, 12, 20},
		{41, 46, 25, 58, 74, 97, 64, 21, 23, 16, 33, 58, 56, 42, 68},
		{17, 18, 64, 10, 91, 49, 30, 44, 84, 82, 17, 24, 12, 12, 29},
		{78, 90, 17, 42, 95, 42, 96, 43, 59, 48, 23, 71, 24, 54, 35},
		{95, 34, 19, 88, 21, 75, 26, 95, 60, 27, 97, 39, 29, 48, 22},
		{20, 63, 99, 74, 38, 93, 22, 67, 63, 61, 79, 50, 34, 60, 77},
		{71, 63, 36, 54, 89, 59, 69, 34, 64, 50, 98, 88, 88, 66, 47},
		{46, 31, 88, 81, 31, 25, 66, 80, 50, 35, 45, 14, 48, 38, 59},
		{54, 72, 62, 95, 93, 78, 85, 87, 99, 67, 85, 25, 55, 61, 58},
		{39, 48, 72, 77, 30, 38, 58, 12, 91, 86, 15, 64, 47, 23, 50},
		{62, 87, 92, 23, 55, 27, 55, 80, 76, 41, 86, 14, 72, 79, 39},
		{36, 27, 63, 38, 45, 15, 33, 11, 38, 42, 71, 67, 26, 61, 64},
		{94, 74, 66, 50, 76, 15, 67, 36, 75, 66, 96, 60, 74, 23, 59},
		{82, 74, 50, 72, 27, 57, 22, 57, 58, 12, 33, 88, 78, 19, 14},
		{38, 65, 26, 63, 77, 52, 50, 69, 62, 45, 36, 81, 13, 57, 62},
		{11, 50, 55, 36, 19, 43, 16, 14, 38, 85, 70, 40, 29, 24, 78},
		{40, 23, 70, 81, 69, 18, 66, 77, 49, 19, 56, 18, 35, 75, 44},
		{88, 13, 40, 97, 45, 11, 54, 64, 84, 60, 65, 14, 13, 97, 64},
		{96, 22, 76, 71, 57, 89, 34, 37, 61, 51, 47, 35, 91, 11, 80},
		{50, 12, 49, 96, 64, 68, 94, 50, 89, 49, 76, 90, 41, 13, 23},
		{90, 80, 81, 19, 62, 25, 79, 64, 98, 12, 57, 73, 44, 76, 11},
		{23, 54, 58, 19, 27, 14, 40, 59, 34, 57, 96, 79, 98, 91, 97},
		{62, 92, 96, 18, 93, 70, 91, 30, 35, 30, 61, 80, 81, 39, 92},
		{72, 32, 48, 50, 38, 89, 84, 95, 81, 50, 70, 50, 34, 43, 91},
		{19, 97, 41, 41, 32, 90, 59, 40, 27, 38, 39, 10, 60, 57, 80},
		{97, 80, 86, 93, 24, 58, 56, 66, 62, 75, 30, 63, 34, 34, 10},
		{85, 25, 40, 38, 11, 42, 48, 19, 45, 74, 48, 40, 18, 11, 95},
		{93, 77, 23, 63, 55, 98, 19, 12, 62, 45, 23, 74, 40, 56, 30},
		{77, 94, 42, 85, 56, 62, 50, 85, 71, 44, 17, 66, 12, 97, 24},
		{60, 55, 92, 14, 37, 51, 21, 81, 25, 50, 61, 26, 84, 91, 68},
		{52, 24, 89, 18, 25, 50, 66, 33, 68, 77, 53, 25, 95, 46, 17},
		{52, 94, 96, 53, 31, 68, 43, 92, 36, 18, 75, 40, 15, 85, 35}
	},
	{
		{39, 89, 28, 41, 78, 59, 15, 11, 15, 63, 63, 64, 48, 89, 60},
		{93, 98, 99, 63, 35, 78, 60, 13, 58, 20, 97, 55, 11, 20, 53},
		{16, 60, 55, 86, 17, 76, 57, 62, 49, 24, 75, 39, 86, 18, 31},
		{17, 38, 13, 21, 58, 93, 39, 11, 75, 78, 82, 11, 65, 32, 75},
		{97, 10, 65, 23, 52, 84, 30, 35, 98, 49, 94, 99, 33, 31, 12},
		{71, 79, 17, 51, 49, 42, 62, 21, 11, 84, 45, 29, 43, 16, 49},
		{73, 83, 18, 80, 25, 89, 94, 39, 38, 37, 98, 25, 21, 23, 41},
		{30, 93, 54, 36, 26, 16, 43, 24, 53, 98, 94, 30, 23, 95, 42},
		{86, 81, 63, 38, 38, 78, 63, 32, 33, 37, 52, 25, 71, 54, 25},
		{34, 17, 45, 14, 72, 81, 68, 27, 37, 65, 94, 35, 49, 86, 75},
		{87, 94, 83, 28, 32, 46, 21, 93, 97, 40, 38, 76, 12, 13, 27},
		{85, 80, 71, 43, 85, 40, 91, 11, 17, 12, 94, 96, 79, 55, 45},
		{96, 68, 34, 86, 52, 73, 17, 30, 74, 42, 35, 48, 28, 52, 28},
		{64, 23, 14, 31, 45, 79, 65, 50, 33, 66, 44, 52, 65, 36, 83},
		{14, 20, 18, 73, 42, 93, 28, 24, 42, 22, 40, 85, 70, 55, 93},
		{94, 83, 31, 45, 58, 58, 26, 27, 80, 49, 13, 18, 22, 45, 63},
		{42, 97, 50, 78, 37, 37, 51, 32, 69, 55, 76, 24, 29, 38, 89},
		{59, 63, 77, 30, 14, 40, 43, 77, 60, 45, 26, 95, 89, 30, 56},
		{18, 94, 54, 16, 54, 54, 45, 75, 77, 84, 20, 60, 29, 68, 36},
		{66, 57, 55, 88, 52, 28, 67, 56, 28, 84, 10, 87, 35, 29, 34},
		{34, 71, 42, 23, 32, 92, 91, 29, 38, 82, 51, 82, 56, 88, 28},
		{42, 44, 15, 29, 31, 22, 96, 24, 22, 62, 29, 24, 78, 16, 80},
		{43, 16, 58, 72, 17, 84, 67, 43, 74, 40, 65, 80, 60, 53, 41},
		{41, 91, 56, 40, 94, 68, 15, 98, 30, 40, 81, 50, 95, 90, 23},
		{61, 36, 97, 12, 53, 57, 95, 85, 41, 89, 94, 87, 66, 85, 74},
		{78, 30, 70, 90, 61, 25, 84, 80, 42, 48, 85, 44, 22, 98, 73},
		{10, 99, 43, 84, 28, 54, 81, 64, 74, 10, 15, 24, 98, 53, 67},
		{59, 25, 23, 84, 28, 16, 84, 39, 39, 43, 76, 46, 32, 71, 17},
		{16, 43, 69, 33, 92, 16, 73, 92, 71, 66, 79, 19, 67, 91, 33},
		{39, 31, 33, 66, 41, 91, 14, 27, 96, 92, 22, 35, 67, 52, 27},
		{37, 75, 80, 83, 30, 21, 25, 93, 36, 73, 58, 51, 32, 94, 40},
		{42, 93, 91, 18, 27, 74, 23, 57, 49, 21, 59, 43, 15, 87, 57},
		{24, 65, 28, 17, 73, 67, 17, 55, 13, 31, 54, 40, 96, 27, 39},
		{46, 45, 98, 36, 81, 67, 37, 55, 64, 24, 70, 41, 54, 84, 22},
		{35, 31, 48, 23, 47, 23, 76, 45, 39, 89, 45, 78, 58, 38, 82},
		{10, 96, 79, 86, 15, 66, 36, 35, 56, 88, 81, 59, 38, 77, 52},
		{75, 59, 23, 91, 83, 86, 40, 56, 60, 40, 83, 53, 80, 40, 54},
		{82, 94, 35, 84, 25, 94, 95, 34, 28, 15, 50, 91, 68, 92, 33},
		{94, 39, 80, 58, 17, 36, 43, 42, 48, 18, 86, 40, 91, 65, 72},
		{33, 13, 28, 97, 19, 14, 66, 31, 58, 39, 18, 99, 43, 70, 29}
	},
	{
		{13, 25, 10, 41, 61, 36, 94, 95, 85, 59, 30, 14, 26, 27, 53},
		{21, 60, 86, 73, 72, 20, 53, 38, 13, 69, 34, 55, 70, 27, 86},
		{13, 87, 76, 92, 54, 20, 26, 72, 96, 18, 99, 21, 10, 72, 86},
		{21, 20, 56, 81, 79, 59, 85, 63, 87, 65, 15, 75, 57, 51, 88},
		{10, 64, 79, 87, 77, 26, 91, 55, 96, 85, 31, 73, 42, 55, 90},
		{73, 18, 18, 53, 40, 16, 33, 76, 80, 35, 11, 93, 72, 38, 87},
		{95, 54, 48, 81, 59, 20, 52, 35, 42, 92, 75, 42, 51, 84, 22},
		{89, 28, 49, 52, 54, 46, 76, 99, 66, 97, 10, 47, 53, 63, 85},
		{37, 25, 97, 59, 53, 79, 54, 87, 48, 29, 36, 83, 61, 89, 95},
		{10, 25, 57, 48, 95, 38, 90, 31, 97, 94, 91, 51, 76, 56, 12},
		{73, 94, 11, 98, 61, 35, 86, 91, 76, 45, 31, 37, 50, 63, 87},
		{43, 65, 15, 62, 15, 46, 95, 27, 35, 18, 37, 53, 92, 79, 63},
		{61, 88, 95, 13, 90, 80, 69, 29, 41, 13, 27, 50, 86, 56, 12},
		{91, 20, 94, 10, 46, 53, 36, 40, 45, 52, 94, 29, 32, 80, 76},
		{60, 23, 57, 65, 65, 45, 18, 43, 76, 63, 31, 88, 98, 69, 25},
		{16, 37, 84, 68, 20, 44, 95, 26, 63, 16, 53, 82, 40, 20, 45},
		{72, 61, 13, 96, 92, 69, 50, 49, 88, 64, 26, 47, 84, 60, 81},
		{56, 80, 91, 90, 81, 64, 31, 18, 48, 36, 29, 41, 63, 59, 65},
		{81, 74, 72, 38, 81, 44, 27, 49, 18, 56, 83, 77, 37, 69, 83},
		{69, 37, 74, 48, 86, 74, 35, 34, 82, 84, 21, 91, 47, 56, 43},
		{85, 44, 80, 24, 38, 86, 62, 30, 50, 47, 43, 61, 98, 38, 25},
		{28, 89, 63, 27, 56, 91, 80, 86, 18, 25, 72, 54, 23, 82, 82},
		{56, 24, 67, 24, 65, 48, 64, 83, 43, 12, 80, 14, 94, 60, 52},
		{97, 31, 20, 67, 44, 69, 96, 13, 67, 52, 47, 58, 84, 60, 46},
		{95, 39, 23, 55, 40, 96, 64, 17, 80, 11, 85, 35, 49, 61, 75},
		{31, 58, 25, 88, 24, 15, 60, 78, 57, 95, 86, 35, 73, 84, 13},
		{29, 72, 58, 87, 81, 60, 67, 69, 18, 60, 55, 91, 33, 16, 69},
		{21, 61, 33, 80, 74, 74, 89, 22, 85, 81, 30, 31, 89, 43, 73},
		{69, 18, 91, 25, 47, 33, 17, 71, 27, 53, 76, 98, 99, 58, 74},
		{20, 41, 86, 79, 29, 49, 60, 87, 16, 49, 83, 99, 55, 13, 14},
		{22, 51, 55, 41, 87, 23, 50, 94, 32, 78, 56, 70, 12, 37, 83},
		{19, 97, 56, 35, 23, 51, 85, 57, 44, 26, 74, 12, 39, 70, 21},
		{95, 26, 88, 97, 98, 54, 28, 24, 90, 38, 85, 19, 70, 94, 87},
		{69, 15, 59, 91, 43, 83, 68, 68, 44, 25, 56, 45, 87, 47, 75},
		{37, 90, 86, 45, 98, 72, 52, 55, 24, 47, 79, 80, 68, 20, 74},
		{69, 45, 11, 35, 78, 48, 77, 18, 66, 17, 91, 76, 91, 61, 66},
		{14, 21, 51, 26, 97, 36, 55, 25, 21, 38, 23, 21, 61, 90, 44},
		{54, 35, 50, 69, 85, 15, 78, 11, 65, 89, 26, 31, 37, 14, 25},
		{70, 81, 50, 57, 11, 22, 13, 85, 98, 16, 56, 13, 79, 60, 97},
		{29, 37, 53, 45, 47, 92, 23, 19, 83, 13, 54, 72, 43, 72, 78}
	}
}