alpha=0.2
gamma=0.6
selection_rate=1
max_gen=2000
job_num=50
machine_num=10
pop_size=100
Threshold=6285
scenario_num=20
{
	{
		{29, 54, 56, 12, 66, 85, 71, 75, 61, 96},
		{39, 96, 30, 26, 84, 25, 21, 82, 47, 50},
		{85, 26, 25, 95, 85, 29, 79, 38, 13, 93},
		{34, 39, 25, 23, 64, 43, 56, 97, 73, 37},
		{83, 69, 24, 49, 60, 58, 45, 77, 47, 31},
		{77, 90, 60, 49, 79, 55, 14, 32, 54, 74},
		{31, 62, 86, 47, 15, 55, 61, 94, 87, 10},
		{12, 43, 15, 73, 90, 30, 55, 86, 82, 97},
		{61, 37, 28, 99, 36, 85, 58, 67, 12, 27},
		{81, 51, 89, 12, 35, 99, 45, 25, 32, 38},
		{76, 33, 91, 46, 91, 36, 33, 76, 44, 19},
		{58, 67, 80, 72, 88, 39, 93, 70, 66, 92},
		{15, 66, 60, 84, 84, 86, 32, 51, 59, 86},
		{98, 99, 12, 55, 86, 99, 41, 92, 64, 41},
		{31, 92, 87, 66, 41, 55, 91, 68, 63, 59},
		{65, 21, 28, 13, 29, 18, 21, 62, 95, 46},
		{72, 46, 57, 37, 23, 86, 95, 48, 60, 33},
		{92, 37, 66, 17, 77, 36, 37, 77, 99, 90},
		{44, 88, 88, 65, 45, 46, 59, 77, 13, 34},
		{57, 36, 94, 77, 32, 52, 15, 95, 50, 35},
		{29, 20, 16, 66, 70, 85, 67, 56, 22, 37},
		{93, 52, 33, 41, 17, 56, 50, 18, 26, 65},
		{32, 75, 79, 61, 14, 66, 35, 38, 47, 35},
		{69, 49, 78, 52, 78, 35, 46, 33, 61, 60},
		{18, 24, 35, 84, 30, 72, 32, 59, 51, 10},
		{54, 68, 74, 14, 46, 77, 53, 74, 70, 34},
		{90, 12, 96, 16, 51, 28, 36, 12, 45, 65},
		{16, 34, 74, 55, 59, 78, 62, 20, 59, 79},
		{37, 53, 79, 66, 35, 95, 43, 36, 22, 58},
		{21, 43, 30, 24, 84, 37, 70, 69, 90, 10},
		{36, 23, 88, 23, 72, 75, 94, 13, 52, 56},
		{15, 42, 96, 54, 52, 49, 77, 71, 24, 55},
		{22, 38, 86, 55, 10, 71, 28, 92, 65, 23},
		{42, 49, 92, 75, 77, 27, 67, 55, 72, 78},
		{23, 56, 42, 24, 55, 80, 77, 51, 51, 36},
		{51, 10, 28, 33, 28, 65, 44, 92, 10, 59},
		{35, 13, 57, 72, 18, 19, 17, 85, 93, 84},
		{73, 39, 78, 12, 44, 79, 18, 63, 71, 43},
		{60, 28, 92, 53, 95, 92, 15, 60, 62, 44},
		{96, 76, 51, 51, 55, 77, 49, 69, 14, 52},
		{97, 44, 45, 88, 80, 18, 41, 85, 67, 66},
		{86, 14, 15, 77, 70, 79, 10, 61, 54, 45},
		{83, 53, 83, 68, 82, 57, 65, 11, 67, 19},
		{73, 15, 21, 35, 46, 17, 30, 81, 16, 67},
		{30, 41, 10, 16, 46, 29, 80, 14, 53, 57},
		{10, 23, 66, 37, 69, 61, 28, 29, 23, 30},
		{22, 26, 89, 44, 72, 48, 82, 14, 20, 47},
		{24, 34, 56, 80, 21, 26, 46, 47, 95, 69},
		{24, 14, 33, 36, 94, 73, 71, 24, 54, 37},
		{32, 37, 86, 23, 93, 16, 47, 49, 31, 52}
	},
	{
		{93, 75, 96, 16, 65, 93, 80, 22, 32, 66},
		{24, 18, 45, 66, 65, 29, 11, 43, 50, 24},
		{56, 15, 96, 64, 62, 36, 80, 54, 15, 16},
		{33, 28, 82, 94, 60, 15, 48, 78, 14, 20},
		{77, 92, 12, 88, 46, 62, 81, 60, 88, 82},
		{78, 67, 80, 62, 57, 29, 76, 97, 89, 79},
		{59, 38, 72, 73, 48, 78, 86, 24, 70, 89},
		{74, 29, 55, 63, 53, 39, 87, 84, 57, 72},
		{62, 43, 59, 80, 56, 77, 27, 16, 28, 40},
		{68, 80, 23, 88, 67, 85, 79, 91, 75, 11},
		{60, 68, 53, 80, 81, 73, 30, 84, 94, 58},
		{43, 11, 55, 15, 65, 69, 28, 99, 80, 37},
		{62, 13, 42, 11, 36, 69, 20, 27, 36, 76},
		{54, 37, 43, 92, 85, 21, 93, 82, 61, 14},
		{15, 54, 67, 12, 38, 85, 23, 33, 59, 52},
		{53, 80, 70, 27, 62, 67, 19, 46, 57, 19},
		{40, 61, 28, 38, 37, 53, 46, 57, 68, 77},
		{32, 48, 17, 12, 32, 33, 17, 30, 48, 48},
		{90, 24, 29, 77, 64, 27, 70, 47, 13, 47},
		{61, 11, 97, 69, 48, 58, 32, 50, 40, 65},
		{78, 77, 63, 39, 76, 80, 15, 17, 15, 82},
		{13, 53, 77, 58, 16, 33, 22, 80, 71, 55},
		{51, 11, 70, 10, 64, 35, 89, 77, 48, 96},
		{76, 15, 51, 93, 88, 49, 64, 18, 96, 27},
		{75, 74, 65, 74, 94, 99, 89, 89, 73, 34},
		{21, 77, 76, 74, 89, 76, 17, 57, 87, 65},
		{29, 98, 91, 34, 97, 84, 29, 73, 84, 96},
		{26, 41, 72, 33, 39, 68, 12, 56, 39, 45},
		{47, 70, 95, 52, 54, 15, 84, 54, 34, 78},
		{88, 45, 41, 39, 61, 13, 52, 51, 96, 57},
		{96, 56, 83, 81, 34, 42, 45, 63, 38, 46},
		{52, 17, 28, 41, 50, 87, 52, 81, 60, 35},
		{39, 21, 40, 98, 30, 69, 99, 98, 38, 75},
		{78, 50, 10, 79, 23, 64, 13, 68, 15, 69},
		{54, 82, 29, 22, 42, 97, 54, 48, 27, 67},
		{42, 52, 51, 97, 82, 10, 79, 65, 10, 96},
		{62, 69, 52, 31, 67, 31, 19, 28, 93, 70},
		{46, 89, 42, 93, 95, 74, 99, 55, 31, 51},
		{14, 56, 47, 18, 52, 47, 92, 72, 36, 35},
		{84, 80, 90, 41, 14, 86, 38, 31, 57, 93},
		{43, 54, 94, 21, 23, 29, 56, 72, 63, 72},
		{23, 93, 49, 22, 14, 56, 21, 71, 73, 84},
		{89, 74, 57, 35, 38, 21, 31, 50, 86, 44},
		{76, 32, 50, 83, 69, 26, 42, 37, 83, 88},
		{61, 45, 44, 45, 54, 66, 44, 33, 99, 87},
		{15, 85, 72, 18, 41, 43, 53, 36, 32, 25},
		{16, 27, 75, 64, 12, 67, 67, 29, 23, 55},
		{11, 12, 60, 74, 28, 94, 87, 26, 48, 92},
		{64, 98, 75, 38, 86, 36, 44, 33, 67, 85},
		{99, 47, 77, 59, 20, 28, 91, 48, 29, 94}
	},
	{
		{64, 98, 24, 42, 19, 15, 88, 71, 60, 89},
		{69, 19, 81, 54, 13, 87, 64, 89, 82, 41},
		{56, 75, 36, 58, 17, 11, 31, 49, 99, 81},
		{86, 63, 78, 62, 71, 28, 64, 16, 22, 30},
		{29, 84, 20, 55, 62, 60, 48, 46, 99, 57},
		{61, 59, 29, 40, 93, 83, 50, 69, 70, 93},
		{22, 15, 90, 25, 71, 59, 70, 80, 98, 87},
		{31, 44, 80, 81, 54, 48, 65, 56, 10, 43},
		{38, 76, 61, 93, 88, 98, 24, 44, 58, 63},
		{96, 91, 60, 29, 22, 89, 66, 52, 50, 68},
		{31, 16, 17, 26, 75, 98, 55, 53, 62, 63},
		{57, 47, 38, 27, 36, 41, 75, 34, 86, 62},
		{91, 20, 82, 92, 62, 74, 91, 15, 77, 42},
		{31, 38, 86, 54, 92, 49, 96, 73, 30, 79},
		{92, 86, 53, 77, 80, 38, 79, 72, 92, 60},
		{35, 91, 40, 92, 46, 71, 63, 52, 21, 35},
		{51, 89, 42, 72, 30, 45, 27, 43, 29, 71},
		{15, 30, 21, 26, 47, 34, 11, 55, 58, 61},
		{35, 38, 32, 15, 15, 95, 44, 37, 61, 30},
		{75, 57, 37, 49, 21, 49, 18, 84, 51, 87},
		{21, 75, 71, 21, 61, 40, 65, 85, 72, 56},
		{74, 90, 37, 57, 95, 99, 22, 87, 78, 57},
		{75, 25, 33, 91, 87, 62, 44, 18, 38, 23},
		{70, 71, 60, 52, 13, 69, 30, 89, 20, 20},
		{38, 88, 16, 88, 68, 52, 36, 11, 66, 46},
		{47, 31, 51, 14, 16, 87, 17, 83, 72, 71},
		{95, 26, 80, 73, 45, 84, 66, 40, 19, 14},
		{25, 87, 55, 43, 37, 53, 72, 17, 94, 99},
		{84, 80, 65, 18, 57, 63, 55, 19, 26, 98},
		{58, 25, 37, 48, 48, 13, 76, 91, 20, 25},
		{91, 54, 92, 23, 88, 32, 24, 84, 35, 26},
		{43, 51, 64, 71, 94, 84, 54, 85, 19, 79},
		{89, 59, 94, 20, 60, 53, 98, 73, 47, 66},
		{93, 77, 93, 88, 62, 37, 52, 71, 93, 93},
		{81, 95, 56, 79, 42, 78, 78, 10, 15, 33},
		{48, 28, 59, 51, 24, 40, 96, 93, 57, 27},
		{59, 32, 89, 19, 67, 71, 90, 58, 23, 47},
		{42, 59, 74, 22, 35, 75, 42, 31, 38, 67},
		{69, 46, 34, 36, 78, 65, 25, 15, 67, 28},
		{59, 88, 99, 49, 37, 48, 37, 13, 69, 25},
		{31, 48, 38, 40, 83, 79, 96, 73, 57, 92},
		{13, 59, 78, 28, 27, 83, 60, 63, 11, 32},
		{91, 10, 29, 69, 83, 37, 46, 67, 96, 10},
		{94, 21, 80, 94, 72, 66, 80, 19, 12, 15},
		{71, 58, 98, 98, 74, 23, 58, 82, 65, 65},
		{37, 96, 13, 85, 53, 11, 31, 74, 28, 56},
		{36, 37, 79, 77, 87, 42, 85, 15, 71, 95},
		{70, 52, 90, 16, 52, 42, 93, 80, 78, 57},
		{31, 66, 11, 43, 65, 50, 27, 96, 98, 86},
		{47, 76, 71, 99, 27, 14, 58, 96, 73, 26}
	},
	{
		{59, 15, 61, 59, 47, 20, 80, 55, 28, 74},
		{48, 90, 64, 26, 86, 10, 30, 50, 93, 65},
		{92, 55, 40, 84, 85, 29, 57, 41, 63, 14},
		{32, 57, 30, 68, 23, 89, 62, 12, 96, 93},
		{96, 68, 27, 69, 69, 43, 58, 31, 93, 47},
		{25, 57, 78, 45, 78, 45, 68, 13, 53, 22},
		{66, 52, 10, 11, 35, 33, 84, 81, 97, 62},
		{44, 40, 37, 78, 40, 15, 18, 14, 31, 20},
		{20, 61, 82, 56, 14, 30, 43, 15, 50, 87},
		{36, 72, 63, 39, 28, 85, 80, 35, 84, 72},
		{63, 82, 53, 94, 47, 38, 18, 63, 92, 69},
		{20, 86, 92, 62, 98, 28, 43, 85, 36, 97},
		{50, 48, 30, 21, 31, 66, 99, 77, 34, 99},
		{56, 14, 35, 59, 31, 38, 73, 89, 48, 81},
		{53, 61, 39, 51, 96, 64, 17, 66, 70, 95},
		{92, 90, 14, 39, 75, 17, 52, 39, 86, 46},
		{13, 55, 26, 29, 58, 30, 99, 15, 34, 64},
		{39, 21, 15, 37, 14, 65, 37, 84, 84, 83},
		{22, 24, 74, 79, 13, 77, 75, 31, 11, 30},
		{42, 50, 22, 56, 83, 51, 20, 80, 52, 24},
		{66, 90, 43, 23, 90, 86, 54, 16, 76, 69},
		{21, 22, 32, 19, 72, 87, 82, 22, 71, 57},
		{96, 52, 67, 15, 85, 27, 56, 80, 36, 72},
		{99, 50, 65, 90, 20, 94, 47, 16, 80, 24},
		{79, 55, 72, 20, 48, 69, 88, 95, 34, 83},
		{86, 70, 79, 31, 38, 69, 19, 83, 15, 38},
		{61, 62, 70, 26, 33, 51, 54, 34, 85, 71},
		{39, 21, 15, 95, 50, 18, 36, 81, 40, 22},
		{89, 51, 27, 75, 94, 65, 39, 42, 84, 61},
		{51, 67, 68, 72, 93, 64, 96, 36, 33, 89},
		{62, 29, 41, 15, 12, 98, 98, 53, 96, 78},
		{26, 74, 52, 82, 96, 57, 58, 38, 93, 90},
		{75, 81, 35, 50, 93, 56, 82, 96, 50, 42},
		{99, 24, 25, 23, 27, 11, 98, 36, 10, 22},
		{32, 52, 78, 39, 96, 70, 43, 28, 90, 60},
		{54, 97, 85, 65, 62, 65, 69, 80, 44, 34},
		{82, 40, 92, 72, 10, 36, 53, 96, 57, 79},
		{70, 98, 83, 28, 50, 72, 47, 57, 86, 50},
		{54, 15, 55, 72, 62, 29, 69, 13, 49, 81},
		{62, 94, 18, 87, 86, 84, 51, 86, 22, 61},
		{56, 31, 31, 41, 87, 17, 11, 70, 21, 22},
		{73, 39, 68, 23, 96, 36, 49, 77, 60, 66},
		{13, 62, 45, 86, 42, 40, 13, 97, 16, 14},
		{20, 13, 50, 39, 47, 27, 83, 79, 82, 71},
		{97, 95, 17, 69, 32, 24, 65, 24, 76, 89},
		{91, 33, 54, 17, 42, 41, 37, 79, 10, 57},
		{28, 77, 21, 20, 75, 96, 81, 58, 73, 59},
		{35, 48, 88, 45, 82, 72, 65, 84, 80, 41},
		{87, 74, 96, 99, 60, 77, 93, 29, 36, 59},
		{82, 71, 16, 71, 22, 50, 54, 42, 77, 83}
	},
	{
		{30, 44, 24, 64, 98, 59, 35, 76, 51, 63},
		{52, 40, 34, 80, 95, 21, 96, 37, 49, 26},
		{45, 60, 42, 48, 40, 79, 82, 62, 73, 18},
		{63, 65, 47, 65, 81, 40, 86, 66, 47, 39},
		{47, 88, 13, 94, 36, 18, 83, 73, 57, 26},
		{39, 48, 54, 14, 62, 90, 44, 71, 13, 54},
		{80, 98, 54, 46, 53, 40, 83, 65, 52, 46},
		{43, 62, 62, 39, 63, 18, 47, 12, 86, 28},
		{21, 18, 60, 83, 76, 32, 73, 63, 66, 56},
		{12, 33, 15, 95, 87, 89, 82, 77, 14, 63},
		{96, 95, 26, 71, 69, 39, 76, 27, 32, 79},
		{26, 17, 39, 59, 45, 53, 79, 64, 70, 84},
		{67, 13, 23, 54, 47, 72, 60, 35, 60, 15},
		{37, 91, 99, 78, 87, 70, 84, 14, 88, 36},
		{71, 43, 71, 18, 82, 65, 34, 48, 53, 94},
		{49, 25, 48, 48, 96, 53, 24, 20, 37, 47},
		{52, 36, 69, 22, 61, 92, 16, 81, 72, 26},
		{73, 10, 47, 94, 74, 80, 13, 73, 36, 21},
		{89, 48, 88, 61, 48, 76, 31, 34, 37, 50},
		{93, 24, 97, 44, 71, 44, 78, 75, 34, 48},
		{16, 48, 81, 98, 46, 53, 86, 52, 13, 50},
		{53, 58, 65, 95, 48, 38, 63, 76, 80, 74},
		{81, 87, 87, 33, 67, 23, 39, 61, 89, 93},
		{69, 39, 59, 39, 84, 70, 38, 65, 72, 11},
		{69, 44, 70, 52, 93, 80, 22, 24, 33, 98},
		{83, 48, 46, 93, 18, 60, 79, 47, 44, 95},
		{57, 51, 14, 68, 26, 73, 32, 75, 72, 77},
		{92, 29, 12, 86, 85, 20, 16, 33, 78, 64},
		{73, 82, 53, 78, 26, 84, 19, 95, 81, 87},
		{88, 73, 35, 10, 99, 62, 63, 71, 48, 56},
		{48, 80, 38, 31, 83, 45, 86, 52, 18, 82},
		{17, 72, 87, 80, 57, 78, 35, 93, 96, 87},
		{42, 72, 15, 14, 62, 85, 63, 25, 13, 89},
		{13, 13, 53, 21, 99, 91, 34, 11, 21, 17},
		{69, 28, 40, 24, 14, 78, 63, 74, 91, 49},
		{95, 82, 80, 70, 13, 70, 25, 23, 33, 36},
		{34, 38, 77, 17, 45, 41, 16, 40, 24, 82},
		{86, 71, 50, 91, 28, 80, 71, 44, 95, 56},
		{91, 15, 36, 35, 17, 23, 62, 36, 66, 33},
		{49, 14, 32, 46, 31, 33, 59, 12, 71, 41},
		{39, 28, 74, 21, 32, 11, 31, 78, 18, 17},
		{26, 63, 21, 91, 70, 51, 70, 99, 13, 65},
		{83, 91, 62, 23, 40, 69, 81, 74, 11, 35},
		{88, 57, 32, 13, 16, 25, 94, 61, 48, 64},
		{49, 67, 27, 10, 21, 75, 72, 62, 83, 44},
		{71, 81, 42, 34, 29, 24, 63, 33, 14, 31},
		{68, 65, 37, 33, 29, 15, 45, 44, 56, 82},
		{59, 77, 29, 62, 72, 51, 49, 12, 95, 64},
		{56, 38, 41, 59, 32, 89, 54, 84, 86, 37},
		{62, 25, 42, 75, 72, 95, 27, 52, 87, 43}
	},
	{
		{44, 82, 90, 41, 61, 10, 80, 43, 61, 52},
		{31, 53, 62, 52, 42, 85, 62, 38, 47, 51},
		{59, 39, 54, 10, 23, 43, 48, 74, 82, 69},
		{36, 97, 22, 97, 46, 87, 16, 46, 50, 11},
		{99, 12, 42, 54, 24, 96, 35, 18, 90, 45},
		{12, 15, 35, 11, 75, 41, 74, 84, 72, 25},
		{11, 59, 55, 80, 62, 91, 29, 99, 55, 67},
		{38, 85, 20, 73, 55, 54, 49, 59, 66, 16},
		{99, 10, 99, 88, 33, 54, 73, 47, 81, 12},
		{35, 13, 26, 40, 74, 84, 31, 48, 86, 92},
		{19, 64, 78, 38, 70, 68, 63, 68, 52, 38},
		{70, 87, 28, 24, 93, 91, 62, 21, 99, 88},
		{40, 28, 54, 33, 30, 12, 20, 58, 72, 14},
		{53, 83, 41, 74, 75, 31, 97, 34, 53, 29},
		{81, 30, 23, 11, 37, 22, 73, 91, 93, 95},
		{24, 85, 40, 99, 81, 71, 32, 55, 45, 89},
		{34, 44, 83, 95, 19, 98, 84, 58, 56, 23},
		{34, 28, 98, 78, 41, 14, 54, 97, 93, 33},
		{97, 70, 48, 20, 63, 66, 64, 61, 90, 92},
		{93, 76, 88, 27, 99, 98, 94, 63, 31, 67},
		{14, 94, 44, 13, 70, 38, 74, 30, 97, 97},
		{26, 68, 40, 14, 89, 31, 88, 26, 30, 42},
		{86, 63, 86, 14, 22, 60, 10, 56, 47, 77},
		{58, 77, 31, 58, 40, 84, 26, 11, 55, 31},
		{11, 52, 86, 43, 20, 70, 74, 55, 96, 46},
		{44, 26, 82, 77, 41, 82, 10, 41, 55, 62},
		{83, 40, 20, 20, 49, 62, 49, 38, 39, 34},
		{87, 78, 98, 91, 46, 22, 99, 55, 57, 91},
		{93, 45, 62, 54, 93, 40, 92, 98, 11, 50},
		{84, 30, 62, 70, 50, 48, 96, 92, 23, 30},
		{11, 78, 79, 92, 42, 16, 65, 82, 88, 44},
		{66, 67, 59, 21, 60, 52, 55, 70, 92, 45},
		{94, 78, 59, 23, 18, 63, 27, 85, 60, 83},
		{19, 26, 61, 85, 12, 49, 96, 16, 23, 22},
		{93, 40, 20, 52, 87, 81, 98, 29, 23, 10},
		{20, 81, 14, 34, 38, 73, 41, 66, 42, 13},
		{26, 90, 88, 32, 56, 69, 93, 64, 18, 75},
		{69, 52, 91, 37, 13, 73, 12, 51, 14, 18},
		{74, 72, 88, 68, 19, 14, 46, 24, 29, 78},
		{38, 42, 63, 76, 56, 70, 81, 86, 26, 27},
		{16, 78, 27, 42, 91, 24, 75, 62, 28, 56},
		{96, 84, 28, 91, 96, 50, 55, 85, 28, 69},
		{18, 50, 56, 48, 60, 88, 24, 50, 78, 63},
		{56, 63, 21, 75, 64, 21, 63, 76, 49, 64},
		{76, 56, 78, 59, 46, 32, 73, 59, 12, 68},
		{32, 30, 59, 90, 34, 74, 20, 70, 75, 70},
		{93, 37, 55, 64, 26, 94, 57, 85, 92, 60},
		{34, 93, 14, 98, 76, 72, 97, 84, 59, 42},
		{92, 90, 82, 60, 50, 44, 90, 79, 30, 98},
		{97, 54, 34, 51, 82, 28, 71, 49, 38, 75}
	},
	{
		{23, 20, 15, 74, 89, 22, 34, 56, 92, 94},
		{48, 68, 33, 25, 11, 23, 42, 54, 14, 55},
		{50, 16, 91, 98, 84, 57, 25, 48, 44, 73},
		{30, 61, 34, 49, 99, 92, 70, 97, 13, 66},
		{53, 23, 91, 52, 40, 88, 52, 86, 97, 52},
		{94, 73, 23, 50, 44, 60, 57, 24, 72, 15},
		{42, 59, 57, 39, 84, 50, 10, 61, 70, 51},
		{43, 63, 90, 96, 20, 68, 95, 24, 45, 70},
		{60, 62, 64, 72, 57, 21, 94, 48, 56, 42},
		{20, 36, 31, 90, 79, 58, 53, 49, 57, 87},
		{23, 20, 52, 15, 83, 76, 25, 31, 67, 89},
		{37, 32, 72, 25, 34, 64, 18, 74, 47, 47},
		{72, 70, 55, 53, 27, 76, 47, 53, 43, 30},
		{83, 82, 92, 58, 73, 15, 12, 60, 46, 18},
		{44, 85, 10, 56, 54, 86, 60, 25, 85, 76},
		{35, 19, 94, 40, 12, 14, 91, 41, 57, 19},
		{23, 74, 38, 68, 95, 23, 85, 64, 46, 89},
		{46, 77, 75, 87, 55, 78, 68, 60, 95, 97},
		{21, 79, 47, 81, 14, 97, 33, 97, 50, 72},
		{99, 61, 85, 19, 34, 76, 93, 84, 89, 10},
		{39, 52, 88, 59, 12, 33, 87, 81, 16, 27},
		{94, 60, 51, 55, 55, 35, 30, 57, 92, 54},
		{29, 75, 78, 96, 96, 10, 85, 83, 75, 24},
		{74, 81, 14, 24, 89, 54, 61, 23, 19, 44},
		{39, 20, 83, 95, 88, 57, 83, 43, 67, 70},
		{79, 55, 85, 63, 73, 18, 53, 19, 20, 71},
		{97, 71, 44, 69, 56, 87, 72, 87, 78, 29},
		{91, 57, 30, 39, 70, 20, 57, 79, 24, 82},
		{93, 90, 42, 92, 51, 88, 86, 10, 68, 81},
		{95, 13, 10, 92, 49, 16, 90, 54, 76, 29},
		{40, 32, 90, 45, 66, 41, 51, 42, 87, 83},
		{28, 25, 96, 52, 44, 25, 79, 57, 26, 81},
		{79, 13, 52, 76, 10, 74, 44, 74, 53, 87},
		{40, 20, 51, 16, 58, 22, 57, 64, 80, 71},
		{51, 12, 23, 96, 78, 80, 72, 65, 71, 25},
		{76, 61, 20, 21, 56, 21, 54, 13, 64, 85},
		{92, 85, 17, 26, 62, 46, 26, 19, 30, 88},
		{45, 84, 31, 95, 78, 19, 77, 53, 73, 76},
		{51, 67, 83, 87, 42, 70, 18, 78, 12, 34},
		{43, 37, 40, 53, 52, 63, 24, 42, 41, 51},
		{43, 58, 78, 20, 77, 97, 72, 88, 32, 87},
		{14, 69, 97, 14, 78, 41, 17, 27, 90, 87},
		{62, 14, 10, 19, 59, 73, 55, 20, 45, 27},
		{33, 61, 71, 14, 42, 53, 37, 66, 45, 96},
		{93, 68, 82, 95, 45, 97, 33, 25, 13, 77},
		{15, 46, 82, 99, 21, 22, 72, 81, 23, 35},
		{91, 98, 17, 70, 54, 58, 70, 57, 12, 99},
		{50, 11, 72, 56, 50, 94, 71, 72, 80, 33},
		{27, 79, 34, 91, 58, 26, 29, 53, 54, 96},
		{45, 97, 93, 11, 40, 43, 41, 84, 33, 17}
	},
	{
		{53, 94, 64, 64, 40, 24, 33, 39, 13, 60},
		{98, 91, 50, 23, 60, 82, 67, 89, 48, 84},
		{78, 63, 97, 10, 29, 30, 59, 26, 15, 86},
		{97, 30, 89, 96, 55, 50, 50, 31, 17, 46},
		{33, 93, 47, 41, 66, 51, 52, 25, 80, 62},
		{60, 31, 83, 33, 11, 12, 75, 53, 10, 94},
		{38, 80, 21, 84, 54, 90, 70, 51, 52, 32},
		{14, 85, 71, 82, 84, 99, 87, 33, 15, 45},
		{40, 58, 17, 21, 99, 54, 89, 82, 49, 89},
		{85, 14, 18, 91, 82, 17, 93, 88, 12, 29},
		{70, 17, 97, 85, 81, 89, 95, 13, 29, 62},
		{61, 24, 28, 63, 58, 68, 88, 19, 23, 16},
		{70, 91, 54, 24, 40, 10, 32, 64, 93, 57},
		{58, 20, 57, 88, 99, 60, 10, 58, 58, 86},
		{83, 62, 55, 51, 59, 29, 14, 44, 94, 10},
		{62, 25, 40, 76, 63, 32, 30, 28, 11, 52},
		{49, 25, 80, 38, 24, 10, 24, 63, 11, 47},
		{67, 20, 17, 15, 84, 48, 24, 64, 99, 45},
		{63, 93, 82, 28, 58, 90, 84, 14, 82, 53},
		{79, 71, 13, 53, 10, 18, 70, 95, 10, 98},
		{52, 36, 17, 79, 67, 77, 45, 47, 98, 21},
		{74, 91, 70, 63, 95, 31, 69, 98, 36, 61},
		{51, 62, 97, 80, 16, 39, 98, 97, 59, 85},
		{23, 78, 57, 45, 58, 26, 78, 18, 42, 75},
		{76, 36, 38, 65, 40, 64, 31, 25, 40, 47},
		{50, 25, 36, 17, 27, 79, 59, 37, 25, 55},
		{62, 94, 72, 20, 16, 14, 18, 81, 81, 64},
		{55, 73, 61, 11, 88, 86, 63, 96, 46, 26},
		{39, 95, 63, 44, 49, 44, 72, 84, 69, 10},
		{41, 80, 96, 20, 44, 66, 87, 13, 11, 22},
		{40, 50, 71, 63, 59, 84, 23, 88, 10, 32},
		{91, 91, 32, 41, 84, 94, 97, 95, 44, 89},
		{92, 43, 37, 63, 90, 91, 60, 97, 11, 87},
		{56, 10, 96, 64, 96, 94, 38, 78, 21, 62},
		{58, 48, 20, 52, 27, 44, 70, 46, 51, 95},
		{41, 93, 27, 95, 66, 43, 41, 29, 22, 38},
		{71, 51, 19, 67, 37, 89, 87, 55, 91, 33},
		{65, 32, 87, 57, 59, 27, 37, 95, 24, 63},
		{87, 10, 69, 33, 19, 52, 23, 17, 81, 19},
		{78, 20, 46, 34, 55, 72, 36, 56, 79, 58},
		{64, 80, 18, 90, 36, 36, 85, 41, 54, 95},
		{28, 54, 55, 26, 95, 37, 70, 96, 36, 96},
		{34, 26, 62, 24, 68, 12, 18, 98, 76, 69},
		{51, 90, 24, 24, 88, 96, 46, 25, 80, 38},
		{87, 56, 13, 56, 77, 88, 96, 25, 62, 26},
		{34, 89, 62, 31, 83, 64, 88, 53, 96, 79},
		{57, 56, 40, 11, 88, 39, 23, 18, 67, 51},
		{87, 12, 56, 85, 79, 41, 26, 50, 13, 89},
		{85, 96, 10, 52, 86, 81, 39, 59, 64, 23},
		{52, 38, 87, 48, 35, 81, 12, 41, 50, 86}
	},
	{
		{97, 47, 54, 89, 91, 29, 77, 52, 29, 62},
		{39, 53, 37, 65, 88, 90, 31, 60, 10, 24},
		{31, 20, 28, 63, 59, 83, 11, 78, 46, 70},
		{84, 62, 75, 22, 74, 78, 57, 89, 66, 28},
		{86, 27, 44, 53, 68, 78, 51, 94, 71, 43},
		{35, 78, 34, 45, 45, 39, 24, 49, 91, 75},
		{79, 32, 12, 70, 82, 65, 31, 34, 97, 48},
		{98, 86, 50, 88, 29, 51, 59, 17, 57, 57},
		{87, 30, 83, 11, 53, 22, 98, 51, 62, 14},
		{20, 48, 31, 29, 52, 11, 87, 86, 41, 71},
		{67, 57, 39, 12, 99, 15, 23, 78, 35, 59},
		{74, 74, 35, 95, 74, 73, 26, 88, 87, 81},
		{57, 67, 11, 16, 65, 44, 98, 28, 85, 23},
		{26, 27, 60, 10, 45, 28, 31, 88, 57, 25},
		{50, 84, 24, 63, 10, 35, 73, 86, 85, 62},
		{20, 38, 49, 21, 57, 20, 92, 43, 67, 19},
		{10, 82, 83, 74, 43, 60, 48, 95, 47, 10},
		{35, 49, 31, 65, 58, 94, 18, 64, 29, 75},
		{59, 37, 63, 43, 65, 32, 11, 67, 81, 94},
		{88, 28, 46, 26, 98, 18, 95, 31, 93, 70},
		{49, 85, 45, 97, 54, 65, 53, 83, 48, 76},
		{78, 10, 40, 97, 99, 93, 23, 45, 75, 55},
		{27, 71, 27, 52, 47, 43, 91, 42, 45, 56},
		{43, 84, 99, 20, 29, 63, 99, 80, 57, 10},
		{35, 22, 93, 33, 62, 21, 88, 41, 45, 98},
		{94, 21, 30, 93, 38, 66, 86, 55, 52, 42},
		{39, 29, 75, 60, 68, 68, 96, 52, 34, 29},
		{48, 80, 18, 76, 35, 65, 56, 35, 19, 20},
		{14, 56, 47, 58, 34, 68, 87, 79, 42, 49},
		{39, 77, 73, 27, 55, 71, 15, 26, 90, 24},
		{39, 60, 22, 70, 38, 33, 61, 31, 23, 99},
		{69, 20, 13, 30, 44, 69, 81, 27, 60, 31},
		{50, 60, 10, 89, 56, 26, 98, 74, 68, 43},
		{25, 27, 81, 39, 14, 42, 81, 44, 68, 37},
		{95, 72, 78, 59, 90, 16, 12, 87, 22, 95},
		{13, 86, 91, 45, 51, 46, 63, 88, 30, 73},
		{85, 30, 72, 98, 71, 36, 63, 99, 77, 19},
		{36, 91, 84, 77, 50, 34, 98, 67, 83, 86},
		{79, 36, 68, 50, 19, 96, 89, 19, 43, 33},
		{21, 23, 19, 68, 20, 51, 86, 20, 26, 88},
		{80, 89, 47, 92, 47, 78, 87, 67, 28, 45},
		{68, 25, 19, 57, 31, 83, 41, 49, 42, 84},
		{13, 23, 11, 43, 89, 71, 98, 96, 18, 22},
		{59, 68, 63, 26, 74, 10, 74, 15, 16, 62},
		{97, 55, 14, 83, 18, 40, 86, 37, 33, 67},
		{57, 97, 68, 73, 77, 60, 18, 13, 89, 25},
		{49, 67, 96, 78, 10, 74, 47, 80, 58, 27},
		{83, 33, 41, 37, 13, 61, 10, 72, 89, 60},
		{79, 43, 94, 33, 83, 40, 45, 74, 27, 69},
		{64, 55, 81, 81, 21, 54, 98, 87, 76, 53}
	},
	{
		{74, 15, 78, 29, 63, 45, 94, 84, 37, 49},
		{41, 24, 51, 80, 50, 12, 58, 16, 50, 77},
		{92, 68, 77, 90, 66, 71, 90, 50, 68, 94},
		{86, 38, 55, 19, 75, 87, 49, 24, 47, 48},
		{48, 66, 80, 22, 95, 30, 99, 46, 76, 25},
		{37, 61, 47, 68, 16, 99, 81, 87, 62, 20},
		{41, 91, 16, 38, 22, 92, 22, 93, 17, 96},
		{55, 96, 39, 89, 52, 47, 53, 27, 31, 14},
		{62, 14, 40, 53, 50, 81, 93, 48, 48, 27},
		{21, 21, 95, 61, 46, 17, 67, 55, 62, 93},
		{75, 56, 27, 46, 87, 90, 10, 17, 52, 71},
		{49, 81, 33, 30, 68, 12, 70, 39, 74, 85},
		{22, 35, 95, 40, 47, 97, 17, 91, 98, 21},
		{97, 20, 36, 40, 76, 39, 76, 18, 65, 62},
		{61, 60, 90, 92, 82, 58, 11, 59, 14, 92},
		{30, 82, 32, 54, 93, 71, 60, 69, 18, 40},
		{30, 69, 70, 73, 96, 22, 36, 13, 62, 63},
		{24, 51, 21, 48, 19, 14, 88, 70, 78, 56},
		{76, 65, 64, 34, 56, 69, 55, 72, 96, 12},
		{33, 41, 35, 18, 67, 37, 85, 91, 99, 83},
		{50, 40, 24, 36, 79, 13, 86, 95, 74, 71},
		{55, 59, 37, 52, 24, 51, 21, 92, 26, 32},
		{84, 20, 57, 23, 81, 86, 83, 60, 93, 56},
		{56, 78, 44, 54, 82, 27, 27, 20, 28, 62},
		{71, 89, 95, 17, 81, 92, 46, 33, 67, 39},
		{31, 30, 16, 68, 63, 64, 82, 43, 82, 95},
		{37, 38, 34, 80, 30, 55, 18, 14, 78, 37},
		{27, 94, 63, 33, 73, 96, 93, 39, 74, 94},
		{13, 64, 22, 14, 66, 91, 18, 47, 37, 89},
		{52, 45, 85, 67, 51, 56, 92, 36, 54, 17},
		{89, 15, 25, 96, 41, 56, 63, 34, 79, 72},
		{36, 59, 69, 19, 49, 99, 44, 95, 25, 25},
		{60, 91, 58, 83, 50, 99, 42, 47, 71, 13},
		{86, 80, 36, 47, 67, 23, 51, 74, 33, 86},
		{25, 16, 42, 68, 83, 29, 32, 78, 48, 75},
		{25, 67, 56, 97, 98, 68, 79, 87, 78, 47},
		{59, 20, 55, 53, 68, 20, 12, 86, 42, 51},
		{54, 48, 60, 57, 29, 28, 40, 34, 83, 11},
		{74, 36, 34, 23, 47, 21, 42, 67, 92, 69},
		{49, 32, 88, 86, 19, 67, 40, 83, 33, 97},
		{94, 41, 30, 59, 87, 45, 25, 99, 79, 18},
		{31, 92, 37, 10, 69, 45, 86, 32, 20, 87},
		{39, 77, 18, 34, 34, 69, 87, 74, 59, 39},
		{13, 87, 87, 27, 27, 34, 45, 17, 77, 88},
		{77, 52, 93, 85, 32, 16, 59, 60, 47, 23},
		{87, 26, 96, 40, 70, 31, 82, 24, 82, 69},
		{72, 32, 15, 66, 37, 36, 88, 63, 96, 62},
		{19, 78, 96, 79, 67, 95, 90, 83, 39, 55},
		{65, 84, 23, 87, 42, 69, 46, 69, 45, 44},
		{68, 14, 90, 98, 91, 90, 55, 51, 50, 97}
	},
	{
		{36, 60, 51, 82, 32, 79, 94, 43, 86, 36},
		{66, 10, 54, 67, 10, 97, 49, 27, 22, 24},
		{93, 20, 90, 36, 97, 30, 51, 42, 46, 51},
		{37, 61, 27, 20, 46, 24, 74, 44, 50, 63},
		{21, 75, 80, 81, 24, 35, 86, 52, 39, 77},
		{51, 54, 53, 14, 63, 44, 16, 30, 81, 29},
		{71, 40, 88, 22, 86, 55, 55, 51, 16, 92},
		{73, 26, 84, 12, 28, 19, 29, 23, 96, 11},
		{21, 87, 84, 59, 42, 54, 54, 86, 94, 37},
		{61, 91, 44, 12, 46, 11, 65, 31, 35, 99},
		{62, 75, 21, 39, 28, 10, 28, 29, 48, 46},
		{31, 56, 70, 83, 55, 67, 58, 29, 23, 49},
		{44, 10, 83, 16, 18, 26, 86, 54, 88, 63},
		{68, 63, 15, 87, 31, 75, 45, 19, 99, 12},
		{49, 93, 50, 76, 41, 59, 97, 64, 89, 80},
		{24, 19, 54, 36, 82, 76, 91, 83, 33, 40},
		{84, 53, 75, 97, 94, 16, 11, 53, 31, 85},
		{95, 72, 68, 57, 63, 89, 39, 57, 74, 76},
		{53, 39, 91, 66, 28, 37, 94, 20, 54, 65},
		{85, 10, 57, 81, 78, 15, 62, 61, 15, 10},
		{90, 12, 17, 81, 66, 28, 97, 79, 70, 14},
		{48, 55, 74, 99, 40, 72, 67, 36, 47, 37},
		{46, 27, 84, 47, 60, 57, 44, 90, 41, 60},
		{62, 22, 16, 97, 50, 58, 92, 42, 97, 21},
		{50, 72, 37, 31, 30, 70, 23, 76, 32, 30},
		{15, 90, 14, 33, 52, 92, 51, 21, 93, 88},
		{88, 97, 35, 60, 33, 82, 30, 82, 32, 82},
		{26, 60, 92, 38, 79, 50, 51, 18, 33, 45},
		{60, 85, 33, 16, 29, 29, 91, 46, 34, 90},
		{74, 74, 94, 72, 25, 44, 31, 81, 40, 13},
		{74, 93, 93, 48, 74, 50, 77, 68, 38, 59},
		{89, 70, 63, 23, 65, 87, 66, 61, 89, 17},
		{22, 66, 93, 65, 29, 31, 89, 89, 18, 79},
		{62, 29, 93, 40, 28, 50, 80, 50, 79, 30},
		{83, 73, 31, 61, 70, 98, 61, 34, 41, 39},
		{15, 83, 75, 95, 19, 69, 95, 30, 26, 50},
		{92, 60, 51, 76, 82, 15, 34, 66, 32, 30},
		{92, 42, 82, 51, 30, 34, 97, 42, 12, 14},
		{48, 79, 73, 80, 66, 91, 20, 29, 28, 19},
		{97, 72, 71, 95, 90, 16, 38, 26, 42, 39},
		{17, 55, 41, 77, 66, 27, 37, 99, 60, 12},
		{65, 95, 83, 11, 56, 26, 27, 72, 85, 61},
		{53, 49, 27, 49, 37, 22, 21, 60, 57, 89},
		{89, 49, 11, 26, 61, 42, 89, 28, 62, 37},
		{71, 21, 82, 74, 71, 70, 26, 88, 55, 28},
		{92, 11, 49, 67, 79, 97, 65, 11, 55, 49},
		{39, 77, 49, 86, 53, 57, 79, 12, 82, 65},
		{14, 77, 34, 21, 86, 82, 75, 95, 83, 11},
		{53, 39, 81, 10, 95, 24, 48, 80, 93, 52},
		{44, 73, 21, 24, 78, 16, 24, 72, 33, 12}
	},
	{
		{18, 38, 54, 78, 32, 11, 95, 60, 32, 58},
		{52, 72, 73, 47, 56, 23, 95, 83, 41, 99},
		{27, 90, 24, 78, 37, 88, 28, 59, 25, 98},
		{32, 22, 69, 21, 19, 62, 20, 71, 53, 96},
		{88, 29, 46, 60, 81, 28, 14, 51, 77, 97},
		{68, 32, 60, 61, 99, 43, 43, 70, 65, 21},
		{92, 53, 32, 78, 62, 37, 19, 59, 60, 18},
		{19, 61, 93, 91, 12, 11, 30, 96, 87, 67},
		{39, 30, 96, 45, 85, 19, 15, 52, 94, 39},
		{33, 75, 87, 32, 44, 55, 10, 46, 15, 70},
		{61, 26, 66, 94, 84, 21, 56, 59, 11, 62},
		{44, 32, 95, 14, 70, 41, 91, 58, 86, 95},
		{22, 56, 47, 93, 87, 71, 60, 24, 27, 56},
		{93, 56, 54, 54, 43, 90, 36, 49, 74, 87},
		{52, 31, 97, 73, 33, 83, 75, 45, 15, 80},
		{65, 43, 22, 53, 77, 69, 37, 10, 29, 52},
		{46, 25, 62, 83, 26, 11, 67, 23, 54, 84},
		{20, 28, 88, 52, 27, 40, 34, 35, 83, 56},
		{38, 20, 58, 26, 30, 93, 28, 24, 29, 86},
		{41, 16, 47, 40, 58, 80, 41, 16, 59, 79},
		{53, 54, 88, 21, 17, 73, 15, 74, 26, 87},
		{36, 59, 98, 59, 79, 42, 41, 96, 18, 19},
		{87, 43, 41, 68, 67, 14, 84, 73, 10, 50},
		{46, 29, 28, 55, 64, 64, 85, 50, 81, 43},
		{52, 42, 56, 10, 98, 95, 61, 57, 20, 50},
		{98, 35, 79, 75, 41, 84, 31, 34, 36, 74},
		{57, 27, 34, 17, 41, 52, 19, 82, 89, 60},
		{30, 86, 68, 85, 40, 24, 42, 91, 91, 45},
		{21, 34, 50, 92, 17, 10, 43, 81, 50, 76},
		{92, 96, 46, 45, 72, 11, 88, 13, 82, 91},
		{58, 31, 92, 23, 88, 64, 52, 97, 72, 54},
		{17, 90, 20, 60, 77, 17, 82, 63, 48, 37},
		{12, 99, 72, 94, 87, 92, 16, 72, 91, 39},
		{99, 40, 68, 40, 72, 74, 97, 14, 73, 34},
		{89, 12, 83, 26, 12, 14, 48, 54, 77, 73},
		{75, 96, 83, 67, 30, 45, 88, 70, 37, 55},
		{18, 74, 97, 54, 31, 77, 42, 84, 48, 49},
		{89, 54, 61, 41, 53, 75, 86, 63, 79, 48},
		{83, 43, 94, 83, 16, 23, 37, 53, 71, 60},
		{77, 53, 51, 14, 77, 36, 99, 92, 15, 69},
		{95, 27, 66, 16, 42, 70, 11, 94, 84, 74},
		{50, 85, 92, 50, 63, 28, 99, 31, 21, 89},
		{64, 78, 59, 85, 70, 24, 59, 39, 12, 40},
		{95, 35, 21, 94, 18, 44, 30, 19, 75, 15},
		{82, 79, 63, 20, 64, 59, 96, 24, 18, 46},
		{23, 33, 19, 45, 63, 28, 50, 24, 11, 25},
		{29, 27, 82, 82, 81, 80, 50, 25, 68, 51},
		{20, 70, 48, 37, 57, 53, 84, 89, 15, 90},
		{87, 24, 30, 34, 18, 33, 15, 86, 53, 48},
		{58, 41, 20, 27, 99, 76, 82, 83, 49, 65}
	},
	{
		{98, 14, 97, 38, 75, 10, 18, 77, 15, 93},
		{40, 41, 75, 39, 32, 94, 97, 31, 43, 31},
		{98, 70, 74, 47, 52, 88, 12, 55, 44, 91},
		{60, 55, 91, 26, 73, 76, 66, 51, 12, 65},
		{35, 52, 43, 55, 10, 31, 87, 53, 86, 29},
		{37, 32, 14, 58, 46, 49, 43, 37, 33, 81},
		{22, 13, 26, 27, 37, 79, 64, 30, 98, 83},
		{34, 64, 73, 62, 73, 13, 18, 79, 85, 85},
		{98, 57, 40, 21, 72, 22, 62, 87, 12, 19},
		{54, 10, 15, 45, 96, 43, 33, 93, 29, 95},
		{84, 98, 77, 92, 64, 39, 29, 18, 73, 70},
		{55, 55, 60, 31, 97, 29, 73, 17, 76, 15},
		{81, 81, 74, 73, 17, 36, 37, 70, 61, 19},
		{23, 25, 43, 59, 96, 72, 29, 43, 66, 46},
		{59, 43, 36, 38, 93, 96, 32, 65, 90, 37},
		{89, 89, 72, 97, 94, 35, 25, 33, 26, 72},
		{78, 37, 10, 11, 51, 28, 77, 32, 87, 25},
		{33, 68, 41, 29, 12, 75, 92, 95, 50, 48},
		{87, 21, 77, 15, 59, 66, 48, 60, 51, 29},
		{68, 89, 61, 34, 46, 42, 70, 63, 70, 49},
		{51, 32, 12, 72, 11, 88, 98, 95, 71, 66},
		{81, 24, 49, 98, 80, 21, 69, 24, 64, 37},
		{22, 18, 58, 77, 75, 43, 60, 67, 44, 98},
		{59, 54, 98, 68, 98, 88, 50, 70, 50, 69},
		{20, 36, 98, 10, 47, 39, 93, 72, 75, 78},
		{77, 20, 34, 84, 65, 44, 39, 88, 36, 64},
		{99, 76, 76, 83, 48, 21, 64, 66, 85, 50},
		{11, 62, 70, 28, 69, 17, 61, 28, 10, 36},
		{20, 89, 51, 98, 81, 16, 86, 48, 71, 18},
		{82, 35, 68, 92, 86, 51, 68, 43, 48, 50},
		{79, 75, 95, 48, 87, 91, 26, 86, 63, 39},
		{38, 62, 80, 19, 18, 23, 39, 95, 82, 43},
		{31, 29, 25, 89, 33, 79, 97, 50, 82, 78},
		{47, 70, 69, 66, 96, 84, 88, 33, 10, 38},
		{69, 52, 61, 97, 59, 63, 94, 79, 20, 44},
		{31, 27, 78, 88, 97, 64, 29, 14, 28, 77},
		{58, 78, 17, 59, 27, 34, 88, 54, 17, 26},
		{31, 62, 24, 61, 53, 41, 61, 98, 62, 45},
		{81, 64, 15, 78, 93, 40, 83, 71, 55, 22},
		{97, 82, 14, 38, 23, 53, 93, 99, 58, 76},
		{27, 66, 64, 61, 62, 53, 65, 59, 17, 45},
		{51, 10, 33, 49, 10, 35, 45, 19, 79, 94},
		{50, 14, 89, 88, 56, 26, 20, 81, 41, 83},
		{23, 67, 47, 10, 43, 31, 95, 54, 63, 37},
		{36, 49, 81, 35, 79, 31, 80, 12, 28, 19},
		{50, 25, 11, 86, 61, 79, 39, 30, 99, 28},
		{31, 83, 99, 48, 50, 33, 35, 57, 39, 78},
		{60, 40, 63, 70, 94, 52, 38, 73, 47, 86},
		{79, 65, 74, 36, 42, 76, 43, 23, 28, 42},
		{18, 67, 22, 27, 54, 20, 19, 71, 46, 61}
	},
	{
		{81, 17, 18, 63, 75, 35, 81, 25, 23, 15},
		{63, 41, 98, 73, 14, 30, 98, 96, 31, 96},
		{94, 68, 93, 64, 39, 81, 90, 47, 86, 26},
		{98, 98, 44, 65, 62, 66, 75, 53, 73, 15},
		{42, 54, 44, 77, 41, 18, 98, 42, 55, 39},
		{44, 38, 61, 42, 48, 14, 42, 47, 76, 95},
		{77, 14, 74, 64, 47, 84, 54, 57, 28, 52},
		{33, 64, 74, 34, 87, 46, 98, 84, 44, 93},
		{85, 71, 59, 78, 33, 57, 35, 17, 23, 17},
		{96, 25, 65, 94, 14, 96, 22, 58, 91, 21},
		{37, 80, 87, 36, 99, 35, 37, 64, 42, 59},
		{70, 94, 32, 14, 19, 72, 37, 49, 16, 32},
		{90, 43, 79, 14, 17, 69, 90, 60, 76, 25},
		{70, 31, 38, 81, 44, 14, 80, 93, 95, 17},
		{75, 12, 96, 41, 82, 98, 36, 86, 26, 22},
		{38, 51, 46, 84, 86, 83, 47, 27, 99, 94},
		{50, 33, 98, 46, 38, 58, 64, 43, 69, 31},
		{25, 63, 62, 36, 58, 80, 60, 97, 68, 52},
		{11, 96, 33, 97, 13, 44, 73, 66, 61, 65},
		{64, 55, 36, 18, 58, 29, 92, 67, 41, 35},
		{50, 75, 30, 14, 87, 59, 28, 91, 40, 71},
		{48, 82, 45, 49, 33, 69, 40, 51, 54, 25},
		{77, 58, 81, 80, 48, 70, 72, 68, 76, 82},
		{45, 10, 79, 57, 87, 60, 76, 30, 27, 50},
		{11, 88, 93, 95, 29, 68, 35, 41, 21, 19},
		{45, 32, 60, 88, 54, 13, 91, 34, 36, 25},
		{89, 41, 34, 26, 78, 41, 60, 46, 84, 12},
		{11, 35, 81, 72, 66, 15, 37, 84, 95, 85},
		{81, 92, 60, 83, 28, 21, 49, 14, 76, 29},
		{27, 11, 95, 49, 44, 20, 16, 93, 18, 27},
		{62, 11, 11, 18, 13, 88, 31, 77, 59, 47},
		{71, 59, 56, 23, 32, 58, 82, 52, 68, 30},
		{56, 13, 31, 74, 52, 19, 74, 72, 58, 55},
		{64, 97, 65, 61, 34, 53, 15, 43, 31, 48},
		{76, 70, 72, 51, 98, 67, 62, 88, 71, 55},
		{47, 30, 56, 92, 57, 49, 28, 88, 96, 62},
		{18, 75, 64, 20, 61, 36, 16, 46, 72, 42},
		{88, 88, 68, 74, 27, 91, 21, 11, 75, 62},
		{62, 78, 19, 98, 52, 25, 79, 39, 14, 14},
		{53, 26, 89, 56, 65, 50, 54, 22, 28, 41},
		{70, 22, 86, 71, 33, 49, 53, 23, 41, 42},
		{66, 74, 35, 42, 54, 94, 89, 22, 51, 89},
		{31, 79, 41, 86, 87, 14, 34, 79, 14, 45},
		{51, 67, 48, 94, 37, 85, 32, 67, 29, 35},
		{68, 31, 57, 62, 55, 39, 15, 67, 83, 95},
		{83, 84, 93, 32, 66, 81, 47, 78, 14, 64},
		{76, 44, 62, 11, 46, 57, 21, 38, 77, 53},
		{16, 35, 20, 38, 38, 34, 87, 95, 53, 37},
		{83, 67, 24, 34, 88, 32, 92, 15, 12, 36},
		{36, 30, 67, 96, 92, 17, 28, 40, 37, 98}
	},
	{
		{40, 76, 39, 45, 87, 56, 17, 50, 42, 14},
		{15, 95, 23, 86, 57, 67, 54, 33, 66, 38},
		{25, 46, 96, 97, 29, 20, 80, 31, 63, 77},
		{96, 71, 95, 26, 51, 89, 38, 56, 55, 17},
		{86, 47, 44, 17, 88, 44, 65, 71, 82, 91},
		{49, 76, 64, 87, 58, 27, 67, 21, 10, 93},
		{57, 93, 81, 12, 66, 85, 52, 47, 95, 70},
		{99, 74, 85, 48, 30, 24, 56, 45, 11, 74},
		{67, 30, 10, 12, 16, 91, 57, 32, 35, 78},
		{71, 35, 40, 61, 88, 68, 26, 92, 75, 70},
		{80, 49, 16, 64, 89, 81, 73, 14, 62, 12},
		{17, 45, 69, 49, 52, 43, 15, 42, 32, 34},
		{78, 41, 56, 14, 22, 97, 17, 50, 86, 62},
		{41, 79, 11, 49, 30, 24, 41, 24, 78, 18},
		{53, 55, 84, 83, 25, 19, 62, 52, 92, 54},
		{83, 18, 69, 35, 16, 63, 85, 90, 16, 48},
		{34, 86, 51, 89, 65, 42, 47, 63, 27, 17},
		{86, 11, 91, 41, 23, 91, 57, 56, 23, 27},
		{79, 23, 95, 54, 30, 95, 99, 24, 11, 44},
		{17, 99, 52, 11, 21, 52, 82, 86, 66, 40},
		{43, 22, 45, 12, 18, 85, 74, 75, 41, 24},
		{46, 67, 83, 40, 61, 37, 82, 48, 55, 94},
		{62, 93, 62, 63, 32, 80, 85, 17, 49, 44},
		{16, 75, 71, 71, 20, 62, 33, 53, 57, 60},
		{53, 69, 21, 30, 85, 58, 60, 45, 12, 63},
		{95, 69, 19, 81, 26, 54, 93, 76, 63, 73},
		{98, 58, 81, 51, 31, 74, 26, 60, 64, 53},
		{96, 40, 21, 33, 14, 28, 89, 33, 79, 51},
		{79, 52, 46, 45, 54, 88, 22, 39, 58, 16},
		{14, 36, 23, 66, 25, 23, 85, 88, 89, 65},
		{33, 26, 71, 82, 58, 37, 21, 70, 25, 93},
		{59, 47, 67, 45, 38, 30, 73, 15, 93, 23},
		{17, 26, 88, 50, 98, 25, 56, 94, 61, 97},
		{54, 35, 32, 83, 27, 36, 10, 77, 32, 89},
		{41, 58, 46, 42, 18, 54, 36, 51, 46, 34},
		{93, 36, 27, 63, 96, 39, 25, 38, 20, 26},
		{86, 79, 37, 20, 40, 91, 68, 38, 85, 62},
		{39, 65, 31, 82, 48, 47, 79, 98, 64, 15},
		{24, 91, 52, 59, 72, 24, 28, 51, 79, 29},
		{44, 15, 32, 88, 92, 96, 30, 50, 59, 75},
		{32, 25, 35, 94, 42, 70, 69, 26, 65, 67},
		{42, 31, 97, 18, 67, 66, 50, 39, 23, 53},
		{93, 66, 13, 21, 82, 59, 61, 81, 14, 16},
		{47, 80, 37, 73, 72, 14, 89, 68, 59, 71},
		{90, 48, 72, 20, 71, 15, 33, 52, 94, 40},
		{15, 87, 98, 74, 76, 96, 93, 86, 75, 16},
		{37, 52, 13, 30, 84, 60, 29, 18, 70, 23},
		{43, 48, 33, 84, 31, 69, 39, 95, 34, 40},
		{17, 57, 34, 93, 49, 51, 21, 84, 25, 84},
		{49, 53, 71, 54, 77, 40, 79, 31, 49, 90}
	},
	{
		{62, 42, 88, 40, 54, 17, 95, 60, 54, 53},
		{27, 43, 13, 76, 95, 70, 59, 52, 85, 21},
		{74, 49, 92, 46, 55, 14, 23, 23, 51, 83},
		{65, 80, 95, 17, 70, 32, 86, 81, 71, 15},
		{99, 43, 10, 71, 36, 25, 65, 93, 58, 76},
		{96, 31, 28, 85, 10, 88, 25, 94, 43, 43},
		{36, 66, 29, 47, 60, 90, 49, 75, 19, 55},
		{93, 82, 16, 16, 60, 43, 47, 30, 63, 64},
		{42, 73, 46, 13, 27, 57, 64, 62, 27, 70},
		{29, 39, 27, 46, 94, 36, 82, 89, 93, 12},
		{18, 24, 85, 64, 22, 13, 13, 96, 39, 86},
		{39, 56, 51, 83, 40, 93, 84, 10, 67, 15},
		{20, 67, 77, 66, 40, 30, 94, 20, 87, 54},
		{98, 33, 13, 99, 24, 10, 92, 90, 10, 53},
		{64, 67, 43, 73, 95, 38, 90, 50, 78, 70},
		{22, 84, 26, 56, 19, 48, 19, 23, 11, 61},
		{59, 29, 80, 34, 49, 14, 17, 68, 44, 25},
		{93, 49, 81, 78, 64, 68, 10, 44, 67, 55},
		{36, 33, 75, 30, 18, 51, 15, 90, 51, 95},
		{38, 71, 12, 74, 89, 63, 34, 13, 30, 76},
		{97, 48, 65, 44, 43, 68, 27, 83, 13, 85},
		{96, 29, 39, 29, 98, 41, 30, 45, 77, 81},
		{33, 64, 89, 84, 61, 15, 23, 17, 99, 49},
		{38, 34, 22, 95, 36, 39, 44, 63, 71, 31},
		{55, 34, 89, 62, 92, 65, 21, 73, 80, 58},
		{85, 44, 20, 88, 26, 44, 15, 69, 13, 33},
		{67, 24, 38, 97, 68, 50, 47, 44, 50, 12},
		{99, 68, 85, 20, 76, 66, 90, 38, 79, 15},
		{56, 62, 91, 75, 46, 61, 22, 47, 72, 87},
		{13, 66, 46, 71, 33, 50, 46, 25, 95, 72},
		{52, 55, 96, 22, 59, 17, 43, 67, 77, 11},
		{72, 94, 88, 23, 85, 91, 47, 35, 91, 46},
		{19, 89, 36, 10, 92, 52, 38, 95, 24, 43},
		{30, 86, 37, 99, 31, 28, 21, 97, 71, 42},
		{53, 41, 16, 93, 25, 36, 83, 95, 95, 20},
		{92, 96, 69, 33, 36, 13, 84, 61, 39, 70},
		{89, 20, 12, 32, 31, 22, 23, 91, 93, 78},
		{26, 88, 20, 75, 39, 33, 99, 98, 74, 10},
		{19, 82, 56, 84, 36, 71, 21, 25, 67, 39},
		{49, 27, 18, 39, 31, 79, 97, 99, 88, 35},
		{92, 59, 72, 23, 61, 22, 24, 27, 14, 82},
		{33, 85, 12, 74, 46, 55, 40, 80, 56, 75},
		{46, 63, 38, 49, 94, 30, 55, 99, 99, 90},
		{97, 89, 24, 36, 20, 76, 35, 36, 19, 92},
		{59, 93, 97, 63, 17, 82, 67, 20, 98, 15},
		{89, 67, 30, 92, 16, 48, 73, 58, 10, 23},
		{32, 85, 71, 53, 87, 10, 41, 30, 85, 90},
		{32, 22, 56, 22, 58, 89, 84, 97, 36, 11},
		{82, 34, 76, 46, 62, 25, 53, 38, 92, 41},
		{87, 16, 46, 64, 14, 70, 45, 34, 14, 45}
	},
	{
		{18, 78, 10, 74, 93, 93, 96, 22, 91, 54},
		{91, 48, 15, 80, 12, 34, 55, 59, 32, 94},
		{78, 62, 36, 98, 88, 37, 77, 43, 73, 55},
		{99, 73, 12, 86, 13, 25, 27, 42, 37, 22},
		{73, 57, 31, 32, 60, 29, 25, 71, 60, 56},
		{78, 26, 31, 79, 15, 42, 77, 53, 89, 51},
		{91, 12, 66, 30, 96, 70, 11, 24, 78, 44},
		{92, 65, 40, 92, 89, 37, 45, 74, 82, 76},
		{53, 96, 80, 27, 78, 58, 26, 58, 85, 31},
		{51, 89, 66, 63, 85, 31, 82, 42, 97, 46},
		{68, 86, 67, 62, 50, 89, 16, 68, 21, 71},
		{57, 91, 96, 99, 98, 37, 74, 94, 55, 70},
		{78, 60, 44, 80, 69, 86, 96, 14, 23, 88},
		{80, 83, 27, 84, 41, 38, 65, 34, 84, 43},
		{33, 66, 67, 12, 56, 30, 25, 75, 59, 37},
		{27, 45, 20, 79, 35, 14, 16, 64, 10, 11},
		{99, 33, 22, 55, 21, 43, 58, 21, 47, 22},
		{95, 43, 57, 56, 57, 65, 84, 72, 48, 39},
		{70, 44, 26, 70, 57, 99, 54, 33, 22, 60},
		{90, 69, 26, 89, 65, 64, 94, 97, 81, 68},
		{93, 27, 69, 52, 34, 27, 64, 21, 95, 10},
		{10, 37, 52, 21, 82, 36, 63, 57, 26, 92},
		{85, 47, 16, 34, 21, 59, 55, 46, 17, 10},
		{89, 83, 24, 43, 26, 58, 29, 88, 12, 35},
		{41, 70, 87, 77, 45, 68, 46, 25, 45, 30},
		{75, 46, 55, 19, 64, 60, 89, 50, 43, 15},
		{86, 35, 61, 33, 34, 42, 10, 57, 56, 18},
		{90, 32, 39, 87, 72, 51, 61, 33, 26, 11},
		{72, 96, 79, 52, 92, 37, 52, 35, 28, 90},
		{45, 70, 45, 23, 68, 18, 78, 57, 37, 98},
		{16, 10, 65, 31, 59, 56, 62, 86, 73, 60},
		{65, 82, 92, 91, 69, 90, 52, 30, 20, 77},
		{24, 98, 48, 78, 26, 16, 46, 46, 59, 55},
		{55, 91, 22, 32, 45, 23, 84, 67, 96, 24},
		{85, 82, 42, 50, 63, 19, 28, 41, 42, 90},
		{49, 40, 51, 90, 41, 21, 17, 20, 17, 41},
		{72, 68, 21, 40, 39, 42, 90, 23, 81, 20},
		{83, 86, 89, 92, 26, 15, 61, 89, 35, 16},
		{89, 63, 54, 50, 16, 16, 66, 20, 17, 39},
		{83, 85, 78, 18, 48, 73, 92, 33, 60, 64},
		{64, 80, 62, 23, 32, 94, 56, 21, 79, 95},
		{13, 36, 63, 25, 78, 59, 85, 88, 27, 89},
		{36, 19, 96, 45, 92, 66, 66, 45, 44, 95},
		{46, 89, 68, 77, 62, 99, 80, 80, 65, 91},
		{68, 39, 36, 44, 52, 79, 47, 39, 57, 69},
		{33, 11, 96, 76, 56, 44, 24, 96, 90, 80},
		{92, 95, 94, 14, 94, 81, 86, 47, 98, 83},
		{34, 14, 35, 14, 43, 76, 39, 21, 87, 80},
		{67, 92, 22, 89, 36, 69, 92, 12, 44, 23},
		{52, 49, 39, 19, 98, 19, 88, 48, 89, 78}
	},
	{
		{62, 10, 38, 31, 28, 45, 84, 61, 24, 13},
		{61, 86, 11, 34, 20, 16, 83, 72, 72, 92},
		{89, 20, 64, 92, 25, 96, 69, 92, 51, 69},
		{33, 25, 24, 33, 61, 16, 79, 57, 26, 13},
		{94, 54, 89, 99, 40, 25, 69, 61, 10, 42},
		{37, 21, 43, 20, 14, 42, 14, 63, 53, 56},
		{54, 58, 86, 10, 15, 42, 78, 79, 86, 18},
		{40, 61, 98, 88, 44, 24, 42, 91, 69, 29},
		{95, 64, 47, 45, 88, 23, 46, 86, 18, 13},
		{28, 15, 94, 76, 14, 97, 45, 51, 55, 56},
		{25, 85, 26, 59, 85, 65, 17, 48, 24, 16},
		{59, 65, 92, 66, 14, 66, 57, 65, 45, 98},
		{47, 76, 67, 94, 40, 12, 64, 65, 62, 10},
		{42, 35, 62, 30, 32, 98, 19, 13, 23, 21},
		{31, 62, 55, 18, 13, 50, 50, 29, 66, 29},
		{67, 53, 70, 78, 39, 35, 27, 56, 58, 40},
		{41, 36, 68, 82, 95, 77, 93, 49, 38, 14},
		{48, 37, 47, 77, 98, 17, 56, 52, 61, 84},
		{98, 81, 92, 82, 40, 71, 54, 70, 82, 96},
		{13, 87, 76, 85, 57, 19, 52, 70, 82, 14},
		{24, 43, 16, 77, 44, 50, 75, 71, 68, 60},
		{49, 34, 26, 45, 79, 50, 87, 21, 73, 80},
		{60, 40, 59, 97, 42, 92, 86, 45, 76, 27},
		{58, 47, 92, 11, 17, 14, 50, 75, 62, 70},
		{85, 12, 32, 25, 70, 61, 12, 46, 20, 91},
		{14, 40, 75, 67, 36, 51, 83, 64, 38, 28},
		{88, 30, 74, 16, 71, 39, 34, 85, 30, 96},
		{85, 65, 30, 38, 10, 29, 66, 72, 35, 47},
		{21, 10, 25, 64, 43, 89, 72, 79, 73, 13},
		{72, 58, 45, 36, 71, 85, 38, 33, 35, 76},
		{69, 26, 17, 92, 22, 84, 85, 75, 43, 37},
		{81, 75, 87, 54, 58, 46, 26, 88, 59, 97},
		{88, 42, 37, 94, 12, 70, 18, 37, 18, 75},
		{14, 55, 16, 23, 81, 48, 54, 27, 21, 18},
		{98, 57, 80, 92, 72, 52, 92, 98, 62, 24},
		{96, 39, 82, 84, 64, 90, 76, 28, 82, 72},
		{57, 55, 42, 72, 21, 21, 36, 29, 69, 25},
		{10, 84, 19, 15, 53, 87, 16, 67, 10, 42},
		{47, 48, 10, 57, 11, 50, 27, 64, 19, 82},
		{21, 85, 97, 71, 66, 14, 93, 52, 19, 87},
		{60, 23, 40, 89, 95, 26, 61, 61, 42, 40},
		{59, 61, 13, 36, 41, 47, 26, 35, 41, 41},
		{76, 98, 47, 20, 33, 62, 57, 39, 29, 94},
		{80, 48, 50, 81, 48, 81, 86, 29, 37, 14},
		{10, 91, 15, 65, 89, 24, 30, 86, 48, 84},
		{16, 40, 21, 83, 85, 60, 18, 12, 32, 83},
		{61, 53, 26, 84, 91, 24, 70, 20, 87, 70},
		{76, 47, 65, 85, 46, 12, 32, 49, 32, 24},
		{17, 82, 29, 32, 32, 29, 59, 90, 39, 22},
		{14, 37, 94, 68, 99, 79, 14, 39, 14, 74}
	},
	{
		{59, 83, 22, 96, 42, 91, 40, 72, 85, 46},
		{66, 32, 94, 71, 61, 35, 43, 12, 49, 40},
		{68, 59, 76, 27, 32, 28, 46, 43, 62, 66},
		{15, 31, 60, 58, 55, 78, 68, 77, 79, 44},
		{41, 17, 40, 42, 80, 42, 13, 31, 31, 42},
		{13, 21, 39, 90, 92, 89, 28, 47, 41, 20},
		{46, 95, 72, 84, 57, 14, 23, 67, 86, 47},
		{72, 77, 24, 58, 61, 80, 53, 97, 98, 58},
		{40, 52, 33, 45, 43, 51, 37, 29, 31, 93},
		{15, 12, 61, 31, 93, 32, 20, 42, 68, 54},
		{46, 24, 86, 85, 62, 92, 40, 43, 65, 26},
		{28, 75, 67, 15, 80, 21, 27, 53, 43, 55},
		{32, 95, 73, 59, 22, 60, 92, 45, 41, 52},
		{56, 89, 88, 42, 63, 40, 90, 35, 38, 89},
		{45, 81, 40, 84, 64, 70, 17, 41, 23, 32},
		{62, 92, 20, 63, 49, 48, 21, 15, 28, 95},
		{10, 23, 72, 65, 47, 72, 35, 47, 61, 94},
		{57, 31, 28, 89, 19, 79, 59, 16, 29, 93},
		{33, 62, 16, 89, 85, 47, 95, 63, 49, 86},
		{96, 91, 85, 61, 91, 16, 67, 70, 35, 93},
		{28, 11, 49, 86, 78, 38, 41, 51, 83, 28},
		{56, 12, 61, 54, 87, 78, 76, 19, 84, 56},
		{60, 66, 41, 61, 64, 52, 77, 79, 79, 96},
		{74, 38, 59, 46, 47, 86, 58, 17, 37, 85},
		{83, 45, 34, 33, 73, 78, 13, 85, 45, 35},
		{71, 45, 81, 95, 65, 95, 84, 84, 74, 72},
		{74, 88, 46, 14, 82, 15, 68, 38, 19, 38},
		{23, 58, 46, 95, 97, 34, 24, 71, 93, 21},
		{70, 46, 95, 31, 57, 54, 30, 98, 35, 86},
		{91, 82, 28, 91, 46, 80, 52, 26, 61, 91},
		{98, 48, 48, 61, 73, 93, 28, 45, 76, 79},
		{24, 18, 43, 17, 20, 37, 17, 11, 19, 77},
		{77, 96, 94, 49, 94, 20, 57, 33, 86, 53},
		{57, 96, 58, 22, 75, 19, 98, 72, 93, 23},
		{23, 48, 82, 59, 99, 46, 71, 83, 60, 25},
		{13, 39, 70, 82, 42, 85, 46, 65, 28, 30},
		{12, 15, 99, 45, 67, 96, 61, 92, 70, 89},
		{87, 11, 69, 95, 60, 65, 16, 46, 39, 69},
		{48, 95, 69, 60, 28, 52, 55, 85, 42, 88},
		{23, 20, 23, 60, 53, 77, 71, 90, 97, 20},
		{96, 94, 54, 96, 17, 83, 31, 98, 15, 51},
		{24, 22, 81, 26, 51, 62, 14, 80, 26, 13},
		{20, 33, 96, 70, 33, 90, 46, 28, 77, 86},
		{15, 30, 52, 13, 62, 61, 68, 43, 84, 26},
		{72, 93, 88, 13, 66, 82, 23, 89, 70, 78},
		{17, 64, 84, 44, 66, 46, 63, 28, 59, 53},
		{49, 16, 90, 14, 81, 87, 95, 84, 57, 61},
		{28, 13, 20, 39, 82, 64, 26, 97, 39, 87},
		{88, 13, 16, 83, 92, 90, 15, 48, 18, 46},
		{34, 97, 20, 11, 68, 36, 18, 32, 80, 67}
	},
	{
		{59, 56, 23, 88, 62, 33, 18, 69, 89, 57},
		{77, 99, 86, 36, 79, 83, 61, 70, 61, 64},
		{47, 28, 54, 50, 23, 15, 98, 19, 69, 31},
		{41, 16, 33, 18, 27, 99, 74, 13, 73, 65},
		{47, 33, 69, 66, 34, 96, 96, 44, 35, 11},
		{47, 10, 30, 75, 42, 79, 97, 30, 46, 72},
		{70, 12, 88, 52, 51, 87, 23, 22, 47, 17},
		{94, 47, 20, 88, 16, 93, 38, 86, 29, 19},
		{53, 23, 64, 22, 66, 59, 98, 22, 54, 89},
		{94, 31, 24, 78, 23, 41, 23, 30, 99, 15},
		{89, 38, 78, 95, 83, 34, 73, 77, 89, 84},
		{42, 40, 68, 36, 24, 59, 55, 81, 22, 28},
		{52, 18, 94, 60, 30, 14, 11, 15, 88, 31},
		{70, 90, 69, 98, 71, 68, 71, 79, 63, 25},
		{66, 63, 25, 18, 33, 33, 12, 39, 90, 65},
		{74, 16, 88, 31, 27, 94, 93, 42, 90, 25},
		{54, 42, 36, 69, 98, 29, 82, 12, 43, 12},
		{79, 71, 44, 38, 92, 48, 24, 25, 11, 12},
		{67, 86, 99, 69, 29, 33, 77, 74, 30, 56},
		{85, 30, 38, 96, 18, 80, 61, 49, 17, 44},
		{14, 15, 88, 40, 97, 30, 82, 98, 55, 98},
		{86, 99, 98, 53, 56, 36, 77, 27, 61, 76},
		{29, 40, 13, 25, 78, 91, 29, 53, 13, 32},
		{24, 64, 68, 24, 47, 80, 49, 31, 42, 72},
		{79, 76, 39, 83, 73, 28, 38, 25, 57, 39},
		{18, 42, 10, 19, 86, 11, 84, 11, 94, 79},
		{93, 90, 64, 39, 87, 22, 90, 43, 52, 63},
		{19, 84, 83, 11, 32, 86, 46, 64, 33, 68},
		{11, 38, 70, 82, 98, 91, 56, 20, 81, 26},
		{63, 29, 50, 65, 19, 84, 87, 88, 96, 33},
		{10, 75, 55, 79, 99, 87, 49, 87, 49, 75},
		{59, 61, 29, 33, 93, 89, 97, 10, 45, 47},
		{50, 81, 48, 94, 76, 32, 42, 79, 27, 85},
		{35, 85, 21, 16, 58, 19, 98, 13, 85, 67},
		{49, 56, 42, 33, 94, 52, 92, 73, 37, 48},
		{44, 87, 84, 27, 77, 17, 14, 85, 12, 60},
		{91, 83, 64, 89, 89, 97, 30, 51, 55, 71},
		{20, 13, 80, 79, 31, 16, 73, 45, 17, 65},
		{40, 69, 35, 72, 45, 35, 33, 27, 88, 15},
		{96, 98, 85, 48, 60, 74, 46, 92, 25, 13},
		{97, 41, 95, 40, 97, 36, 22, 17, 48, 56},
		{85, 62, 42, 91, 73, 79, 24, 42, 79, 50},
		{24, 57, 95, 28, 76, 85, 83, 88, 33, 13},
		{33, 17, 37, 38, 11, 80, 44, 52, 75, 68},
		{88, 13, 55, 99, 58, 32, 83, 65, 40, 30},
		{36, 42, 21, 89, 88, 92, 71, 30, 53, 48},
		{63, 58, 40, 20, 31, 66, 84, 23, 12, 88},
		{98, 44, 86, 66, 19, 22, 13, 92, 87, 52},
		{89, 53, 32, 47, 64, 26, 82, 25, 53, 13},
		{86, 56, 45, 34, 10, 28, 48, 84, 48, 14}
	}
}