alpha=0.2
gamma=0.6
selection_rate=1
max_gen=2000
job_num=50
machine_num=15
pop_size=100
Threshold=7492
scenario_num=20
{
	{
		{25, 73, 58, 24, 29, 20, 18, 43, 67, 43, 43, 89, 68, 33, 50},
		{78, 55, 54, 72, 93, 40, 76, 66, 35, 40, 31, 46, 39, 65, 65},
		{16, 29, 48, 31, 88, 82, 91, 91, 14, 96, 59, 87, 90, 91, 79},
		{53, 51, 36, 76, 74, 27, 93, 12, 43, 46, 87, 14, 30, 92, 62},
		{36, 59, 98, 35, 33, 67, 59, 33, 91, 31, 77, 41, 48, 27, 58},
		{41, 55, 80, 42, 25, 26, 43, 60, 48, 26, 97, 35, 32, 60, 88},
		{64, 99, 49, 79, 96, 18, 68, 57, 38, 77, 26, 80, 39, 25, 54},
		{31, 96, 41, 23, 78, 49, 37, 60, 31, 78, 54, 67, 25, 73, 67},
		{11, 28, 44, 71, 76, 57, 30, 88, 75, 28, 52, 95, 25, 40, 98},
		{36, 82, 58, 82, 64, 88, 91, 68, 87, 21, 58, 91, 97, 69, 88},
		{65, 25, 47, 30, 39, 24, 46, 35, 42, 34, 19, 21, 53, 74, 59},
		{25, 90, 33, 44, 60, 55, 74, 82, 56, 85, 75, 73, 78, 78, 53},
		{46, 86, 66, 19, 56, 20, 20, 37, 46, 12, 89, 92, 36, 10, 90},
		{89, 60, 46, 33, 84, 30, 95, 39, 62, 49, 20, 28, 44, 54, 18},
		{85, 84, 29, 65, 70, 34, 21, 50, 20, 68, 59, 90, 67, 81, 62},
		{43, 76, 29, 76, 28, 36, 20, 75, 30, 60, 38, 70, 57, 32, 38},
		{92, 67, 91, 51, 13, 91, 48, 98, 81, 32, 32, 16, 78, 10, 19},
		{64, 99, 30, 48, 79, 15, 68, 64, 80, 51, 72, 65, 65, 47, 11},
		{28, 27, 21, 52, 55, 67, 19, 36, 76, 58, 57, 32, 78, 59, 28},
		{95, 22, 15, 13, 23, 55, 67, 18, 23, 16, 14, 39, 73, 73, 55},
		{56, 93, 31, 41, 22, 87, 56, 55, 40, 69, 46, 71, 61, 12, 13},
		{16, 26, 99, 29, 94, 25, 59, 85, 81, 32, 50, 65, 41, 56, 50},
		{32, 18, 88, 65, 73, 97, 12, 90, 94, 66, 32, 54, 20, 54, 96},
		{20, 17, 35, 96, 66, 16, 58, 57, 85, 21, 29, 19, 26, 68, 53},
		{91, 96, 26, 81, 32, 87, 26, 41, 58, 27, 52, 94, 80, 80, 48},
		{76, 44, 92, 43, 34, 41, 14, 43, 74, 88, 97, 30, 67, 49, 30},
		{76, 26, 33, 87, 13, 42, 72, 44, 97, 41, 52, 55, 82, 83, 63},
		{49, 43, 99, 12, 18, 96, 45, 29, 66, 72, 87, 39, 80, 43, 77},
		{38, 18, 43, 46, 20, 70, 24, 50, 54, 99, 32, 58, 15, 96, 40},
		{50, 81, 74, 88, 57, 17, 37, 58, 10, 53, 10, 10, 12, 82, 45},
		{90, 69, 15, 92, 21, 39, 73, 84, 92, 97, 13, 58, 17, 20, 21},
		{82, 79, 83, 73, 38, 21, 12, 88, 30, 65, 16, 31, 34, 95, 99},
		{64, 10, 41, 28, 37, 68, 26, 10, 48, 58, 87, 15, 33, 67, 64},
		{66, 33, 42, 92, 74, 55, 40, 54, 86, 62, 78, 33, 61, 54, 86},
		{20, 49, 42, 44, 12, 19, 17, 20, 67, 89, 31, 57, 76, 72, 80},
		{50, 97, 72, 68, 79, 69, 16, 69, 76, 80, 37, 14, 55, 83, 52},
		{70, 94, 92, 46, 16, 69, 22, 69, 48, 97, 83, 11, 64, 70, 97},
		{91, 74, 47, 39, 56, 51, 68, 96, 92, 16, 65, 84, 23, 35, 99},
		{62, 56, 87, 89, 89, 83, 39, 39, 83, 48, 52, 42, 98, 72, 85},
		{24, 29, 43, 93, 33, 52, 26, 25, 96, 49, 69, 93, 58, 57, 43},
		{96, 89, 23, 32, 72, 12, 93, 41, 48, 26, 24, 56, 39, 70, 94},
		{40, 47, 76, 26, 39, 64, 82, 73, 18, 97, 62, 20, 98, 73, 67},
		{62, 17, 28, 17, 89, 65, 15, 14, 51, 83, 87, 63, 41, 70, 12},
		{28, 12, 98, 10, 47, 59, 27, 54, 96, 62, 59, 74, 66, 98, 49},
		{45, 24, 14, 55, 21, 52, 27, 69, 15, 47, 95, 24, 98, 51, 76},
		{86, 74, 51, 83, 23, 75, 39, 60, 65, 59, 65, 77, 77, 30, 64},
		{63, 13, 97, 52, 54, 14, 97, 27, 94, 84, 22, 51, 90, 81, 93},
		{91, 71, 24, 55, 37, 93, 95, 28, 28, 73, 11, 10, 62, 30, 33},
		{63, 40, 99, 54, 15, 24, 71, 32, 47, 36, 68, 74, 96, 49, 56},
		{46, 11, 22, 45, 58, 84, 18, 13, 69, 53, 25, 12, 59, 28, 40}
	},
	{
		{70, 74, 75, 60, 89, 86, 28, 30, 49, 76, 29, 81, 92, 37, 59},
		{34, 58, 86, 32, 88, 68, 45, 22, 76, 64, 24, 57, 68, 62, 80},
		{55, 15, 19, 86, 26, 80, 63, 55, 36, 24, 51, 49, 96, 23, 36},
		{47, 40, 84, 99, 44, 17, 81, 68, 65, 47, 38, 68, 65, 62, 10},
		{41, 28, 38, 24, 70, 75, 37, 24, 14, 85, 77, 51, 84, 92, 81},
		{52, 42, 19, 18, 75, 71, 15, 84, 16, 99, 79, 65, 16, 20, 20},
		{64, 90, 65, 55, 42, 38, 54, 79, 54, 39, 24, 42, 73, 52, 63},
		{38, 88, 83, 56, 22, 83, 73, 62, 22, 32, 20, 38, 99, 55, 71},
		{21, 59, 65, 11, 15, 31, 78, 61, 29, 62, 26, 73, 74, 87, 73},
		{44, 40, 84, 31, 20, 36, 18, 45, 11, 87, 74, 42, 83, 16, 96},
		{29, 26, 36, 63, 55, 40, 22, 73, 74, 12, 19, 10, 87, 79, 98},
		{18, 89, 28, 63, 22, 89, 31, 48, 47, 47, 29, 26, 50, 58, 25},
		{54, 61, 17, 53, 86, 55, 54, 47, 75, 75, 23, 94, 68, 29, 51},
		{73, 39, 48, 84, 49, 35, 29, 69, 16, 23, 91, 32, 43, 83, 73},
		{60, 93, 15, 89, 40, 35, 35, 96, 56, 92, 19, 31, 73, 98, 82},
		{56, 11, 33, 82, 53, 66, 20, 91, 81, 72, 96, 46, 17, 73, 90},
		{62, 98, 34, 88, 74, 46, 31, 35, 13, 61, 61, 20, 74, 16, 29},
		{44, 23, 67, 39, 49, 77, 30, 53, 47, 82, 39, 57, 42, 80, 39},
		{28, 56, 55, 33, 40, 99, 24, 46, 55, 32, 85, 34, 99, 14, 99},
		{81, 31, 82, 19, 24, 15, 82, 68, 69, 77, 94, 94, 43, 66, 48},
		{63, 56, 88, 29, 14, 33, 17, 55, 52, 44, 47, 20, 67, 17, 12},
		{58, 52, 68, 19, 15, 33, 72, 41, 94, 46, 75, 95, 46, 52, 32},
		{32, 20, 58, 87, 51, 69, 45, 83, 18, 67, 43, 48, 49, 55, 50},
		{37, 36, 97, 96, 48, 71, 35, 49, 37, 13, 60, 11, 37, 61, 74},
		{24, 95, 57, 97, 81, 71, 79, 93, 19, 34, 52, 42, 84, 51, 87},
		{12, 75, 61, 52, 52, 18, 95, 57, 40, 92, 98, 86, 74, 26, 71},
		{14, 92, 51, 33, 90, 21, 25, 83, 37, 26, 70, 21, 45, 67, 88},
		{27, 48, 59, 45, 84, 24, 46, 91, 30, 14, 34, 37, 92, 64, 17},
		{86, 71, 13, 77, 81, 51, 10, 52, 72, 77, 80, 88, 86, 34, 48},
		{78, 45, 88, 50, 95, 36, 88, 27, 43, 25, 27, 11, 18, 62, 50},
		{82, 27, 16, 55, 31, 28, 89, 54, 42, 67, 13, 12, 97, 33, 10},
		{23, 56, 68, 14, 29, 49, 32, 48, 79, 22, 57, 34, 28, 31, 23},
		{84, 89, 99, 68, 86, 32, 97, 73, 24, 19, 26, 48, 96, 79, 90},
		{61, 86, 13, 92, 42, 92, 13, 72, 37, 20, 57, 97, 89, 78, 88},
		{37, 18, 13, 79, 72, 55, 14, 32, 16, 85, 29, 87, 32, 11, 64},
		{16, 30, 61, 92, 74, 44, 92, 16, 96, 40, 85, 41, 67, 11, 65},
		{80, 61, 93, 50, 84, 69, 94, 17, 31, 51, 46, 14, 61, 32, 89},
		{30, 57, 63, 42, 84, 93, 51, 39, 37, 99, 62, 74, 10, 82, 49},
		{39, 46, 69, 19, 85, 87, 36, 79, 45, 86, 10, 15, 36, 55, 92},
		{80, 57, 74, 91, 28, 53, 18, 23, 83, 76, 34, 83, 76, 66, 47},
		{16, 23, 26, 74, 13, 67, 46, 34, 82, 50, 23, 46, 68, 71, 88},
		{94, 47, 53, 92, 26, 99, 76, 32, 90, 89, 26, 79, 76, 30, 12},
		{15, 75, 37, 63, 13, 27, 36, 98, 68, 71, 47, 82, 37, 55, 72},
		{39, 68, 52, 71, 34, 77, 45, 57, 68, 84, 15, 94, 79, 82, 49},
		{13, 82, 47, 66, 26, 30, 81, 29, 51, 57, 51, 22, 60, 32, 83},
		{20, 24, 37, 78, 25, 55, 18, 45, 69, 27, 95, 54, 29, 35, 19},
		{40, 98, 53, 33, 19, 48, 41, 30, 15, 50, 87, 73, 11, 36, 95},
		{13, 21, 54, 70, 43, 36, 77, 33, 67, 83, 93, 64, 83, 96, 48},
		{30, 90, 49, 47, 74, 70, 46, 40, 89, 60, 75, 78, 79, 90, 62},
		{92, 97, 21, 67, 74, 95, 21, 23, 21, 69, 81, 62, 34, 23, 20}
	},
	{
		{20, 54, 28, 12, 33, 92, 44, 26, 11, 13, 73, 60, 45, 97, 97},
		{18, 96, 48, 15, 45, 51, 84, 82, 94, 83, 40, 55, 42, 58, 42},
		{22, 95, 12, 95, 15, 34, 92, 63, 57, 67, 72, 18, 82, 84, 56},
		{65, 30, 17, 51, 41, 47, 79, 40, 98, 10, 19, 40, 85, 74, 89},
		{24, 45, 53, 62, 88, 99, 28, 86, 74, 55, 25, 42, 31, 32, 34},
		{41, 31, 99, 93, 89, 16, 67, 18, 32, 33, 47, 15, 15, 38, 73},
		{82, 42, 97, 43, 39, 36, 97, 57, 24, 17, 30, 53, 15, 25, 71},
		{81, 48, 79, 20, 53, 67, 52, 60, 83, 27, 78, 78, 92, 84, 14},
		{53, 45, 24, 90, 45, 14, 74, 21, 98, 26, 82, 10, 92, 38, 70},
		{56, 65, 17, 82, 44, 90, 74, 68, 90, 38, 87, 10, 88, 93, 86},
		{52, 82, 39, 65, 20, 67, 30, 37, 12, 19, 87, 21, 14, 25, 35},
		{40, 26, 95, 95, 12, 85, 10, 10, 25, 93, 60, 36, 39, 48, 79},
		{96, 48, 82, 51, 39, 23, 71, 24, 61, 67, 54, 35, 97, 69, 94},
		{18, 12, 60, 53, 27, 16, 37, 37, 16, 11, 73, 64, 96, 30, 64},
		{24, 49, 94, 36, 11, 81, 92, 33, 39, 76, 12, 93, 91, 81, 10},
		{17, 24, 55, 21, 93, 32, 37, 88, 26, 63, 47, 42, 87, 50, 80},
		{75, 52, 57, 86, 81, 20, 35, 74, 91, 61, 37, 56, 30, 58, 60},
		{11, 43, 38, 46, 53, 11, 80, 76, 30, 10, 39, 29, 28, 22, 22},
		{84, 75, 56, 12, 19, 64, 24, 31, 36, 88, 91, 91, 27, 93, 61},
		{70, 78, 45, 33, 14, 73, 20, 75, 65, 66, 13, 46, 91, 83, 34},
		{99, 36, 89, 60, 43, 17, 47, 56, 95, 10, 19, 72, 99, 31, 61},
		{97, 92, 84, 62, 49, 70, 91, 87, 10, 60, 56, 68, 18, 72, 29},
		{60, 15, 61, 82, 29, 98, 74, 93, 44, 26, 94, 64, 79, 67, 20},
		{77, 76, 54, 36, 62, 89, 98, 39, 67, 66, 78, 58, 40, 70, 33},
		{56, 68, 42, 55, 66, 87, 74, 27, 75, 51, 71, 18, 98, 87, 69},
		{99, 40, 80, 55, 79, 65, 15, 55, 11, 12, 80, 39, 11, 29, 50},
		{54, 84, 23, 39, 46, 82, 81, 59, 46, 37, 45, 74, 20, 66, 42},
		{87, 74, 72, 43, 50, 25, 50, 14, 38, 77, 28, 65, 66, 90, 74},
		{81, 32, 98, 50, 42, 96, 65, 76, 55, 15, 53, 82, 40, 28, 89},
		{95, 42, 45, 23, 30, 95, 27, 30, 94, 69, 48, 18, 40, 58, 52},
		{43, 18, 60, 38, 13, 53, 36, 13, 61, 84, 96, 83, 21, 50, 60},
		{87, 63, 44, 57, 62, 94, 47, 36, 22, 74, 72, 21, 26, 21, 29},
		{27, 15, 10, 69, 42, 66, 76, 29, 81, 50, 28, 21, 46, 54, 90},
		{98, 21, 69, 11, 89, 56, 60, 14, 37, 74, 64, 69, 72, 38, 84},
		{32, 70, 87, 46, 59, 73, 31, 23, 57, 67, 60, 67, 23, 26, 34},
		{49, 56, 29, 13, 44, 43, 20, 40, 57, 46, 71, 70, 56, 61, 85},
		{36, 25, 47, 38, 94, 66, 85, 10, 58, 52, 10, 36, 89, 86, 20},
		{49, 72, 15, 24, 39, 81, 61, 48, 71, 26, 25, 59, 24, 69, 46},
		{12, 12, 88, 74, 57, 89, 74, 13, 72, 20, 45, 13, 63, 32, 97},
		{17, 37, 72, 54, 12, 47, 37, 26, 58, 10, 35, 83, 75, 75, 85},
		{84, 41, 92, 56, 85, 64, 87, 84, 33, 19, 78, 59, 37, 14, 51},
		{37, 41, 40, 64, 54, 55, 94, 83, 71, 69, 25, 62, 41, 93, 33},
		{10, 13, 30, 25, 67, 40, 70, 13, 57, 18, 20, 19, 70, 72, 78},
		{42, 40, 73, 64, 12, 84, 36, 27, 99, 38, 86, 35, 77, 83, 92},
		{55, 91, 92, 93, 50, 14, 31, 60, 55, 52, 83, 53, 58, 61, 22},
		{86, 58, 97, 85, 17, 93, 14, 64, 90, 15, 12, 77, 72, 39, 91},
		{71, 82, 11, 90, 95, 59, 57, 44, 26, 19, 38, 71, 93, 91, 52},
		{95, 13, 33, 52, 40, 60, 20, 28, 43, 88, 67, 76, 39, 30, 99},
		{64, 31, 35, 78, 50, 11, 53, 61, 36, 82, 92, 11, 23, 71, 67},
		{89, 34, 23, 58, 41, 45, 53, 87, 75, 78, 91, 44, 74, 40, 43}
	},
	{
		{43, 45, 97, 35, 92, 38, 45, 18, 68, 46, 74, 86, 92, 10, 52},
		{26, 26, 99, 97, 83, 92, 39, 16, 17, 10, 90, 41, 48, 14, 92},
		{34, 21, 36, 23, 98, 23, 54, 81, 36, 97, 87, 84, 93, 23, 11},
		{74, 99, 11, 17, 67, 17, 77, 74, 93, 53, 31, 19, 93, 74, 83},
		{22, 28, 74, 61, 48, 48, 21, 78, 67, 24, 36, 13, 86, 48, 39},
		{68, 59, 75, 23, 61, 90, 97, 93, 67, 79, 57, 87, 40, 75, 25},
		{62, 52, 85, 96, 88, 78, 57, 74, 28, 80, 11, 75, 36, 74, 40},
		{28, 18, 36, 29, 68, 49, 93, 55, 59, 45, 36, 44, 49, 82, 99},
		{40, 29, 29, 67, 78, 40, 45, 63, 16, 15, 61, 76, 81, 12, 53},
		{94, 37, 18, 79, 82, 62, 85, 67, 61, 10, 15, 62, 42, 38, 70},
		{46, 48, 65, 77, 46, 79, 45, 25, 68, 24, 50, 25, 44, 98, 35},
		{32, 77, 82, 74, 24, 42, 81, 71, 73, 62, 83, 81, 78, 16, 65},
		{55, 73, 99, 87, 61, 66, 38, 74, 85, 96, 27, 10, 41, 17, 23},
		{33, 75, 83, 64, 84, 74, 12, 80, 89, 39, 80, 86, 50, 72, 83},
		{34, 15, 99, 22, 49, 67, 68, 33, 39, 39, 50, 39, 82, 80, 73},
		{31, 21, 15, 77, 63, 21, 31, 90, 47, 54, 18, 44, 45, 46, 69},
		{85, 84, 37, 75, 22, 17, 23, 24, 19, 76, 86, 31, 58, 52, 60},
		{66, 63, 20, 86, 16, 76, 77, 60, 22, 71, 76, 40, 51, 79, 60},
		{22, 93, 92, 26, 57, 63, 12, 62, 46, 77, 57, 76, 20, 24, 67},
		{71, 56, 24, 32, 62, 61, 68, 85, 40, 20, 80, 53, 30, 30, 57},
		{73, 47, 64, 81, 27, 99, 72, 24, 82, 63, 38, 97, 95, 53, 85},
		{30, 64, 88, 13, 45, 65, 39, 29, 15, 21, 43, 31, 72, 33, 81},
		{33, 66, 61, 16, 51, 21, 67, 26, 73, 12, 53, 77, 96, 94, 19},
		{90, 43, 54, 80, 29, 14, 24, 98, 82, 54, 15, 99, 93, 24, 61},
		{86, 36, 20, 95, 85, 87, 26, 19, 34, 67, 28, 42, 78, 55, 98},
		{51, 94, 43, 39, 39, 32, 45, 75, 64, 27, 83, 22, 62, 25, 49},
		{51, 47, 21, 59, 34, 95, 27, 81, 80, 25, 16, 57, 99, 34, 83},
		{32, 77, 85, 93, 17, 57, 48, 87, 69, 95, 65, 83, 30, 16, 20},
		{74, 31, 87, 61, 52, 85, 79, 95, 87, 33, 57, 47, 89, 95, 36},
		{26, 66, 87, 90, 75, 15, 11, 34, 69, 54, 36, 57, 45, 54, 18},
		{24, 50, 92, 65, 64, 97, 76, 15, 46, 29, 13, 39, 31, 51, 24},
		{69, 21, 28, 33, 51, 42, 14, 98, 27, 94, 97, 33, 29, 79, 99},
		{31, 95, 88, 67, 23, 46, 32, 19, 45, 37, 22, 73, 87, 78, 69},
		{91, 99, 71, 33, 22, 16, 34, 27, 68, 75, 93, 55, 19, 68, 96},
		{64, 18, 34, 28, 56, 68, 83, 35, 72, 48, 77, 65, 31, 41, 93},
		{39, 60, 41, 71, 39, 82, 65, 55, 48, 49, 29, 86, 51, 21, 65},
		{91, 93, 19, 29, 45, 60, 66, 91, 20, 51, 51, 42, 55, 30, 62},
		{52, 62, 60, 29, 37, 98, 30, 80, 85, 83, 53, 93, 48, 61, 26},
		{12, 75, 98, 48, 95, 38, 18, 38, 81, 24, 77, 22, 55, 19, 20},
		{81, 20, 40, 86, 13, 12, 95, 31, 81, 37, 86, 98, 18, 34, 56},
		{42, 51, 79, 23, 10, 83, 67, 70, 91, 90, 25, 79, 32, 64, 91},
		{12, 82, 50, 43, 23, 80, 10, 13, 72, 32, 62, 82, 49, 37, 73},
		{49, 31, 28, 42, 70, 76, 67, 31, 46, 88, 95, 93, 62, 46, 59},
		{93, 67, 45, 97, 15, 39, 74, 65, 13, 92, 99, 25, 55, 54, 77},
		{19, 38, 21, 70, 88, 80, 97, 95, 34, 41, 81, 11, 53, 51, 22},
		{48, 70, 14, 37, 15, 53, 49, 27, 19, 16, 69, 89, 40, 72, 34},
		{59, 77, 93, 12, 66, 29, 66, 67, 44, 41, 60, 54, 65, 53, 84},
		{81, 69, 76, 55, 96, 84, 33, 74, 37, 75, 51, 85, 25, 90, 18},
		{77, 44, 67, 54, 10, 24, 19, 29, 11, 27, 25, 23, 79, 37, 34},
		{34, 83, 72, 74, 23, 14, 79, 64, 58, 33, 49, 54, 25, 39, 19}
	},
	{
		{88, 94, 18, 53, 43, 22, 10, 82, 48, 34, 19, 78, 12, 62, 27},
		{74, 16, 17, 68, 42, 74, 40, 69, 58, 16, 33, 53, 22, 59, 84},
		{14, 37, 67, 81, 18, 12, 70, 53, 96, 75, 95, 57, 92, 26, 21},
		{30, 26, 84, 60, 70, 49, 24, 65, 50, 28, 51, 51, 10, 80, 60},
		{12, 38, 54, 79, 97, 27, 31, 79, 43, 47, 81, 18, 41, 60, 76},
		{12, 93, 46, 81, 48, 56, 77, 18, 92, 20, 94, 34, 75, 69, 55},
		{35, 90, 35, 82, 50, 29, 54, 25, 66, 67, 64, 28, 55, 35, 63},
		{75, 31, 65, 36, 15, 74, 76, 22, 84, 30, 66, 54, 58, 18, 93},
		{96, 72, 48, 93, 58, 75, 29, 44, 85, 51, 89, 71, 42, 16, 86},
		{11, 49, 24, 88, 88, 91, 53, 86, 52, 36, 71, 16, 72, 17, 94},
		{34, 44, 11, 51, 38, 12, 13, 36, 24, 22, 13, 13, 48, 71, 83},
		{53, 94, 68, 71, 54, 79, 93, 28, 41, 38, 93, 87, 20, 78, 93},
		{85, 92, 21, 53, 66, 93, 33, 57, 70, 78, 92, 58, 66, 69, 13},
		{61, 16, 86, 27, 60, 72, 66, 78, 84, 19, 20, 39, 84, 83, 17},
		{74, 28, 40, 67, 33, 83, 88, 75, 45, 63, 85, 54, 15, 70, 70},
		{71, 85, 71, 38, 92, 87, 46, 67, 44, 98, 27, 94, 97, 74, 90},
		{88, 70, 15, 45, 55, 39, 37, 92, 28, 62, 66, 79, 16, 38, 63},
		{81, 58, 96, 84, 48, 69, 50, 90, 77, 36, 48, 90, 44, 30, 24},
		{57, 81, 95, 76, 42, 63, 43, 59, 24, 51, 72, 81, 83, 13, 89},
		{33, 98, 45, 40, 27, 62, 78, 18, 56, 70, 50, 97, 32, 54, 23},
		{69, 49, 67, 82, 99, 10, 51, 99, 73, 19, 85, 61, 44, 47, 86},
		{82, 20, 16, 26, 42, 32, 30, 69, 32, 89, 23, 26, 79, 54, 92},
		{49, 69, 47, 89, 46, 49, 77, 44, 95, 50, 16, 49, 60, 47, 86},
		{30, 40, 87, 57, 28, 45, 11, 75, 79, 84, 47, 86, 75, 49, 32},
		{59, 74, 46, 56, 68, 14, 82, 70, 58, 12, 46, 50, 34, 87, 83},
		{20, 93, 13, 10, 90, 36, 47, 46, 18, 67, 30, 59, 87, 90, 48},
		{88, 77, 22, 79, 51, 72, 19, 30, 92, 57, 30, 39, 37, 61, 89},
		{77, 70, 64, 63, 66, 39, 26, 43, 50, 69, 82, 85, 33, 36, 33},
		{54, 52, 99, 58, 50, 65, 94, 59, 50, 19, 56, 26, 83, 12, 39},
		{92, 50, 67, 40, 80, 23, 63, 77, 62, 64, 78, 39, 88, 74, 29},
		{38, 58, 98, 80, 51, 95, 34, 32, 58, 19, 58, 69, 83, 74, 36},
		{35, 21, 91, 29, 61, 43, 99, 64, 77, 62, 99, 75, 14, 73, 40},
		{10, 24, 31, 54, 33, 75, 85, 47, 83, 21, 47, 14, 98, 37, 83},
		{25, 44, 68, 36, 90, 99, 64, 94, 38, 43, 13, 20, 89, 54, 41},
		{85, 62, 70, 66, 55, 79, 14, 53, 94, 73, 99, 96, 80, 11, 48},
		{94, 60, 88, 25, 19, 46, 85, 65, 96, 12, 42, 30, 48, 48, 84},
		{14, 89, 33, 40, 88, 31, 89, 64, 47, 80, 67, 33, 19, 93, 80},
		{73, 17, 47, 66, 30, 67, 27, 36, 48, 30, 25, 15, 48, 31, 95},
		{84, 15, 58, 59, 78, 74, 53, 53, 31, 87, 20, 18, 18, 11, 19},
		{76, 19, 16, 40, 41, 67, 51, 17, 35, 92, 89, 76, 12, 48, 85},
		{63, 37, 43, 99, 27, 85, 31, 28, 17, 71, 61, 50, 19, 77, 32},
		{28, 80, 33, 10, 72, 14, 80, 45, 23, 17, 49, 95, 59, 25, 83},
		{17, 36, 25, 96, 29, 79, 24, 33, 23, 16, 35, 58, 59, 90, 11},
		{69, 93, 83, 90, 69, 35, 26, 54, 96, 67, 39, 77, 86, 17, 55},
		{37, 64, 51, 40, 98, 73, 48, 96, 83, 99, 55, 71, 29, 17, 21},
		{29, 97, 86, 34, 55, 87, 96, 20, 49, 32, 71, 57, 65, 56, 69},
		{71, 68, 64, 73, 33, 83, 57, 95, 79, 47, 45, 35, 43, 62, 19},
		{35, 91, 59, 73, 44, 34, 86, 22, 15, 73, 75, 35, 43, 62, 30},
		{52, 97, 25, 96, 79, 20, 65, 40, 19, 45, 70, 10, 83, 59, 80},
		{35, 43, 21, 10, 17, 80, 35, 76, 53, 48, 95, 74, 82, 51, 96}
	},
	{
		{92, 84, 19, 67, 58, 78, 96, 10, 94, 86, 63, 62, 49, 55, 79},
		{40, 56, 29, 25, 69, 43, 84, 25, 51, 58, 43, 81, 51, 74, 64},
		{48, 34, 35, 38, 45, 56, 26, 78, 85, 46, 96, 23, 46, 48, 80},
		{37, 54, 38, 10, 37, 63, 65, 70, 29, 87, 51, 36, 42, 98, 79},
		{33, 12, 11, 85, 62, 12, 96, 38, 89, 87, 23, 59, 86, 92, 12},
		{56, 17, 39, 44, 96, 76, 81, 29, 89, 17, 91, 11, 72, 12, 34},
		{12, 53, 35, 68, 26, 74, 47, 14, 61, 64, 21, 22, 87, 17, 99},
		{10, 68, 25, 55, 16, 57, 53, 28, 26, 34, 10, 64, 67, 40, 83},
		{45, 12, 98, 62, 14, 65, 11, 43, 83, 39, 97, 59, 86, 65, 67},
		{22, 43, 86, 43, 89, 49, 49, 14, 60, 47, 28, 81, 11, 33, 28},
		{77, 24, 65, 37, 35, 80, 51, 28, 52, 61, 23, 98, 24, 83, 78},
		{65, 58, 78, 80, 72, 85, 98, 47, 26, 63, 55, 42, 93, 12, 48},
		{55, 72, 98, 14, 30, 89, 84, 86, 32, 34, 78, 66, 96, 44, 56},
		{81, 97, 69, 34, 71, 60, 63, 49, 37, 30, 95, 34, 34, 57, 94},
		{50, 20, 46, 35, 63, 26, 45, 25, 19, 22, 93, 73, 41, 99, 28},
		{80, 80, 26, 65, 95, 56, 38, 11, 99, 71, 64, 20, 48, 74, 10},
		{48, 33, 90, 43, 83, 33, 95, 22, 52, 41, 45, 15, 68, 47, 17},
		{12, 21, 21, 16, 47, 11, 49, 88, 22, 54, 92, 71, 48, 65, 97},
		{31, 68, 22, 45, 39, 92, 23, 83, 83, 30, 10, 79, 91, 13, 59},
		{41, 86, 10, 78, 83, 16, 18, 41, 47, 38, 44, 79, 76, 83, 89},
		{74, 60, 37, 39, 26, 79, 67, 73, 20, 93, 62, 16, 49, 23, 62},
		{19, 30, 22, 93, 36, 68, 56, 17, 11, 87, 66, 63, 61, 75, 61},
		{84, 74, 63, 90, 57, 69, 17, 64, 38, 98, 42, 66, 14, 35, 43},
		{42, 69, 24, 93, 11, 39, 40, 42, 72, 66, 80, 74, 49, 11, 42},
		{19, 86, 72, 48, 90, 75, 33, 43, 98, 64, 89, 45, 63, 43, 96},
		{66, 13, 12, 66, 41, 99, 97, 30, 80, 27, 15, 52, 11, 26, 94},
		{90, 72, 44, 31, 54, 19, 40, 67, 34, 81, 10, 11, 63, 65, 81},
		{53, 93, 57, 58, 17, 63, 50, 13, 84, 80, 16, 82, 28, 24, 38},
		{94, 10, 88, 57, 61, 60, 49, 80, 12, 17, 99, 57, 78, 44, 58},
		{32, 24, 52, 85, 45, 66, 19, 92, 90, 93, 37, 95, 54, 42, 24},
		{85, 96, 13, 80, 17, 48, 19, 79, 91, 59, 44, 94, 98, 36, 40},
		{99, 57, 39, 41, 92, 58, 65, 85, 58, 42, 98, 45, 97, 93, 67},
		{94, 13, 84, 27, 48, 79, 64, 68, 76, 33, 63, 34, 77, 27, 62},
		{89, 11, 56, 52, 28, 65, 67, 85, 57, 71, 31, 65, 77, 49, 39},
		{20, 40, 76, 77, 76, 70, 90, 62, 45, 24, 16, 43, 60, 96, 36},
		{46, 96, 76, 67, 22, 97, 63, 48, 60, 28, 95, 20, 75, 56, 20},
		{98, 86, 90, 47, 71, 73, 44, 69, 93, 86, 80, 44, 88, 91, 99},
		{77, 64, 51, 88, 87, 44, 71, 69, 25, 53, 20, 12, 30, 85, 25},
		{15, 78, 76, 25, 93, 72, 37, 56, 47, 54, 76, 22, 48, 37, 50},
		{41, 19, 64, 35, 64, 85, 85, 92, 61, 16, 75, 85, 52, 68, 21},
		{82, 86, 98, 91, 36, 50, 29, 52, 27, 62, 46, 11, 29, 45, 61},
		{82, 45, 88, 73, 37, 40, 98, 51, 39, 65, 37, 17, 53, 34, 72},
		{92, 48, 98, 30, 20, 93, 76, 61, 98, 62, 48, 40, 51, 41, 34},
		{42, 75, 90, 67, 48, 20, 49, 75, 52, 36, 77, 40, 57, 83, 80},
		{31, 48, 54, 87, 52, 15, 26, 32, 64, 74, 51, 80, 42, 44, 17},
		{59, 88, 10, 47, 96, 25, 42, 55, 16, 40, 86, 95, 57, 94, 96},
		{15, 40, 18, 54, 51, 21, 47, 32, 13, 50, 65, 97, 73, 14, 73},
		{88, 35, 12, 80, 29, 50, 57, 83, 78, 86, 28, 51, 39, 40, 97},
		{23, 93, 36, 80, 69, 78, 77, 59, 37, 60, 10, 67, 96, 94, 21},
		{23, 84, 98, 82, 11, 48, 67, 62, 12, 34, 33, 38, 52, 15, 85}
	},
	{
		{24, 39, 55, 82, 64, 76, 32, 38, 91, 83, 51, 27, 68, 70, 12},
		{90, 53, 92, 24, 31, 61, 95, 29, 77, 76, 67, 97, 37, 31, 27},
		{33, 46, 41, 26, 54, 69, 85, 61, 60, 17, 78, 52, 81, 74, 61},
		{91, 16, 75, 96, 52, 17, 96, 17, 60, 54, 12, 68, 42, 73, 64},
		{58, 59, 49, 92, 94, 41, 87, 70, 49, 97, 45, 18, 92, 15, 14},
		{10, 58, 28, 19, 42, 44, 41, 87, 24, 32, 73, 19, 55, 26, 93},
		{76, 20, 32, 55, 55, 89, 61, 31, 13, 11, 64, 58, 67, 90, 98},
		{76, 91, 53, 50, 40, 61, 40, 70, 88, 95, 92, 67, 93, 19, 46},
		{31, 93, 35, 87, 78, 86, 12, 97, 68, 44, 63, 27, 27, 47, 41},
		{11, 99, 86, 33, 61, 53, 16, 25, 35, 49, 62, 41, 34, 89, 64},
		{46, 22, 92, 18, 24, 51, 46, 47, 57, 96, 56, 52, 94, 70, 34},
		{28, 12, 55, 27, 57, 34, 88, 18, 95, 88, 63, 49, 42, 60, 29},
		{22, 94, 38, 14, 54, 80, 30, 10, 64, 17, 64, 64, 68, 66, 85},
		{19, 57, 29, 22, 29, 95, 67, 78, 84, 83, 44, 68, 87, 96, 87},
		{44, 78, 62, 62, 54, 22, 98, 43, 28, 80, 10, 73, 80, 52, 54},
		{93, 35, 22, 11, 23, 99, 65, 69, 70, 91, 24, 74, 51, 48, 62},
		{71, 40, 45, 14, 98, 98, 34, 15, 50, 82, 61, 21, 52, 40, 74},
		{53, 79, 25, 57, 83, 25, 74, 87, 81, 30, 60, 88, 23, 58, 85},
		{88, 18, 29, 50, 22, 15, 76, 28, 28, 45, 13, 87, 56, 93, 80},
		{25, 16, 59, 72, 19, 94, 63, 82, 23, 87, 31, 79, 63, 76, 61},
		{87, 78, 62, 35, 54, 70, 37, 77, 93, 92, 33, 58, 30, 32, 92},
		{27, 35, 87, 84, 53, 43, 97, 70, 88, 86, 44, 83, 74, 75, 78},
		{83, 17, 66, 44, 68, 42, 50, 17, 19, 33, 91, 50, 54, 82, 99},
		{17, 62, 57, 12, 78, 66, 32, 93, 50, 32, 42, 83, 19, 18, 22},
		{45, 96, 16, 18, 35, 25, 18, 24, 57, 55, 48, 91, 24, 43, 98},
		{17, 42, 33, 58, 50, 80, 23, 50, 76, 66, 87, 55, 97, 62, 54},
		{71, 87, 80, 82, 96, 90, 93, 70, 84, 78, 87, 57, 36, 92, 45},
		{61, 98, 55, 40, 39, 22, 24, 67, 87, 96, 44, 32, 17, 41, 25},
		{95, 49, 46, 85, 30, 12, 89, 64, 32, 64, 92, 76, 58, 26, 64},
		{21, 66, 38, 88, 30, 57, 68, 75, 65, 15, 32, 19, 57, 86, 19},
		{38, 20, 13, 18, 17, 74, 73, 70, 29, 22, 17, 91, 18, 93, 37},
		{27, 64, 59, 81, 36, 68, 33, 19, 78, 64, 55, 90, 11, 79, 40},
		{34, 53, 35, 41, 82, 39, 92, 10, 91, 13, 48, 93, 85, 29, 54},
		{99, 23, 62, 34, 46, 74, 47, 62, 29, 27, 71, 25, 79, 14, 22},
		{79, 35, 86, 45, 23, 17, 74, 19, 69, 31, 71, 72, 30, 39, 73},
		{89, 55, 27, 89, 62, 21, 10, 29, 69, 41, 32, 71, 44, 64, 33},
		{62, 70, 47, 82, 73, 76, 21, 64, 10, 19, 22, 16, 23, 85, 57},
		{43, 47, 93, 77, 42, 59, 73, 10, 57, 33, 10, 85, 13, 26, 46},
		{69, 54, 49, 41, 37, 52, 74, 32, 19, 97, 61, 29, 21, 48, 68},
		{69, 87, 72, 47, 35, 69, 18, 44, 34, 17, 68, 51, 97, 66, 26},
		{45, 19, 67, 55, 77, 86, 78, 11, 43, 48, 93, 33, 85, 57, 77},
		{60, 96, 17, 39, 71, 43, 36, 85, 57, 31, 78, 98, 19, 58, 24},
		{76, 76, 67, 43, 82, 56, 13, 99, 93, 96, 44, 48, 68, 86, 50},
		{91, 77, 56, 34, 62, 35, 62, 79, 73, 17, 56, 60, 40, 18, 49},
		{13, 25, 65, 57, 34, 41, 51, 28, 93, 24, 41, 78, 55, 33, 18},
		{47, 92, 38, 15, 99, 58, 76, 33, 24, 43, 37, 83, 31, 25, 72},
		{76, 58, 61, 80, 85, 48, 50, 57, 63, 52, 48, 89, 52, 76, 54},
		{22, 73, 56, 12, 28, 71, 40, 28, 92, 48, 36, 58, 27, 47, 56},
		{70, 56, 73, 68, 63, 67, 91, 64, 16, 91, 25, 65, 78, 45, 79},
		{24, 43, 67, 74, 57, 79, 34, 87, 99, 58, 16, 28, 34, 11, 73}
	},
	{
		{16, 86, 70, 57, 82, 40, 63, 58, 67, 45, 48, 97, 28, 34, 48},
		{63, 81, 99, 87, 74, 49, 16, 10, 37, 70, 83, 10, 32, 69, 34},
		{29, 98, 90, 19, 46, 37, 55, 40, 54, 62, 16, 89, 16, 98, 13},
		{76, 73, 41, 69, 84, 42, 75, 47, 39, 63, 55, 53, 33, 57, 25},
		{11, 45, 54, 15, 92, 73, 13, 83, 64, 44, 83, 59, 46, 73, 56},
		{50, 91, 67, 74, 21, 37, 24, 39, 31, 18, 69, 82, 42, 86, 84},
		{52, 56, 22, 22, 48, 81, 12, 29, 82, 22, 15, 72, 30, 20, 14},
		{39, 42, 81, 67, 14, 18, 38, 17, 11, 48, 62, 47, 54, 99, 12},
		{93, 35, 95, 33, 20, 88, 74, 85, 26, 74, 51, 40, 36, 36, 92},
		{34, 23, 52, 15, 65, 93, 94, 48, 38, 76, 62, 92, 82, 12, 68},
		{94, 35, 66, 48, 33, 76, 21, 13, 70, 64, 18, 84, 24, 65, 54},
		{73, 29, 91, 17, 15, 65, 24, 85, 39, 42, 68, 34, 18, 10, 66},
		{37, 55, 16, 83, 54, 81, 23, 80, 53, 40, 51, 47, 18, 25, 62},
		{91, 25, 75, 41, 46, 73, 73, 36, 18, 66, 82, 79, 51, 21, 96},
		{35, 48, 79, 65, 83, 98, 78, 88, 51, 93, 30, 32, 54, 70, 72},
		{51, 65, 91, 99, 67, 37, 11, 97, 74, 15, 69, 16, 68, 74, 98},
		{84, 62, 99, 89, 89, 58, 65, 35, 62, 68, 92, 43, 46, 15, 90},
		{93, 95, 42, 18, 92, 36, 41, 51, 47, 31, 69, 89, 49, 74, 18},
		{30, 47, 29, 67, 76, 97, 53, 46, 38, 12, 81, 29, 67, 39, 57},
		{13, 47, 33, 22, 48, 72, 73, 10, 63, 89, 95, 75, 99, 22, 92},
		{74, 72, 48, 96, 73, 24, 54, 30, 51, 56, 34, 11, 99, 26, 68},
		{74, 19, 56, 19, 26, 15, 46, 85, 84, 31, 58, 59, 19, 89, 46},
		{58, 79, 49, 91, 69, 36, 20, 40, 67, 51, 93, 58, 86, 23, 17},
		{57, 29, 28, 42, 44, 78, 52, 15, 30, 78, 60, 74, 11, 52, 49},
		{10, 71, 56, 19, 22, 16, 58, 95, 49, 70, 93, 82, 50, 99, 14},
		{63, 37, 87, 38, 62, 57, 33, 57, 72, 89, 56, 38, 39, 82, 68},
		{43, 34, 85, 99, 94, 50, 78, 85, 88, 30, 49, 94, 28, 35, 54},
		{79, 87, 71, 22, 69, 78, 66, 38, 66, 68, 92, 41, 81, 36, 33},
		{95, 87, 35, 30, 97, 28, 35, 76, 50, 75, 41, 55, 36, 81, 15},
		{17, 35, 85, 68, 57, 72, 50, 31, 66, 36, 46, 90, 60, 41, 14},
		{19, 12, 48, 12, 17, 70, 80, 91, 55, 62, 18, 27, 79, 88, 80},
		{63, 20, 59, 77, 95, 65, 36, 54, 99, 74, 86, 11, 70, 74, 63},
		{38, 84, 14, 17, 37, 21, 17, 32, 61, 44, 26, 74, 73, 21, 49},
		{81, 43, 33, 26, 76, 45, 23, 17, 59, 62, 38, 26, 54, 39, 93},
		{54, 78, 68, 96, 17, 66, 99, 18, 38, 69, 27, 41, 77, 51, 92},
		{68, 15, 93, 68, 97, 91, 42, 28, 48, 17, 18, 11, 70, 22, 49},
		{68, 60, 82, 45, 73, 95, 14, 29, 42, 96, 62, 30, 30, 44, 60},
		{52, 10, 13, 15, 35, 23, 94, 33, 55, 73, 96, 75, 62, 83, 80},
		{73, 12, 44, 30, 95, 32, 67, 81, 43, 65, 17, 20, 24, 41, 69},
		{48, 46, 51, 22, 54, 35, 54, 84, 46, 11, 36, 79, 12, 28, 25},
		{95, 13, 26, 94, 14, 14, 21, 55, 68, 74, 88, 75, 97, 64, 95},
		{99, 84, 21, 75, 72, 86, 87, 85, 54, 83, 74, 29, 44, 55, 16},
		{15, 23, 38, 62, 21, 84, 39, 88, 65, 72, 17, 50, 39, 87, 75},
		{58, 72, 68, 21, 57, 91, 48, 52, 65, 94, 74, 48, 15, 74, 17},
		{86, 21, 67, 40, 65, 25, 47, 53, 30, 78, 98, 43, 48, 40, 13},
		{72, 94, 92, 23, 28, 87, 91, 51, 73, 83, 18, 73, 22, 37, 19},
		{33, 35, 79, 82, 73, 58, 19, 36, 33, 61, 42, 69, 28, 14, 22},
		{71, 36, 79, 66, 66, 53, 17, 60, 49, 63, 41, 66, 91, 28, 74},
		{19, 37, 30, 25, 88, 99, 14, 20, 58, 61, 38, 61, 79, 37, 39},
		{31, 29, 51, 18, 62, 93, 81, 66, 54, 91, 44, 93, 93, 88, 35}
	},
	{
		{96, 42, 28, 19, 71, 58, 95, 39, 41, 56, 11, 57, 77, 79, 12},
		{60, 91, 74, 17, 13, 45, 80, 52, 44, 46, 48, 23, 15, 52, 33},
		{26, 61, 55, 55, 74, 45, 28, 38, 37, 47, 44, 70, 13, 94, 15},
		{18, 54, 53, 70, 46, 28, 63, 63, 73, 43, 88, 70, 25, 88, 44},
		{42, 51, 17, 82, 71, 14, 67, 18, 72, 45, 33, 15, 42, 51, 38},
		{98, 28, 80, 78, 94, 19, 84, 95, 91, 77, 83, 52, 25, 84, 25},
		{50, 63, 13, 97, 34, 52, 25, 92, 54, 43, 86, 94, 58, 87, 59},
		{39, 29, 84, 99, 98, 87, 75, 56, 91, 88, 84, 86, 32, 89, 20},
		{21, 94, 59, 44, 12, 23, 82, 40, 35, 60, 15, 82, 37, 84, 55},
		{37, 52, 23, 72, 24, 66, 67, 93, 38, 80, 23, 87, 69, 53, 62},
		{96, 30, 70, 90, 17, 69, 16, 97, 37, 52, 84, 15, 26, 66, 43},
		{34, 75, 73, 94, 96, 37, 57, 59, 57, 64, 24, 86, 61, 54, 34},
		{77, 54, 17, 70, 34, 70, 67, 71, 25, 61, 24, 32, 21, 76, 85},
		{53, 23, 76, 11, 48, 18, 82, 59, 85, 16, 86, 65, 74, 22, 79},
		{23, 56, 53, 95, 26, 83, 57, 35, 79, 44, 25, 45, 81, 27, 52},
		{55, 69, 65, 20, 63, 78, 53, 16, 53, 50, 66, 17, 96, 42, 42},
		{56, 34, 13, 81, 22, 69, 46, 52, 45, 32, 92, 84, 21, 49, 62},
		{63, 66, 13, 57, 27, 11, 26, 97, 75, 60, 53, 50, 52, 20, 53},
		{46, 57, 30, 78, 31, 30, 95, 13, 55, 18, 78, 54, 93, 28, 14},
		{49, 12, 64, 83, 35, 63, 64, 14, 48, 56, 41, 42, 73, 84, 21},
		{20, 49, 68, 70, 12, 66, 23, 42, 40, 58, 93, 41, 69, 17, 88},
		{82, 13, 25, 50, 72, 40, 36, 39, 38, 41, 63, 80, 85, 46, 69},
		{17, 99, 75, 56, 52, 12, 26, 74, 16, 48, 69, 15, 97, 46, 68},
		{14, 66, 18, 39, 10, 39, 58, 89, 16, 25, 69, 56, 19, 32, 15},
		{60, 62, 47, 89, 64, 48, 31, 84, 71, 34, 93, 94, 34, 29, 35},
		{27, 25, 52, 99, 16, 33, 36, 87, 50, 25, 53, 29, 18, 96, 75},
		{72, 48, 52, 73, 73, 47, 88, 75, 57, 28, 53, 86, 91, 33, 98},
		{26, 75, 10, 22, 94, 84, 98, 12, 74, 36, 72, 65, 62, 73, 79},
		{98, 47, 25, 34, 81, 19, 71, 17, 33, 68, 99, 53, 56, 84, 48},
		{33, 59, 36, 75, 94, 12, 68, 47, 92, 36, 99, 60, 54, 77, 74},
		{48, 97, 36, 65, 40, 48, 34, 30, 84, 10, 73, 79, 51, 53, 28},
		{13, 69, 84, 38, 22, 64, 42, 19, 90, 87, 87, 95, 16, 67, 63},
		{15, 57, 93, 55, 49, 26, 16, 14, 88, 51, 35, 76, 42, 72, 86},
		{28, 22, 99, 37, 77, 61, 97, 94, 43, 76, 48, 32, 31, 79, 73},
		{84, 21, 22, 74, 66, 33, 38, 68, 74, 96, 19, 71, 19, 33, 97},
		{96, 95, 82, 40, 28, 24, 47, 76, 18, 16, 45, 97, 31, 32, 41},
		{30, 30, 63, 62, 24, 64, 19, 64, 91, 71, 54, 90, 88, 11, 93},
		{33, 20, 38, 60, 95, 89, 57, 95, 25, 20, 95, 40, 61, 11, 51},
		{25, 65, 87, 73, 99, 49, 30, 23, 18, 35, 60, 65, 11, 72, 33},
		{62, 18, 73, 74, 42, 51, 87, 31, 13, 79, 82, 48, 35, 47, 19},
		{52, 39, 72, 79, 36, 42, 93, 50, 40, 68, 31, 61, 37, 14, 82},
		{66, 73, 74, 53, 87, 14, 98, 73, 23, 45, 36, 49, 37, 26, 70},
		{75, 29, 70, 90, 35, 64, 95, 49, 81, 18, 63, 52, 79, 64, 63},
		{21, 77, 96, 21, 99, 93, 17, 80, 45, 77, 11, 94, 35, 14, 94},
		{12, 37, 17, 76, 49, 85, 59, 34, 87, 17, 25, 86, 11, 76, 16},
		{40, 43, 70, 61, 21, 56, 13, 78, 36, 26, 17, 74, 85, 50, 61},
		{40, 63, 66, 30, 13, 98, 27, 37, 81, 36, 86, 66, 23, 11, 44},
		{74, 94, 28, 55, 58, 17, 12, 13, 29, 41, 72, 75, 74, 58, 16},
		{49, 42, 77, 70, 98, 32, 53, 67, 64, 14, 37, 41, 74, 90, 41},
		{32, 95, 90, 50, 99, 54, 21, 67, 91, 36, 40, 17, 32, 70, 71}
	},
	{
		{77, 45, 16, 73, 49, 35, 70, 50, 55, 68, 79, 73, 57, 73, 39},
		{29, 14, 61, 51, 46, 16, 92, 67, 68, 28, 96, 82, 54, 50, 20},
		{83, 33, 28, 86, 46, 18, 12, 15, 12, 21, 97, 19, 71, 99, 73},
		{67, 50, 48, 87, 67, 19, 69, 20, 50, 64, 40, 65, 96, 53, 31},
		{76, 31, 97, 24, 50, 91, 24, 40, 85, 41, 94, 79, 53, 50, 44},
		{14, 32, 82, 65, 69, 20, 33, 16, 72, 68, 55, 70, 31, 77, 71},
		{42, 94, 20, 95, 12, 58, 31, 81, 25, 82, 66, 49, 15, 23, 98},
		{33, 30, 22, 22, 38, 73, 59, 61, 14, 40, 96, 16, 45, 16, 42},
		{51, 14, 89, 96, 76, 81, 19, 69, 89, 38, 81, 86, 25, 84, 75},
		{57, 81, 40, 80, 63, 49, 26, 91, 25, 41, 39, 12, 34, 95, 28},
		{82, 60, 81, 83, 15, 68, 69, 62, 33, 48, 24, 64, 72, 92, 96},
		{73, 49, 57, 90, 62, 34, 76, 69, 24, 86, 18, 96, 33, 90, 85},
		{37, 62, 48, 11, 15, 67, 87, 74, 17, 35, 26, 16, 91, 99, 18},
		{54, 15, 22, 30, 83, 87, 55, 72, 53, 94, 35, 45, 26, 13, 45},
		{90, 35, 39, 54, 77, 94, 50, 75, 24, 42, 68, 21, 92, 36, 16},
		{61, 12, 79, 63, 86, 10, 91, 48, 63, 62, 78, 29, 67, 47, 27},
		{26, 50, 47, 22, 73, 52, 67, 99, 55, 25, 94, 41, 99, 22, 62},
		{61, 89, 85, 70, 72, 91, 41, 29, 35, 93, 78, 94, 66, 85, 10},
		{37, 79, 16, 87, 32, 71, 91, 61, 55, 29, 30, 79, 44, 31, 22},
		{62, 61, 75, 85, 43, 59, 16, 48, 99, 53, 54, 56, 20, 14, 61},
		{21, 97, 70, 51, 74, 40, 36, 47, 38, 90, 28, 55, 59, 46, 70},
		{98, 28, 60, 80, 31, 71, 30, 46, 20, 15, 75, 42, 18, 81, 89},
		{74, 25, 46, 81, 84, 87, 56, 59, 13, 94, 54, 75, 99, 21, 12},
		{84, 29, 23, 41, 35, 88, 48, 17, 19, 50, 85, 98, 89, 36, 90},
		{19, 43, 62, 16, 29, 67, 14, 84, 58, 19, 29, 32, 21, 87, 27},
		{91, 26, 59, 60, 84, 12, 51, 53, 58, 96, 82, 80, 87, 14, 19},
		{88, 88, 89, 29, 17, 67, 56, 37, 79, 38, 28, 12, 66, 90, 70},
		{95, 59, 71, 42, 81, 68, 16, 75, 30, 89, 38, 42, 52, 94, 92},
		{75, 64, 39, 81, 71, 62, 95, 17, 64, 65, 96, 91, 61, 50, 46},
		{64, 19, 10, 66, 47, 45, 49, 54, 79, 36, 45, 11, 49, 75, 32},
		{55, 47, 53, 57, 70, 58, 51, 79, 96, 57, 73, 28, 11, 83, 88},
		{58, 24, 92, 80, 48, 71, 84, 15, 77, 25, 19, 74, 37, 57, 72},
		{22, 68, 84, 83, 21, 66, 41, 47, 74, 49, 29, 32, 69, 28, 43},
		{91, 83, 14, 19, 41, 55, 33, 33, 24, 42, 93, 77, 63, 10, 88},
		{35, 40, 20, 95, 73, 99, 11, 50, 15, 82, 92, 74, 37, 83, 44},
		{16, 63, 17, 46, 68, 68, 70, 30, 29, 21, 32, 21, 44, 98, 23},
		{84, 60, 35, 83, 16, 77, 16, 13, 32, 58, 29, 92, 95, 25, 82},
		{42, 61, 15, 77, 20, 88, 76, 42, 35, 94, 19, 34, 21, 80, 94},
		{47, 68, 35, 44, 59, 12, 42, 35, 44, 82, 37, 37, 44, 80, 33},
		{68, 90, 65, 48, 96, 60, 34, 31, 85, 57, 90, 82, 35, 75, 30},
		{32, 80, 88, 36, 27, 79, 26, 50, 87, 79, 11, 12, 78, 93, 83},
		{51, 62, 61, 80, 89, 98, 29, 19, 33, 10, 62, 93, 22, 13, 50},
		{12, 27, 94, 49, 12, 85, 95, 54, 14, 74, 17, 94, 50, 30, 70},
		{31, 83, 67, 35, 97, 87, 44, 39, 66, 21, 82, 14, 85, 54, 34},
		{96, 54, 39, 72, 63, 41, 88, 22, 15, 91, 79, 88, 34, 19, 90},
		{18, 75, 42, 46, 84, 67, 54, 22, 59, 19, 22, 79, 95, 42, 40},
		{72, 62, 90, 63, 98, 28, 30, 84, 72, 44, 66, 88, 84, 74, 50},
		{13, 13, 36, 63, 49, 74, 73, 85, 91, 87, 30, 19, 86, 55, 89},
		{73, 95, 49, 95, 19, 45, 52, 11, 70, 39, 64, 37, 37, 75, 51},
		{58, 76, 36, 32, 43, 74, 15, 97, 26, 81, 31, 18, 50, 35, 74}
	},
	{
		{49, 40, 39, 49, 50, 78, 38, 52, 80, 18, 42, 93, 35, 31, 94},
		{26, 20, 89, 70, 28, 73, 65, 36, 10, 26, 19, 63, 30, 82, 19},
		{91, 78, 45, 38, 26, 42, 48, 45, 48, 78, 45, 51, 37, 34, 49},
		{85, 83, 36, 59, 61, 98, 18, 98, 89, 40, 45, 74, 93, 20, 76},
		{79, 36, 92, 19, 54, 69, 21, 68, 23, 56, 16, 72, 77, 22, 35},
		{13, 50, 96, 93, 67, 83, 46, 27, 82, 62, 98, 69, 75, 70, 64},
		{16, 65, 84, 65, 68, 27, 43, 62, 82, 53, 26, 39, 63, 57, 87},
		{56, 46, 65, 11, 86, 42, 56, 37, 72, 52, 55, 97, 51, 69, 65},
		{29, 93, 73, 51, 79, 58, 91, 25, 96, 91, 78, 37, 17, 50, 17},
		{19, 49, 59, 71, 91, 90, 61, 89, 85, 14, 59, 36, 75, 16, 55},
		{54, 64, 71, 63, 59, 27, 92, 34, 25, 43, 19, 23, 73, 79, 69},
		{78, 43, 86, 50, 39, 19, 75, 53, 69, 79, 21, 39, 49, 10, 65},
		{31, 34, 84, 63, 46, 23, 34, 54, 79, 46, 59, 78, 73, 61, 15},
		{48, 99, 79, 47, 67, 76, 34, 17, 81, 15, 33, 58, 64, 26, 40},
		{23, 59, 22, 54, 89, 84, 49, 62, 44, 45, 47, 41, 62, 78, 43},
		{83, 22, 78, 60, 56, 99, 69, 12, 68, 43, 69, 68, 29, 45, 26},
		{43, 60, 11, 99, 47, 77, 38, 54, 33, 16, 29, 56, 85, 96, 12},
		{49, 37, 66, 58, 67, 85, 78, 77, 13, 90, 69, 35, 29, 60, 40},
		{75, 52, 12, 16, 52, 71, 48, 38, 32, 18, 16, 47, 15, 79, 21},
		{82, 23, 29, 59, 49, 14, 93, 21, 47, 36, 59, 62, 46, 64, 94},
		{33, 74, 86, 94, 86, 70, 49, 74, 29, 72, 69, 94, 38, 85, 95},
		{55, 47, 99, 46, 15, 99, 55, 52, 27, 21, 54, 20, 69, 65, 47},
		{79, 93, 45, 73, 93, 76, 67, 80, 90, 95, 25, 20, 72, 77, 82},
		{31, 82, 32, 17, 37, 48, 52, 92, 13, 22, 84, 77, 58, 97, 93},
		{32, 12, 39, 13, 36, 62, 38, 56, 51, 68, 62, 17, 55, 54, 41},
		{66, 62, 42, 93, 22, 90, 93, 76, 89, 19, 63, 77, 70, 99, 91},
		{28, 50, 58, 62, 43, 98, 52, 83, 17, 21, 56, 14, 89, 96, 98},
		{11, 87, 70, 15, 74, 26, 59, 73, 45, 48, 53, 63, 87, 63, 44},
		{45, 68, 30, 35, 40, 67, 48, 90, 49, 19, 43, 51, 22, 61, 19},
		{50, 38, 52, 50, 48, 23, 51, 97, 21, 82, 19, 35, 76, 94, 64},
		{29, 27, 30, 22, 99, 37, 97, 98, 71, 21, 63, 63, 96, 40, 30},
		{35, 85, 54, 39, 45, 45, 55, 81, 41, 36, 46, 77, 91, 73, 65},
		{37, 19, 83, 44, 21, 44, 67, 58, 22, 66, 99, 73, 13, 29, 68},
		{91, 37, 17, 78, 10, 12, 73, 93, 13, 71, 21, 92, 86, 56, 37},
		{94, 95, 19, 45, 17, 73, 46, 10, 28, 62, 65, 97, 72, 21, 62},
		{49, 36, 79, 44, 48, 84, 77, 81, 62, 22, 86, 63, 49, 53, 67},
		{99, 10, 51, 73, 36, 84, 33, 14, 50, 27, 54, 54, 74, 82, 87},
		{86, 79, 49, 30, 41, 34, 24, 78, 41, 97, 11, 49, 27, 38, 26},
		{77, 44, 85, 14, 24, 18, 46, 83, 20, 67, 54, 36, 76, 95, 82},
		{29, 36, 53, 50, 16, 69, 37, 58, 77, 74, 59, 52, 12, 31, 34},
		{82, 18, 91, 44, 89, 13, 90, 54, 96, 64, 81, 96, 44, 94, 36},
		{47, 77, 34, 67, 61, 92, 24, 78, 28, 72, 74, 17, 74, 47, 73},
		{62, 43, 56, 93, 40, 18, 98, 59, 20, 76, 83, 41, 21, 43, 95},
		{80, 93, 34, 80, 41, 30, 52, 67, 84, 71, 57, 93, 79, 97, 16},
		{57, 58, 54, 15, 27, 25, 63, 36, 62, 74, 86, 81, 75, 68, 61},
		{10, 82, 16, 24, 50, 29, 47, 22, 50, 57, 19, 27, 57, 58, 22},
		{19, 27, 32, 13, 21, 33, 45, 31, 11, 57, 81, 77, 91, 58, 77},
		{25, 48, 49, 57, 96, 97, 53, 38, 96, 45, 16, 34, 62, 88, 21},
		{72, 82, 38, 57, 33, 82, 51, 71, 69, 14, 62, 90, 91, 53, 24},
		{34, 70, 75, 43, 26, 89, 43, 10, 78, 39, 89, 87, 54, 54, 30}
	},
	{
		{28, 77, 91, 52, 21, 39, 79, 22, 99, 82, 10, 20, 98, 80, 94},
		{10, 30, 42, 73, 96, 87, 21, 70, 38, 70, 75, 43, 88, 75, 94},
		{98, 76, 28, 96, 17, 35, 60, 46, 13, 89, 60, 35, 73, 97, 22},
		{33, 23, 46, 65, 15, 18, 97, 61, 96, 89, 91, 55, 53, 83, 58},
		{45, 55, 66, 14, 99, 73, 31, 28, 67, 38, 33, 26, 71, 46, 20},
		{20, 71, 93, 89, 55, 58, 80, 81, 15, 89, 74, 27, 99, 53, 79},
		{14, 35, 89, 51, 57, 10, 45, 54, 50, 55, 81, 69, 36, 43, 60},
		{39, 75, 26, 42, 16, 59, 80, 52, 17, 25, 56, 53, 87, 91, 40},
		{76, 78, 11, 80, 29, 77, 55, 84, 66, 65, 78, 26, 17, 48, 20},
		{89, 44, 13, 10, 74, 40, 11, 36, 73, 29, 70, 40, 46, 64, 89},
		{15, 52, 54, 63, 57, 11, 36, 14, 91, 86, 84, 22, 92, 56, 44},
		{11, 64, 96, 93, 76, 70, 42, 28, 37, 43, 45, 42, 46, 57, 52},
		{44, 23, 31, 36, 69, 64, 27, 54, 97, 69, 13, 95, 38, 95, 33},
		{93, 38, 98, 66, 14, 88, 61, 52, 54, 77, 61, 76, 68, 78, 79},
		{13, 10, 55, 19, 16, 47, 44, 35, 98, 38, 30, 99, 67, 47, 30},
		{49, 18, 68, 79, 35, 67, 71, 73, 94, 55, 58, 61, 73, 36, 75},
		{96, 53, 15, 76, 25, 21, 22, 40, 66, 58, 69, 43, 99, 17, 97},
		{89, 79, 42, 32, 33, 90, 10, 18, 94, 85, 59, 46, 58, 27, 84},
		{45, 76, 82, 42, 29, 25, 89, 60, 31, 10, 94, 49, 37, 83, 80},
		{33, 49, 25, 43, 13, 72, 77, 22, 17, 38, 98, 44, 54, 51, 60},
		{37, 53, 55, 81, 89, 17, 26, 47, 93, 47, 10, 35, 31, 30, 52},
		{66, 78, 60, 32, 98, 97, 42, 76, 42, 85, 94, 92, 62, 62, 19},
		{12, 37, 84, 51, 73, 61, 42, 59, 60, 91, 60, 77, 23, 77, 33},
		{41, 92, 94, 63, 82, 43, 73, 87, 86, 85, 28, 91, 70, 25, 48},
		{90, 94, 95, 98, 50, 82, 38, 53, 64, 31, 78, 76, 66, 43, 59},
		{31, 32, 51, 53, 71, 44, 83, 29, 20, 75, 78, 48, 36, 24, 45},
		{61, 80, 92, 74, 20, 49, 32, 63, 86, 22, 82, 26, 52, 49, 53},
		{17, 26, 48, 82, 75, 78, 65, 24, 88, 91, 51, 35, 23, 22, 55},
		{86, 95, 30, 45, 21, 73, 92, 91, 65, 14, 25, 55, 35, 23, 19},
		{88, 46, 68, 13, 50, 98, 77, 62, 86, 95, 90, 73, 46, 82, 90},
		{39, 83, 29, 19, 89, 32, 89, 15, 41, 37, 17, 64, 18, 91, 38},
		{26, 35, 68, 32, 51, 30, 30, 45, 76, 13, 75, 68, 30, 69, 51},
		{12, 52, 12, 94, 37, 68, 32, 47, 48, 88, 77, 66, 34, 58, 77},
		{50, 54, 85, 60, 64, 81, 19, 98, 70, 15, 61, 66, 14, 57, 85},
		{50, 72, 66, 16, 82, 82, 30, 65, 67, 16, 72, 94, 52, 77, 86},
		{31, 12, 18, 78, 46, 12, 26, 70, 30, 65, 40, 61, 75, 33, 50},
		{34, 19, 49, 74, 95, 51, 29, 50, 89, 79, 80, 56, 42, 45, 79},
		{71, 76, 93, 41, 86, 47, 83, 79, 71, 67, 44, 57, 76, 43, 59},
		{33, 54, 77, 98, 22, 59, 16, 95, 70, 44, 22, 32, 65, 83, 16},
		{97, 37, 78, 87, 85, 56, 63, 76, 82, 94, 48, 37, 52, 98, 98},
		{47, 65, 31, 14, 25, 46, 94, 59, 13, 52, 28, 72, 36, 88, 97},
		{85, 53, 10, 71, 87, 62, 38, 49, 92, 89, 71, 59, 12, 69, 21},
		{32, 53, 18, 29, 43, 25, 84, 99, 34, 37, 36, 51, 80, 80, 13},
		{99, 61, 17, 82, 40, 41, 80, 44, 45, 19, 39, 72, 71, 27, 18},
		{61, 86, 66, 58, 91, 94, 27, 60, 25, 60, 55, 84, 30, 19, 87},
		{31, 23, 56, 83, 78, 58, 38, 33, 49, 98, 11, 30, 56, 73, 97},
		{84, 86, 20, 62, 26, 89, 93, 60, 58, 34, 36, 65, 72, 29, 35},
		{74, 95, 67, 53, 43, 82, 27, 84, 39, 59, 35, 97, 26, 33, 31},
		{72, 19, 97, 24, 72, 72, 62, 67, 93, 22, 18, 49, 91, 82, 92},
		{31, 21, 98, 30, 40, 20, 75, 91, 55, 32, 53, 36, 69, 21, 54}
	},
	{
		{26, 32, 72, 59, 78, 52, 56, 24, 57, 42, 63, 61, 47, 71, 75},
		{54, 37, 19, 23, 11, 23, 55, 45, 75, 95, 62, 56, 33, 76, 32},
		{27, 69, 28, 65, 99, 75, 69, 72, 67, 83, 69, 83, 84, 63, 17},
		{98, 21, 32, 32, 67, 22, 86, 18, 98, 43, 41, 52, 87, 78, 14},
		{18, 16, 57, 39, 33, 55, 51, 87, 37, 66, 18, 79, 27, 89, 60},
		{85, 38, 17, 12, 79, 77, 53, 10, 98, 12, 95, 13, 53, 75, 69},
		{12, 86, 91, 85, 68, 91, 26, 57, 15, 15, 50, 94, 12, 18, 66},
		{64, 39, 90, 30, 61, 12, 13, 62, 71, 54, 41, 45, 79, 28, 95},
		{53, 90, 72, 21, 75, 29, 63, 48, 42, 52, 23, 85, 74, 51, 76},
		{94, 78, 87, 51, 50, 93, 46, 85, 41, 28, 70, 80, 38, 35, 16},
		{90, 90, 78, 84, 63, 18, 17, 30, 36, 58, 30, 27, 43, 34, 25},
		{27, 42, 45, 33, 37, 54, 27, 80, 74, 61, 15, 25, 19, 76, 47},
		{56, 54, 21, 11, 93, 92, 11, 93, 37, 78, 51, 29, 60, 57, 84},
		{62, 89, 24, 58, 27, 37, 20, 64, 82, 31, 97, 86, 68, 28, 51},
		{64, 31, 25, 55, 55, 32, 47, 46, 34, 24, 46, 51, 89, 25, 45},
		{78, 86, 74, 12, 29, 11, 31, 76, 51, 42, 23, 81, 81, 89, 87},
		{30, 92, 13, 19, 80, 49, 46, 36, 92, 63, 36, 48, 35, 53, 73},
		{65, 98, 74, 80, 63, 90, 59, 36, 24, 98, 25, 16, 24, 69, 68},
		{92, 66, 96, 46, 48, 69, 82, 41, 14, 17, 25, 78, 22, 52, 56},
		{18, 32, 78, 48, 51, 75, 84, 19, 26, 46, 30, 70, 67, 44, 58},
		{50, 34, 50, 90, 25, 37, 21, 40, 24, 11, 40, 26, 75, 67, 61},
		{78, 27, 53, 78, 42, 93, 49, 58, 51, 82, 54, 18, 33, 15, 64},
		{86, 48, 41, 21, 17, 34, 78, 19, 90, 62, 27, 70, 22, 43, 50},
		{96, 44, 86, 22, 79, 92, 54, 69, 24, 58, 93, 15, 92, 12, 58},
		{26, 56, 29, 14, 25, 88, 41, 10, 28, 37, 91, 45, 80, 71, 67},
		{42, 84, 98, 79, 25, 71, 74, 76, 67, 62, 30, 41, 58, 34, 32},
		{80, 48, 39, 37, 50, 81, 33, 72, 36, 71, 70, 76, 47, 23, 91},
		{76, 30, 40, 67, 20, 27, 17, 75, 76, 27, 71, 15, 79, 25, 52},
		{75, 93, 61, 98, 35, 32, 11, 34, 49, 89, 93, 70, 35, 84, 26},
		{76, 45, 94, 24, 55, 33, 30, 11, 11, 85, 56, 81, 21, 32, 89},
		{81, 48, 55, 32, 79, 26, 78, 77, 61, 73, 10, 96, 74, 67, 52},
		{71, 23, 31, 88, 91, 17, 90, 62, 61, 94, 93, 55, 74, 45, 54},
		{11, 82, 94, 90, 29, 69, 62, 79, 69, 28, 57, 66, 10, 13, 65},
		{31, 71, 46, 66, 71, 13, 92, 11, 31, 99, 33, 63, 49, 47, 84},
		{49, 42, 91, 90, 25, 17, 27, 61, 41, 50, 30, 16, 62, 43, 21},
		{62, 19, 77, 80, 49, 34, 11, 68, 81, 27, 40, 56, 14, 17, 28},
		{71, 90, 55, 73, 42, 93, 70, 82, 87, 47, 24, 71, 55, 48, 36},
		{32, 26, 58, 31, 74, 71, 72, 60, 71, 16, 76, 20, 82, 30, 52},
		{83, 55, 24, 20, 19, 89, 78, 49, 32, 53, 99, 45, 70, 38, 78},
		{65, 81, 33, 12, 20, 72, 67, 52, 38, 74, 59, 73, 81, 66, 61},
		{99, 42, 35, 66, 28, 77, 46, 12, 80, 47, 18, 38, 39, 54, 18},
		{10, 76, 42, 56, 31, 97, 26, 28, 30, 50, 22, 65, 70, 44, 40},
		{13, 27, 82, 55, 39, 21, 59, 41, 67, 69, 18, 68, 48, 21, 46},
		{25, 41, 24, 46, 51, 57, 78, 99, 11, 87, 88, 12, 53, 41, 15},
		{46, 49, 80, 41, 32, 91, 58, 76, 53, 43, 16, 21, 65, 43, 65},
		{84, 32, 71, 63, 82, 18, 25, 29, 64, 87, 47, 25, 70, 83, 19},
		{85, 72, 75, 36, 46, 14, 95, 63, 38, 72, 32, 85, 46, 91, 78},
		{71, 79, 52, 50, 72, 43, 29, 76, 68, 22, 94, 27, 90, 15, 15},
		{58, 63, 18, 18, 95, 78, 22, 72, 60, 94, 69, 52, 99, 89, 17},
		{17, 57, 36, 21, 40, 70, 56, 47, 72, 63, 14, 11, 96, 69, 85}
	},
	{
		{70, 62, 26, 11, 47, 29, 63, 94, 61, 29, 79, 25, 80, 13, 11},
		{98, 13, 46, 28, 12, 18, 58, 26, 98, 83, 28, 45, 30, 74, 88},
		{42, 30, 20, 62, 43, 87, 37, 40, 86, 85, 33, 54, 37, 23, 13},
		{29, 75, 27, 75, 23, 38, 85, 11, 77, 15, 59, 58, 66, 43, 48},
		{44, 16, 81, 30, 86, 94, 26, 58, 62, 33, 74, 13, 27, 99, 80},
		{58, 84, 38, 24, 41, 49, 80, 35, 83, 52, 46, 72, 14, 86, 80},
		{68, 18, 22, 70, 19, 20, 34, 97, 11, 79, 53, 15, 57, 68, 24},
		{27, 39, 18, 65, 44, 73, 18, 39, 75, 42, 28, 52, 37, 41, 36},
		{25, 67, 91, 60, 21, 68, 57, 67, 28, 90, 27, 74, 18, 46, 25},
		{53, 18, 75, 36, 36, 77, 87, 75, 34, 64, 42, 56, 26, 40, 82},
		{19, 11, 37, 74, 85, 36, 79, 98, 69, 36, 55, 86, 25, 85, 69},
		{31, 23, 87, 97, 18, 12, 10, 49, 43, 97, 73, 85, 57, 93, 59},
		{56, 60, 87, 95, 82, 96, 54, 46, 26, 80, 79, 35, 73, 65, 59},
		{22, 93, 63, 84, 62, 72, 97, 77, 70, 99, 94, 65, 51, 29, 63},
		{63, 74, 30, 71, 20, 13, 74, 86, 44, 10, 50, 24, 45, 64, 14},
		{81, 18, 56, 97, 13, 67, 16, 27, 54, 80, 22, 16, 49, 18, 48},
		{84, 92, 84, 39, 51, 36, 34, 49, 14, 78, 57, 10, 34, 87, 64},
		{16, 15, 31, 38, 17, 16, 17, 80, 13, 23, 97, 77, 83, 86, 16},
		{58, 79, 88, 65, 19, 10, 81, 43, 82, 93, 30, 57, 67, 45, 65},
		{30, 72, 49, 67, 43, 66, 94, 62, 55, 55, 62, 17, 37, 97, 45},
		{93, 81, 14, 48, 47, 20, 62, 91, 52, 14, 83, 73, 10, 11, 17},
		{10, 25, 13, 19, 29, 95, 50, 73, 89, 85, 17, 64, 78, 93, 19},
		{24, 78, 24, 45, 17, 87, 51, 39, 96, 57, 47, 10, 18, 10, 87},
		{24, 92, 36, 73, 30, 31, 66, 71, 80, 21, 57, 99, 30, 32, 51},
		{46, 78, 47, 67, 76, 38, 85, 70, 53, 87, 72, 70, 90, 28, 61},
		{43, 46, 31, 85, 60, 70, 58, 85, 33, 93, 38, 73, 32, 12, 62},
		{72, 56, 88, 18, 40, 46, 42, 13, 19, 38, 48, 78, 23, 63, 58},
		{16, 46, 64, 49, 24, 62, 29, 25, 53, 99, 84, 48, 58, 32, 71},
		{37, 29, 45, 58, 75, 50, 24, 22, 75, 71, 90, 84, 35, 96, 22},
		{49, 70, 67, 91, 52, 62, 57, 98, 13, 41, 90, 21, 27, 33, 57},
		{64, 76, 40, 90, 24, 97, 34, 99, 96, 49, 40, 51, 35, 53, 48},
		{37, 48, 20, 28, 72, 27, 40, 68, 92, 71, 61, 90, 28, 46, 78},
		{65, 33, 75, 27, 69, 39, 81, 84, 42, 74, 79, 13, 83, 36, 21},
		{30, 52, 76, 11, 31, 50, 83, 31, 65, 94, 35, 76, 41, 53, 83},
		{34, 49, 23, 70, 59, 87, 93, 22, 92, 85, 27, 11, 41, 60, 47},
		{39, 53, 17, 29, 41, 59, 65, 99, 22, 86, 15, 24, 72, 89, 23},
		{27, 43, 49, 35, 70, 40, 38, 63, 37, 14, 53, 58, 92, 56, 87},
		{33, 62, 73, 29, 85, 74, 68, 67, 55, 67, 25, 43, 90, 82, 82},
		{79, 23, 72, 46, 79, 38, 78, 52, 57, 48, 29, 99, 43, 55, 61},
		{24, 98, 52, 43, 13, 62, 50, 93, 45, 80, 52, 24, 43, 60, 99},
		{88, 92, 83, 91, 32, 39, 43, 99, 10, 57, 99, 47, 33, 42, 30},
		{97, 78, 33, 39, 93, 11, 63, 75, 15, 72, 24, 35, 61, 68, 26},
		{24, 95, 98, 59, 53, 54, 66, 25, 38, 32, 89, 20, 50, 45, 39},
		{22, 43, 41, 78, 67, 60, 96, 42, 93, 87, 84, 53, 79, 66, 12},
		{78, 81, 81, 59, 52, 58, 33, 75, 88, 65, 45, 29, 34, 73, 56},
		{53, 62, 26, 15, 79, 33, 31, 14, 96, 49, 66, 92, 83, 91, 56},
		{15, 47, 64, 99, 42, 42, 92, 68, 86, 86, 84, 71, 13, 56, 67},
		{80, 56, 58, 35, 59, 48, 94, 20, 91, 13, 98, 23, 96, 52, 85},
		{62, 73, 66, 93, 21, 20, 15, 45, 11, 56, 64, 79, 15, 61, 47},
		{73, 66, 99, 18, 57, 80, 29, 66, 11, 51, 83, 38, 98, 22, 79}
	},
	{
		{27, 12, 25, 23, 75, 73, 72, 76, 79, 89, 77, 37, 50, 50, 92},
		{58, 64, 30, 56, 70, 94, 61, 87, 88, 25, 84, 60, 28, 78, 35},
		{58, 46, 78, 35, 18, 75, 58, 48, 71, 99, 50, 48, 44, 11, 85},
		{39, 77, 69, 26, 94, 55, 43, 89, 84, 62, 88, 85, 33, 53, 94},
		{96, 81, 88, 64, 37, 92, 43, 59, 73, 25, 88, 84, 94, 44, 67},
		{52, 93, 98, 97, 38, 73, 11, 35, 68, 10, 65, 38, 88, 48, 56},
		{72, 97, 41, 28, 71, 78, 65, 14, 38, 77, 98, 21, 98, 76, 38},
		{44, 15, 84, 86, 69, 97, 74, 60, 10, 57, 29, 33, 67, 45, 86},
		{81, 24, 43, 89, 72, 39, 79, 17, 98, 96, 46, 68, 27, 90, 64},
		{25, 73, 98, 67, 78, 47, 32, 31, 47, 55, 56, 32, 68, 45, 76},
		{66, 10, 97, 27, 69, 29, 83, 44, 10, 23, 69, 76, 45, 43, 15},
		{54, 72, 92, 60, 19, 34, 47, 17, 36, 69, 57, 46, 57, 79, 33},
		{32, 96, 14, 87, 82, 56, 65, 99, 91, 94, 49, 40, 51, 58, 27},
		{28, 73, 78, 10, 42, 10, 60, 17, 52, 14, 80, 89, 95, 18, 74},
		{63, 88, 32, 54, 77, 71, 67, 55, 23, 97, 60, 58, 43, 69, 63},
		{45, 46, 77, 89, 34, 28, 83, 70, 73, 89, 95, 29, 18, 98, 91},
		{71, 82, 56, 74, 51, 72, 82, 51, 84, 34, 90, 51, 49, 13, 58},
		{35, 27, 80, 13, 97, 39, 68, 22, 19, 46, 51, 39, 68, 22, 33},
		{98, 37, 22, 40, 99, 77, 19, 46, 29, 10, 80, 20, 81, 70, 68},
		{55, 78, 45, 99, 22, 72, 36, 11, 68, 38, 82, 87, 45, 98, 28},
		{82, 37, 33, 22, 44, 63, 50, 55, 41, 10, 52, 32, 86, 11, 20},
		{35, 44, 11, 18, 91, 65, 35, 78, 32, 80, 27, 44, 78, 69, 41},
		{12, 99, 23, 88, 27, 59, 62, 59, 80, 23, 58, 97, 12, 70, 87},
		{67, 32, 46, 74, 76, 35, 91, 64, 70, 65, 89, 51, 17, 80, 49},
		{66, 72, 18, 85, 72, 19, 99, 56, 14, 22, 22, 88, 64, 18, 82},
		{23, 37, 24, 18, 28, 39, 55, 34, 31, 16, 40, 10, 79, 10, 64},
		{64, 83, 81, 75, 13, 98, 68, 75, 97, 71, 66, 39, 79, 49, 47},
		{46, 15, 27, 22, 33, 34, 64, 55, 54, 14, 39, 98, 85, 38, 56},
		{90, 14, 97, 78, 60, 63, 24, 56, 67, 86, 44, 91, 68, 34, 60},
		{25, 62, 96, 14, 17, 29, 52, 89, 58, 97, 62, 23, 69, 32, 88},
		{22, 93, 63, 82, 89, 21, 85, 46, 61, 20, 24, 53, 66, 66, 35},
		{11, 70, 34, 36, 42, 87, 40, 96, 16, 44, 24, 93, 99, 84, 55},
		{85, 55, 29, 45, 75, 17, 66, 99, 50, 22, 71, 26, 36, 30, 26},
		{92, 58, 83, 84, 33, 67, 14, 36, 91, 61, 81, 29, 13, 44, 10},
		{64, 57, 51, 13, 48, 79, 71, 17, 55, 64, 64, 70, 88, 61, 76},
		{19, 18, 47, 73, 25, 40, 82, 79, 44, 53, 14, 12, 34, 57, 21},
		{23, 81, 93, 89, 92, 58, 80, 34, 70, 95, 36, 24, 27, 49, 41},
		{83, 13, 34, 63, 51, 12, 54, 54, 92, 46, 40, 83, 58, 63, 11},
		{68, 84, 10, 89, 51, 15, 40, 56, 89, 75, 16, 72, 23, 31, 85},
		{71, 37, 99, 72, 47, 38, 53, 12, 19, 23, 87, 88, 79, 10, 93},
		{45, 11, 88, 57, 43, 57, 20, 84, 41, 93, 74, 99, 99, 30, 96},
		{24, 41, 26, 44, 28, 20, 82, 94, 44, 96, 71, 43, 51, 74, 38},
		{86, 57, 87, 66, 46, 66, 65, 80, 34, 40, 36, 44, 66, 68, 48},
		{85, 92, 63, 14, 69, 96, 56, 89, 93, 41, 85, 90, 77, 16, 88},
		{49, 23, 47, 46, 39, 76, 80, 52, 60, 88, 92, 31, 41, 18, 80},
		{75, 35, 61, 95, 93, 68, 52, 79, 50, 86, 62, 97, 98, 66, 65},
		{57, 93, 70, 93, 46, 24, 41, 51, 54, 64, 76, 71, 86, 68, 65},
		{29, 33, 95, 50, 88, 20, 74, 66, 78, 46, 54, 70, 97, 97, 36},
		{96, 40, 80, 52, 29, 77, 33, 91, 99, 66, 15, 35, 52, 76, 40},
		{38, 28, 51, 10, 65, 71, 35, 99, 83, 12, 46, 18, 80, 53, 30}
	},
	{
		{60, 30, 51, 13, 32, 68, 31, 56, 42, 94, 16, 42, 72, 52, 42},
		{94, 30, 42, 68, 36, 23, 53, 60, 51, 22, 87, 24, 10, 33, 48},
		{48, 40, 72, 34, 39, 53, 77, 46, 31, 88, 40, 63, 39, 54, 66},
		{16, 14, 48, 55, 37, 59, 36, 35, 30, 41, 85, 93, 24, 70, 18},
		{81, 19, 81, 22, 11, 28, 76, 92, 29, 40, 54, 86, 35, 87, 54},
		{85, 13, 48, 33, 33, 54, 15, 12, 82, 87, 15, 97, 78, 40, 17},
		{84, 47, 56, 54, 33, 49, 75, 54, 63, 35, 73, 25, 88, 94, 33},
		{90, 33, 29, 79, 28, 90, 61, 40, 14, 19, 66, 22, 53, 61, 25},
		{16, 22, 42, 76, 23, 46, 95, 92, 19, 76, 56, 16, 61, 96, 65},
		{80, 68, 45, 52, 17, 46, 48, 35, 54, 73, 10, 52, 65, 34, 80},
		{73, 16, 46, 80, 99, 52, 36, 98, 68, 54, 13, 90, 15, 25, 82},
		{77, 52, 54, 99, 47, 31, 60, 60, 66, 51, 49, 40, 20, 93, 81},
		{99, 48, 97, 24, 14, 63, 30, 58, 33, 45, 18, 60, 36, 17, 20},
		{33, 77, 35, 45, 54, 53, 19, 39, 47, 91, 78, 81, 92, 80, 59},
		{13, 14, 36, 86, 61, 28, 30, 33, 32, 67, 66, 96, 96, 10, 60},
		{34, 73, 91, 70, 37, 11, 35, 55, 92, 17, 18, 45, 31, 74, 41},
		{88, 61, 52, 94, 83, 68, 83, 49, 61, 53, 19, 74, 95, 12, 42},
		{22, 68, 70, 20, 39, 28, 59, 32, 50, 73, 56, 16, 42, 80, 53},
		{36, 54, 69, 89, 88, 91, 62, 68, 77, 62, 69, 72, 47, 31, 72},
		{28, 68, 39, 85, 57, 12, 22, 44, 97, 88, 58, 30, 17, 95, 86},
		{78, 31, 77, 81, 34, 81, 12, 68, 22, 60, 55, 68, 49, 28, 72},
		{80, 39, 94, 84, 65, 14, 43, 47, 21, 29, 14, 33, 83, 65, 47},
		{70, 13, 48, 23, 99, 95, 19, 76, 22, 96, 41, 91, 54, 70, 44},
		{49, 21, 37, 22, 61, 15, 52, 68, 54, 19, 93, 79, 30, 99, 92},
		{50, 72, 32, 20, 78, 29, 44, 14, 51, 36, 42, 41, 12, 15, 75},
		{40, 79, 97, 61, 80, 89, 25, 26, 35, 43, 63, 15, 12, 66, 73},
		{73, 67, 70, 95, 77, 22, 78, 87, 69, 89, 29, 78, 78, 21, 27},
		{21, 27, 49, 29, 72, 43, 42, 59, 23, 22, 81, 69, 30, 20, 53},
		{71, 14, 66, 51, 17, 65, 58, 11, 56, 98, 68, 80, 92, 47, 34},
		{10, 49, 21, 82, 43, 32, 28, 83, 41, 23, 76, 45, 32, 42, 24},
		{72, 98, 85, 34, 56, 30, 56, 88, 81, 84, 40, 66, 73, 14, 18},
		{16, 50, 50, 85, 92, 41, 30, 73, 28, 46, 86, 35, 65, 50, 35},
		{26, 51, 89, 43, 63, 11, 66, 18, 34, 52, 83, 52, 22, 39, 15},
		{49, 46, 40, 56, 98, 58, 62, 54, 11, 94, 70, 22, 90, 13, 27},
		{16, 63, 32, 36, 30, 99, 31, 78, 89, 87, 38, 99, 85, 74, 30},
		{74, 49, 45, 20, 11, 20, 15, 54, 13, 53, 60, 98, 75, 37, 51},
		{29, 41, 36, 94, 52, 17, 54, 52, 93, 21, 30, 49, 65, 77, 91},
		{22, 61, 94, 14, 58, 32, 76, 58, 38, 13, 45, 20, 14, 66, 79},
		{30, 37, 24, 17, 89, 25, 91, 16, 71, 85, 16, 11, 73, 90, 26},
		{21, 39, 44, 68, 86, 90, 40, 87, 56, 45, 80, 36, 46, 82, 55},
		{99, 43, 89, 99, 18, 52, 14, 72, 59, 16, 13, 23, 56, 59, 92},
		{98, 68, 28, 75, 47, 64, 66, 20, 37, 99, 87, 20, 54, 18, 84},
		{81, 73, 17, 99, 91, 11, 12, 44, 93, 70, 25, 59, 46, 76, 10},
		{84, 72, 98, 19, 94, 12, 43, 98, 99, 55, 50, 10, 64, 38, 84},
		{82, 49, 36, 15, 34, 32, 30, 51, 46, 44, 31, 58, 40, 20, 28},
		{48, 54, 81, 23, 44, 14, 98, 76, 22, 70, 80, 80, 71, 74, 74},
		{43, 95, 28, 60, 61, 95, 59, 30, 73, 43, 43, 86, 63, 21, 33},
		{76, 56, 62, 92, 35, 61, 63, 72, 22, 85, 86, 78, 70, 49, 70},
		{90, 28, 93, 56, 96, 16, 11, 30, 34, 21, 67, 42, 50, 93, 71},
		{89, 83, 61, 36, 86, 96, 22, 40, 49, 21, 91, 10, 20, 96, 85}
	},
	{
		{78, 88, 95, 76, 95, 22, 13, 15, 61, 30, 53, 47, 55, 99, 59},
		{76, 93, 98, 59, 90, 17, 35, 50, 79, 98, 62, 77, 19, 57, 29},
		{97, 35, 20, 78, 34, 43, 66, 37, 66, 19, 83, 24, 75, 69, 34},
		{86, 31, 19, 39, 42, 69, 60, 98, 52, 22, 39, 34, 89, 91, 98},
		{88, 24, 68, 60, 70, 25, 48, 82, 43, 84, 67, 29, 39, 91, 91},
		{31, 41, 81, 18, 33, 70, 26, 73, 94, 59, 38, 89, 27, 80, 37},
		{49, 15, 27, 99, 45, 88, 37, 70, 73, 74, 17, 18, 52, 35, 73},
		{22, 70, 19, 33, 24, 91, 85, 88, 51, 19, 87, 75, 62, 11, 32},
		{56, 85, 91, 35, 19, 58, 47, 22, 53, 41, 70, 13, 77, 43, 79},
		{16, 59, 31, 57, 51, 59, 34, 41, 51, 61, 41, 76, 77, 99, 74},
		{12, 38, 58, 77, 35, 54, 47, 58, 90, 65, 17, 50, 94, 59, 46},
		{24, 63, 70, 80, 22, 74, 75, 50, 64, 79, 43, 50, 23, 60, 23},
		{36, 77, 91, 85, 21, 97, 24, 63, 47, 82, 61, 22, 52, 40, 97},
		{38, 18, 95, 18, 18, 97, 30, 26, 11, 82, 16, 89, 64, 62, 97},
		{71, 28, 19, 12, 11, 50, 59, 49, 34, 80, 67, 98, 46, 97, 59},
		{39, 16, 26, 83, 84, 96, 25, 25, 26, 14, 13, 74, 43, 62, 92},
		{31, 23, 14, 40, 47, 13, 54, 31, 66, 98, 88, 62, 84, 13, 84},
		{56, 57, 46, 21, 84, 13, 44, 33, 16, 50, 26, 29, 64, 31, 56},
		{25, 14, 78, 69, 15, 44, 82, 87, 80, 52, 31, 73, 78, 47, 19},
		{32, 10, 37, 82, 38, 17, 75, 65, 15, 39, 93, 15, 48, 79, 75},
		{85, 78, 65, 20, 31, 87, 45, 96, 79, 16, 25, 48, 13, 17, 63},
		{95, 66, 75, 21, 43, 94, 50, 57, 39, 30, 76, 16, 80, 65, 71},
		{80, 41, 46, 54, 65, 41, 25, 76, 23, 95, 55, 40, 85, 41, 14},
		{54, 27, 78, 70, 24, 52, 33, 36, 19, 57, 88, 83, 87, 57, 60},
		{84, 93, 28, 56, 40, 14, 31, 57, 78, 16, 88, 60, 88, 15, 45},
		{56, 46, 14, 61, 17, 15, 52, 25, 17, 28, 32, 94, 74, 67, 23},
		{65, 75, 76, 86, 71, 83, 19, 50, 27, 97, 12, 63, 14, 88, 62},
		{88, 40, 80, 16, 17, 60, 36, 63, 26, 49, 88, 81, 82, 80, 45},
		{12, 56, 94, 72, 23, 22, 89, 64, 43, 51, 75, 93, 93, 31, 62},
		{86, 46, 60, 36, 35, 50, 57, 65, 14, 41, 73, 79, 17, 47, 79},
		{20, 55, 41, 44, 15, 51, 56, 72, 98, 62, 16, 62, 18, 39, 34},
		{45, 30, 39, 45, 24, 51, 14, 95, 75, 71, 56, 60, 62, 83, 54},
		{33, 12, 25, 87, 63, 17, 52, 29, 61, 10, 87, 59, 21, 76, 31},
		{13, 12, 84, 54, 35, 29, 76, 37, 74, 24, 73, 20, 93, 99, 78},
		{48, 32, 59, 59, 67, 15, 29, 22, 55, 53, 15, 80, 51, 40, 53},
		{54, 72, 23, 73, 85, 84, 26, 51, 47, 27, 44, 54, 45, 43, 28},
		{45, 51, 61, 48, 93, 14, 41, 75, 58, 96, 60, 85, 65, 76, 33},
		{14, 29, 36, 68, 70, 21, 34, 82, 37, 53, 93, 26, 79, 77, 38},
		{54, 66, 33, 58, 59, 21, 76, 26, 36, 34, 49, 34, 54, 58, 26},
		{43, 49, 33, 92, 25, 19, 26, 55, 76, 74, 40, 90, 67, 89, 82},
		{78, 89, 97, 79, 78, 70, 88, 22, 91, 81, 58, 73, 19, 87, 87},
		{82, 85, 50, 80, 24, 83, 15, 77, 19, 71, 59, 73, 54, 26, 29},
		{60, 34, 76, 96, 14, 16, 83, 65, 62, 19, 35, 82, 60, 59, 41},
		{33, 25, 74, 81, 93, 64, 14, 28, 81, 25, 90, 79, 12, 75, 59},
		{38, 45, 69, 93, 67, 17, 51, 67, 16, 14, 29, 69, 60, 62, 90},
		{49, 57, 66, 26, 66, 55, 42, 52, 32, 10, 38, 38, 79, 11, 36},
		{10, 37, 30, 98, 87, 49, 99, 21, 15, 86, 69, 65, 36, 57, 36},
		{54, 18, 82, 24, 48, 91, 71, 63, 53, 51, 21, 15, 63, 42, 36},
		{37, 64, 10, 90, 60, 25, 53, 89, 33, 97, 95, 13, 20, 86, 99},
		{80, 15, 45, 77, 75, 54, 34, 99, 76, 90, 22, 93, 77, 77, 44}
	},
	{
		{49, 24, 36, 65, 16, 13, 31, 38, 59, 87, 49, 43, 66, 74, 29},
		{44, 67, 66, 98, 81, 82, 88, 10, 49, 35, 45, 96, 74, 50, 33},
		{19, 78, 49, 84, 68, 11, 32, 63, 56, 51, 23, 92, 72, 45, 42},
		{23, 94, 73, 23, 50, 93, 49, 59, 59, 49, 21, 54, 69, 48, 47},
		{44, 83, 11, 92, 83, 64, 79, 43, 25, 23, 16, 81, 85, 54, 31},
		{25, 39, 23, 53, 25, 24, 93, 81, 68, 56, 97, 95, 90, 70, 86},
		{46, 71, 16, 60, 71, 90, 36, 53, 53, 40, 87, 62, 35, 14, 56},
		{70, 75, 18, 93, 63, 72, 95, 67, 48, 55, 19, 87, 21, 12, 96},
		{29, 53, 53, 92, 29, 96, 27, 49, 25, 49, 47, 20, 38, 71, 55},
		{45, 80, 76, 15, 98, 86, 72, 77, 19, 60, 31, 68, 67, 14, 43},
		{18, 50, 50, 76, 88, 84, 12, 70, 77, 58, 71, 27, 34, 81, 65},
		{30, 71, 82, 20, 32, 47, 70, 26, 67, 21, 26, 66, 87, 70, 54},
		{12, 50, 46, 79, 20, 96, 98, 55, 93, 22, 31, 87, 74, 63, 57},
		{82, 38, 52, 31, 97, 12, 61, 62, 56, 56, 33, 11, 11, 56, 17},
		{93, 90, 85, 45, 33, 74, 98, 73, 50, 75, 13, 89, 53, 12, 60},
		{93, 32, 22, 75, 34, 71, 37, 50, 10, 42, 40, 82, 92, 97, 82},
		{67, 72, 63, 15, 21, 12, 18, 41, 54, 61, 25, 85, 84, 51, 17},
		{96, 41, 68, 92, 13, 15, 35, 86, 15, 27, 72, 63, 89, 62, 53},
		{87, 43, 86, 95, 37, 15, 67, 46, 24, 20, 97, 25, 79, 92, 35},
		{10, 61, 46, 98, 10, 86, 22, 46, 93, 18, 16, 80, 48, 49, 76},
		{38, 42, 37, 60, 63, 42, 30, 36, 44, 76, 75, 86, 57, 60, 94},
		{94, 57, 88, 89, 62, 59, 59, 62, 93, 42, 36, 50, 12, 12, 77},
		{25, 79, 58, 78, 41, 98, 74, 69, 15, 86, 53, 69, 50, 53, 47},
		{26, 50, 94, 26, 68, 35, 63, 22, 73, 48, 95, 14, 19, 82, 74},
		{65, 96, 87, 60, 88, 80, 69, 67, 39, 73, 35, 80, 92, 35, 35},
		{58, 86, 48, 18, 57, 66, 11, 74, 82, 73, 43, 50, 38, 76, 74},
		{28, 92, 33, 94, 36, 31, 73, 46, 94, 54, 73, 90, 73, 55, 38},
		{17, 23, 42, 87, 85, 14, 14, 89, 74, 45, 84, 82, 77, 66, 39},
		{19, 22, 40, 42, 38, 98, 76, 64, 34, 92, 86, 99, 64, 46, 76},
		{18, 30, 66, 52, 72, 98, 44, 75, 35, 93, 93, 84, 92, 11, 32},
		{16, 46, 28, 20, 54, 30, 14, 37, 58, 82, 14, 69, 79, 52, 21},
		{69, 68, 26, 91, 90, 95, 20, 87, 57, 52, 47, 41, 66, 81, 42},
		{41, 37, 54, 92, 16, 10, 71, 12, 57, 44, 74, 14, 46, 87, 90},
		{28, 56, 15, 78, 92, 98, 73, 45, 45, 37, 84, 92, 87, 78, 44},
		{29, 65, 52, 86, 95, 80, 76, 25, 43, 18, 78, 16, 22, 79, 55},
		{67, 89, 73, 69, 91, 22, 11, 39, 88, 26, 75, 17, 90, 35, 26},
		{55, 76, 11, 91, 60, 35, 60, 31, 47, 68, 38, 49, 85, 30, 34},
		{91, 27, 25, 14, 25, 94, 68, 69, 59, 28, 79, 17, 24, 67, 52},
		{94, 31, 33, 54, 77, 92, 69, 93, 96, 78, 26, 67, 87, 34, 50},
		{76, 86, 64, 37, 32, 56, 96, 50, 55, 56, 98, 13, 91, 47, 32},
		{94, 15, 11, 67, 49, 25, 59, 45, 30, 68, 27, 94, 83, 57, 24},
		{31, 20, 98, 67, 41, 10, 34, 51, 14, 45, 71, 61, 61, 29, 47},
		{66, 68, 77, 85, 72, 55, 17, 55, 17, 15, 68, 93, 36, 94, 88},
		{79, 82, 33, 33, 53, 69, 64, 14, 23, 78, 99, 54, 49, 95, 16},
		{96, 63, 89, 38, 30, 18, 36, 29, 39, 15, 11, 17, 76, 44, 83},
		{15, 17, 21, 40, 48, 86, 42, 46, 25, 50, 66, 86, 79, 10, 28},
		{28, 84, 87, 81, 87, 52, 49, 71, 78, 82, 99, 64, 44, 60, 25},
		{32, 90, 15, 12, 73, 59, 13, 90, 38, 44, 96, 32, 11, 31, 40},
		{12, 17, 40, 24, 39, 95, 93, 66, 56, 25, 26, 80, 73, 47, 76},
		{61, 62, 94, 26, 66, 62, 75, 50, 87, 93, 72, 49, 74, 29, 76}
	},
	{
		{36, 37, 42, 67, 36, 93, 59, 90, 42, 18, 44, 64, 89, 45, 67},
		{82, 45, 98, 87, 52, 71, 32, 98, 41, 11, 85, 87, 38, 88, 66},
		{14, 93, 59, 85, 76, 26, 36, 90, 66, 20, 78, 47, 85, 27, 81},
		{84, 15, 75, 31, 63, 77, 29, 72, 99, 87, 98, 94, 74, 20, 98},
		{54, 33, 13, 93, 11, 27, 11, 88, 90, 61, 69, 61, 80, 91, 69},
		{49, 70, 86, 31, 74, 39, 67, 44, 56, 47, 99, 68, 29, 43, 77},
		{54, 72, 77, 65, 85, 24, 72, 41, 37, 29, 53, 34, 98, 44, 88},
		{13, 54, 84, 47, 90, 68, 74, 72, 84, 99, 24, 54, 81, 56, 11},
		{44, 74, 62, 54, 51, 58, 53, 58, 87, 26, 57, 53, 74, 96, 69},
		{65, 57, 68, 46, 47, 41, 33, 48, 22, 96, 24, 71, 48, 22, 52},
		{90, 45, 59, 20, 95, 88, 49, 42, 69, 73, 33, 92, 37, 83, 54},
		{53, 15, 65, 59, 37, 72, 55, 31, 65, 56, 60, 19, 58, 29, 93},
		{85, 91, 84, 22, 21, 87, 57, 89, 63, 82, 38, 75, 97, 71, 20},
		{28, 56, 50, 76, 19, 33, 36, 39, 33, 81, 22, 30, 99, 40, 90},
		{23, 35, 87, 24, 32, 39, 88, 38, 38, 48, 68, 73, 42, 70, 83},
		{90, 80, 10, 29, 24, 99, 42, 91, 62, 87, 89, 37, 14, 45, 40},
		{67, 93, 63, 62, 57, 74, 12, 16, 54, 22, 66, 13, 96, 30, 88},
		{65, 21, 84, 12, 15, 39, 32, 45, 87, 77, 15, 99, 60, 69, 75},
		{31, 15, 84, 77, 48, 27, 59, 37, 73, 98, 82, 44, 25, 69, 60},
		{41, 97, 34, 83, 35, 78, 35, 74, 50, 96, 16, 79, 84, 82, 64},
		{31, 91, 59, 16, 68, 83, 41, 65, 29, 64, 10, 39, 58, 50, 26},
		{72, 25, 99, 20, 68, 49, 19, 37, 61, 45, 55, 32, 16, 50, 23},
		{36, 86, 27, 23, 34, 74, 23, 59, 85, 17, 79, 24, 14, 14, 18},
		{50, 63, 27, 68, 90, 91, 12, 29, 25, 72, 91, 81, 58, 82, 55},
		{37, 18, 56, 57, 16, 98, 86, 81, 82, 12, 17, 47, 31, 93, 10},
		{50, 45, 79, 96, 22, 97, 47, 88, 27, 88, 44, 50, 46, 92, 83},
		{75, 29, 75, 47, 56, 25, 35, 97, 52, 21, 67, 91, 18, 76, 94},
		{45, 72, 79, 41, 98, 35, 20, 30, 27, 41, 68, 19, 27, 78, 99},
		{29, 11, 96, 82, 75, 79, 88, 67, 19, 20, 42, 73, 60, 57, 49},
		{40, 44, 62, 31, 77, 33, 28, 26, 89, 33, 46, 68, 44, 68, 98},
		{85, 81, 99, 98, 54, 89, 14, 70, 14, 83, 12, 19, 44, 50, 39},
		{59, 58, 88, 79, 50, 10, 24, 65, 88, 26, 61, 45, 80, 24, 31},
		{17, 20, 41, 54, 87, 69, 78, 13, 58, 73, 48, 35, 36, 84, 46},
		{79, 85, 42, 65, 60, 71, 26, 11, 78, 32, 76, 94, 74, 72, 24},
		{56, 59, 25, 58, 88, 28, 87, 91, 91, 62, 57, 19, 69, 54, 87},
		{77, 32, 28, 83, 69, 68, 55, 75, 88, 92, 41, 68, 33, 35, 60},
		{34, 85, 91, 19, 20, 11, 30, 57, 60, 67, 24, 32, 82, 53, 80},
		{72, 69, 42, 40, 73, 29, 57, 44, 60, 20, 57, 34, 55, 24, 38},
		{19, 26, 94, 85, 35, 18, 25, 73, 79, 85, 29, 80, 11, 18, 67},
		{86, 99, 78, 98, 17, 53, 26, 74, 67, 30, 76, 81, 62, 41, 32},
		{92, 99, 52, 27, 14, 25, 40, 38, 43, 19, 25, 95, 99, 79, 47},
		{45, 95, 33, 67, 79, 86, 19, 53, 75, 82, 36, 21, 20, 34, 52},
		{29, 43, 83, 60, 60, 57, 24, 96, 14, 70, 46, 72, 81, 80, 13},
		{56, 27, 96, 72, 29, 49, 45, 60, 33, 54, 57, 50, 16, 44, 57},
		{54, 79, 66, 41, 60, 37, 28, 37, 15, 69, 38, 55, 55, 67, 64},
		{78, 32, 31, 84, 82, 35, 81, 23, 22, 34, 66, 72, 96, 75, 19},
		{37, 27, 55, 42, 98, 76, 99, 47, 46, 90, 96, 68, 44, 60, 48},
		{30, 99, 22, 21, 28, 48, 31, 16, 64, 39, 24, 16, 81, 10, 68},
		{33, 47, 53, 93, 36, 31, 86, 74, 53, 11, 73, 19, 11, 60, 13},
		{45, 96, 16, 20, 27, 88, 22, 89, 72, 44, 52, 24, 15, 45, 42}
	},
	{
		{48, 76, 76, 51, 47, 42, 33, 40, 61, 39, 97, 93, 21, 34, 23},
		{41, 70, 71, 46, 22, 47, 17, 50, 40, 44, 14, 37, 73, 45, 19},
		{81, 14, 80, 18, 89, 21, 40, 77, 94, 20, 74, 57, 78, 74, 99},
		{84, 18, 24, 34, 73, 74, 66, 86, 25, 10, 60, 96, 37, 55, 93},
		{41, 55, 65, 62, 35, 99, 65, 54, 90, 30, 17, 32, 90, 55, 40},
		{53, 51, 39, 89, 72, 13, 61, 61, 40, 79, 96, 38, 99, 99, 70},
		{13, 53, 51, 87, 54, 49, 49, 60, 97, 42, 96, 33, 45, 55, 57},
		{19, 68, 93, 83, 91, 76, 66, 78, 49, 11, 79, 45, 84, 40, 25},
		{18, 96, 71, 93, 37, 65, 63, 45, 72, 64, 29, 68, 95, 78, 71},
		{74, 71, 79, 90, 92, 95, 42, 31, 33, 67, 21, 63, 60, 22, 76},
		{67, 56, 54, 80, 97, 28, 38, 34, 45, 10, 10, 55, 43, 23, 10},
		{53, 59, 27, 95, 84, 65, 14, 47, 56, 62, 22, 67, 63, 68, 77},
		{75, 56, 85, 39, 50, 48, 34, 25, 42, 75, 33, 42, 69, 78, 86},
		{18, 45, 27, 51, 49, 26, 52, 63, 89, 67, 19, 35, 21, 13, 63},
		{55, 19, 66, 35, 63, 84, 54, 86, 91, 63, 52, 82, 52, 76, 71},
		{82, 22, 15, 51, 30, 32, 54, 76, 85, 28, 80, 54, 36, 74, 39},
		{36, 44, 91, 68, 89, 49, 25, 48, 30, 41, 48, 87, 80, 90, 49},
		{10, 15, 26, 23, 95, 17, 88, 50, 26, 46, 20, 85, 15, 47, 60},
		{61, 86, 46, 29, 47, 76, 76, 41, 23, 82, 76, 45, 84, 11, 14},
		{63, 36, 44, 43, 12, 37, 80, 16, 18, 22, 60, 46, 88, 76, 84},
		{68, 83, 86, 99, 28, 53, 20, 49, 18, 89, 24, 23, 46, 85, 79},
		{87, 51, 82, 52, 96, 58, 69, 97, 72, 41, 10, 16, 99, 17, 30},
		{97, 93, 10, 78, 87, 77, 36, 53, 41, 58, 64, 68, 84, 41, 30},
		{87, 55, 96, 88, 20, 31, 65, 12, 89, 94, 15, 29, 93, 97, 55},
		{97, 68, 31, 93, 93, 23, 27, 67, 30, 82, 98, 18, 36, 42, 13},
		{63, 11, 92, 97, 50, 69, 20, 27, 67, 27, 24, 42, 12, 12, 88},
		{82, 53, 68, 91, 96, 98, 94, 55, 31, 93, 19, 45, 26, 16, 55},
		{73, 14, 32, 72, 55, 94, 94, 74, 35, 47, 66, 80, 89, 97, 36},
		{33, 62, 86, 48, 84, 45, 75, 45, 30, 34, 58, 24, 93, 39, 12},
		{87, 46, 81, 89, 63, 20, 60, 25, 34, 15, 73, 42, 90, 54, 45},
		{44, 36, 33, 22, 12, 20, 89, 40, 90, 62, 52, 72, 88, 75, 78},
		{33, 14, 27, 39, 30, 15, 75, 50, 72, 74, 14, 80, 73, 74, 13},
		{97, 87, 49, 97, 70, 63, 70, 82, 84, 32, 55, 76, 75, 29, 56},
		{74, 12, 25, 15, 49, 96, 45, 97, 96, 84, 66, 22, 39, 82, 78},
		{84, 19, 37, 22, 94, 23, 18, 79, 66, 53, 44, 43, 47, 66, 15},
		{75, 75, 93, 30, 56, 43, 38, 91, 46, 97, 18, 59, 34, 61, 21},
		{65, 81, 11, 24, 37, 63, 22, 78, 43, 57, 15, 61, 33, 69, 20},
		{14, 83, 56, 12, 95, 91, 17, 91, 36, 88, 43, 99, 90, 52, 61},
		{36, 16, 21, 31, 24, 39, 71, 17, 73, 33, 64, 28, 27, 92, 69},
		{54, 85, 97, 80, 83, 38, 57, 85, 91, 10, 52, 16, 20, 42, 89},
		{73, 20, 98, 72, 75, 52, 72, 66, 60, 39, 10, 15, 78, 85, 41},
		{51, 18, 83, 21, 28, 39, 68, 48, 68, 21, 43, 35, 75, 12, 99},
		{55, 95, 78, 56, 50, 99, 31, 15, 67, 13, 69, 27, 23, 22, 31},
		{14, 42, 10, 20, 18, 29, 69, 11, 43, 70, 71, 55, 33, 19, 55},
		{24, 23, 53, 21, 33, 35, 92, 32, 55, 23, 83, 78, 41, 44, 34},
		{11, 55, 13, 44, 11, 96, 60, 79, 74, 19, 57, 29, 44, 44, 87},
		{16, 24, 56, 36, 97, 22, 92, 33, 13, 27, 53, 32, 11, 62, 63},
		{12, 38, 14, 17, 78, 30, 53, 54, 82, 82, 39, 84, 88, 14, 81},
		{33, 64, 60, 30, 65, 91, 43, 78, 26, 73, 72, 15, 62, 94, 35},
		{24, 37, 16, 58, 21, 82, 80, 83, 15, 18, 55, 45, 11, 35, 55}
	}
}