alpha=0.2
gamma=0.6
selection_rate=1
max_gen=2000
job_num=50
machine_num=20
pop_size=100
Threshold=8580
scenario_num=20
{
	{
		{32, 43, 70, 23, 18, 40, 14, 49, 83, 33, 82, 53, 31, 68, 98, 15, 25, 51, 53, 97},
		{39, 46, 63, 47, 36, 20, 25, 46, 60, 26, 93, 18, 62, 51, 97, 55, 52, 93, 81, 19},
		{95, 68, 95, 98, 45, 93, 71, 15, 26, 98, 62, 72, 70, 50, 86, 94, 83, 91, 64, 57},
		{79, 42, 71, 73, 30, 14, 61, 95, 52, 47, 80, 22, 94, 23, 22, 15, 68, 25, 44, 39},
		{91, 82, 88, 80, 75, 98, 14, 99, 24, 76, 90, 88, 44, 22, 42, 41, 25, 91, 70, 87},
		{55, 19, 73, 92, 78, 67, 61, 12, 20, 88, 97, 36, 71, 61, 90, 30, 16, 61, 63, 53},
		{80, 20, 23, 34, 32, 56, 99, 10, 37, 50, 52, 69, 98, 73, 96, 66, 76, 81, 89, 94},
		{19, 37, 96, 52, 76, 52, 38, 70, 45, 12, 89, 60, 39, 80, 65, 39, 26, 23, 43, 31},
		{23, 36, 97, 27, 39, 95, 18, 89, 57, 71, 17, 27, 16, 13, 19, 68, 45, 98, 98, 29},
		{17, 22, 22, 71, 57, 68, 24, 60, 11, 46, 26, 47, 36, 58, 43, 90, 59, 16, 11, 13},
		{25, 65, 36, 63, 35, 89, 13, 76, 62, 10, 32, 61, 76, 34, 52, 13, 77, 98, 72, 87},
		{40, 15, 39, 11, 59, 17, 24, 34, 65, 62, 26, 70, 12, 62, 72, 27, 68, 73, 99, 12},
		{45, 69, 23, 39, 19, 64, 57, 72, 28, 72, 79, 19, 65, 89, 26, 61, 50, 68, 79, 12},
		{55, 43, 86, 36, 10, 21, 96, 61, 81, 74, 24, 60, 54, 58, 67, 31, 41, 30, 73, 42},
		{12, 73, 29, 78, 58, 39, 79, 32, 36, 77, 38, 33, 22, 27, 21, 79, 12, 63, 49, 69},
		{69, 76, 14, 26, 74, 18, 61, 41, 59, 91, 53, 38, 94, 47, 51, 66, 67, 26, 16, 61},
		{12, 48, 74, 85, 85, 46, 79, 31, 49, 68, 18, 49, 21, 30, 93, 51, 69, 81, 87, 84},
		{29, 33, 29, 20, 82, 76, 23, 95, 76, 95, 70, 96, 99, 59, 57, 21, 38, 50, 47, 88},
		{41, 36, 20, 39, 51, 92, 45, 10, 57, 98, 88, 72, 25, 24, 33, 42, 75, 48, 93, 47},
		{57, 49, 65, 79, 86, 19, 17, 32, 94, 93, 16, 32, 29, 66, 25, 65, 75, 94, 94, 41},
		{42, 36, 47, 18, 81, 55, 81, 54, 40, 36, 83, 83, 70, 50, 82, 44, 85, 61, 83, 87},
		{33, 46, 94, 77, 30, 87, 76, 13, 47, 84, 95, 83, 98, 53, 46, 95, 14, 34, 10, 60},
		{46, 57, 94, 78, 78, 70, 15, 46, 58, 70, 54, 38, 75, 16, 94, 33, 51, 10, 28, 86},
		{43, 92, 15, 71, 24, 38, 63, 90, 98, 40, 86, 76, 56, 96, 35, 79, 22, 27, 30, 49},
		{18, 34, 91, 71, 48, 17, 88, 18, 94, 97, 73, 25, 92, 31, 85, 71, 11, 44, 99, 27},
		{87, 88, 79, 24, 82, 70, 84, 68, 15, 49, 85, 79, 61, 70, 32, 23, 98, 73, 74, 28},
		{47, 38, 87, 58, 45, 21, 38, 69, 53, 12, 22, 68, 83, 30, 31, 90, 50, 12, 48, 89},
		{90, 59, 20, 88, 85, 22, 24, 94, 33, 16, 87, 71, 36, 20, 13, 75, 68, 78, 70, 35},
		{40, 95, 88, 21, 68, 84, 39, 86, 37, 60, 96, 25, 11, 53, 10, 21, 23, 27, 97, 86},
		{54, 74, 91, 19, 68, 97, 98, 41, 90, 87, 65, 40, 31, 68, 34, 58, 49, 24, 33, 64},
		{54, 16, 53, 37, 97, 15, 76, 18, 42, 14, 37, 27, 94, 49, 13, 23, 98, 18, 65, 11},
		{37, 56, 37, 40, 26, 51, 80, 96, 72, 62, 60, 68, 53, 74, 28, 19, 37, 51, 58, 78},
		{10, 46, 18, 67, 19, 28, 67, 40, 16, 79, 47, 24, 54, 39, 54, 78, 38, 43, 61, 26},
		{89, 76, 43, 46, 95, 79, 43, 36, 67, 65, 43, 23, 70, 52, 44, 17, 50, 99, 61, 78},
		{27, 82, 98, 98, 87, 37, 32, 79, 75, 83, 19, 28, 61, 67, 50, 71, 63, 37, 89, 69},
		{64, 95, 59, 49, 99, 70, 32, 15, 87, 91, 36, 54, 50, 34, 33, 19, 44, 33, 60, 45},
		{65, 11, 94, 15, 20, 23, 58, 86, 78, 95, 77, 59, 60, 49, 19, 41, 85, 31, 52, 69},
		{42, 37, 15, 64, 70, 70, 50, 16, 46, 85, 70, 40, 34, 92, 27, 53, 74, 36, 52, 92},
		{32, 59, 93, 19, 62, 62, 40, 83, 20, 95, 91, 97, 71, 64, 83, 42, 48, 75, 37, 40},
		{41, 11, 57, 91, 80, 60, 66, 37, 71, 61, 76, 42, 18, 71, 34, 74, 37, 10, 70, 58},
		{92, 50, 79, 34, 41, 88, 27, 83, 50, 57, 52, 40, 97, 84, 75, 68, 74, 24, 89, 71},
		{44, 79, 30, 11, 20, 95, 27, 27, 20, 43, 75, 53, 38, 19, 49, 62, 78, 93, 29, 87},
		{19, 17, 47, 92, 63, 18, 41, 61, 77, 54, 72, 56, 93, 57, 27, 74, 56, 13, 31, 35},
		{59, 10, 52, 19, 84, 61, 32, 67, 41, 16, 67, 17, 89, 92, 88, 52, 53, 51, 80, 12},
		{92, 78, 63, 68, 82, 40, 36, 52, 99, 51, 49, 53, 54, 32, 71, 25, 59, 17, 57, 28},
		{74, 98, 89, 97, 21, 54, 88, 84, 42, 76, 94, 22, 46, 23, 52, 76, 46, 65, 89, 11},
		{67, 14, 21, 87, 97, 63, 70, 27, 25, 60, 82, 27, 34, 12, 79, 78, 51, 97, 50, 48},
		{32, 73, 76, 44, 23, 44, 16, 54, 20, 10, 18, 26, 93, 46, 69, 93, 69, 41, 69, 12},
		{69, 53, 92, 70, 54, 86, 69, 20, 60, 50, 19, 47, 34, 98, 31, 75, 55, 77, 11, 20},
		{53, 18, 26, 97, 41, 26, 71, 45, 79, 80, 61, 50, 89, 71, 19, 51, 71, 28, 64, 80}
	},
	{
		{40, 70, 31, 45, 22, 54, 61, 92, 75, 93, 18, 58, 57, 17, 31, 81, 38, 28, 74, 43},
		{59, 82, 59, 14, 97, 22, 86, 42, 86, 28, 38, 56, 71, 58, 70, 91, 91, 30, 97, 31},
		{96, 91, 74, 66, 99, 88, 10, 10, 58, 10, 22, 62, 17, 26, 72, 65, 11, 65, 63, 76},
		{93, 45, 12, 29, 69, 96, 36, 50, 48, 78, 77, 59, 61, 96, 74, 19, 33, 25, 57, 57},
		{39, 99, 75, 17, 79, 26, 67, 54, 10, 90, 23, 22, 65, 42, 45, 68, 67, 97, 48, 52},
		{60, 44, 79, 70, 55, 13, 83, 91, 39, 93, 37, 63, 63, 67, 53, 97, 98, 74, 18, 41},
		{91, 60, 98, 66, 43, 87, 74, 17, 90, 53, 69, 10, 53, 76, 26, 17, 98, 38, 95, 85},
		{31, 21, 52, 94, 43, 65, 70, 26, 46, 48, 30, 37, 50, 66, 81, 91, 97, 22, 70, 91},
		{94, 97, 12, 91, 65, 78, 85, 75, 97, 54, 19, 77, 78, 73, 65, 45, 60, 38, 42, 60},
		{72, 76, 90, 32, 16, 82, 39, 93, 82, 58, 17, 36, 95, 77, 19, 13, 84, 31, 25, 57},
		{77, 48, 75, 18, 96, 90, 62, 67, 38, 28, 67, 79, 35, 27, 27, 72, 13, 90, 21, 53},
		{97, 76, 83, 36, 89, 87, 23, 49, 88, 12, 38, 45, 79, 91, 10, 70, 28, 65, 55, 86},
		{68, 44, 18, 16, 77, 14, 32, 10, 81, 11, 10, 72, 67, 57, 86, 20, 31, 76, 77, 75},
		{57, 15, 13, 99, 45, 24, 91, 58, 91, 26, 90, 62, 76, 79, 63, 77, 90, 82, 76, 66},
		{13, 90, 64, 91, 79, 50, 34, 12, 27, 42, 91, 91, 92, 39, 16, 64, 43, 88, 47, 95},
		{72, 78, 27, 20, 13, 15, 79, 79, 75, 62, 35, 46, 39, 24, 89, 13, 12, 47, 20, 10},
		{64, 93, 64, 71, 47, 34, 42, 96, 34, 93, 87, 34, 11, 24, 52, 50, 24, 71, 39, 21},
		{94, 24, 86, 62, 77, 93, 67, 81, 67, 88, 28, 50, 90, 73, 39, 95, 62, 25, 73, 12},
		{11, 28, 22, 36, 49, 44, 74, 22, 16, 49, 99, 74, 95, 74, 68, 85, 57, 67, 22, 78},
		{72, 14, 81, 12, 68, 63, 42, 63, 49, 16, 89, 49, 64, 20, 43, 61, 10, 30, 83, 44},
		{34, 78, 10, 88, 62, 58, 41, 95, 63, 93, 15, 23, 95, 56, 84, 21, 93, 82, 97, 32},
		{63, 77, 17, 79, 20, 33, 95, 84, 23, 71, 79, 97, 19, 22, 73, 88, 30, 93, 51, 66},
		{63, 12, 13, 84, 20, 34, 75, 69, 58, 25, 72, 76, 11, 26, 67, 10, 62, 98, 93, 67},
		{53, 83, 34, 67, 88, 85, 97, 41, 92, 42, 14, 74, 80, 35, 93, 41, 10, 46, 51, 19},
		{43, 39, 93, 15, 82, 27, 95, 78, 51, 66, 62, 34, 31, 71, 94, 13, 54, 75, 45, 71},
		{94, 16, 33, 41, 96, 73, 46, 10, 63, 39, 21, 24, 15, 93, 30, 35, 93, 34, 46, 28},
		{47, 50, 48, 94, 17, 34, 28, 68, 15, 44, 67, 72, 92, 94, 64, 75, 90, 56, 75, 34},
		{73, 54, 20, 67, 95, 77, 64, 44, 62, 98, 56, 78, 48, 69, 15, 97, 78, 50, 79, 96},
		{36, 93, 95, 71, 20, 88, 47, 72, 55, 62, 32, 40, 74, 62, 59, 70, 21, 17, 92, 58},
		{98, 59, 56, 37, 76, 25, 24, 54, 83, 36, 11, 79, 54, 54, 83, 32, 16, 76, 11, 48},
		{16, 27, 29, 65, 27, 69, 78, 22, 84, 39, 41, 77, 74, 54, 34, 10, 56, 39, 24, 26},
		{86, 65, 12, 81, 44, 82, 92, 48, 70, 45, 60, 41, 31, 86, 50, 79, 50, 87, 36, 48},
		{37, 19, 32, 76, 44, 95, 63, 45, 65, 99, 27, 39, 27, 36, 44, 88, 16, 38, 24, 62},
		{70, 93, 18, 30, 11, 34, 19, 85, 18, 27, 10, 62, 18, 77, 55, 81, 20, 23, 89, 59},
		{67, 78, 26, 63, 96, 23, 71, 70, 68, 47, 57, 10, 87, 55, 84, 77, 36, 36, 68, 96},
		{31, 19, 94, 95, 57, 36, 58, 54, 93, 72, 70, 97, 70, 83, 12, 74, 72, 37, 39, 97},
		{91, 54, 81, 81, 60, 35, 81, 78, 93, 21, 49, 57, 97, 41, 49, 23, 25, 31, 25, 47},
		{87, 90, 92, 21, 47, 29, 39, 25, 74, 62, 11, 86, 72, 23, 48, 80, 65, 23, 88, 22},
		{82, 66, 34, 20, 82, 53, 64, 74, 15, 60, 11, 83, 82, 46, 89, 72, 20, 24, 86, 31},
		{69, 56, 98, 69, 98, 37, 86, 85, 84, 18, 32, 25, 74, 59, 69, 24, 10, 14, 22, 26},
		{80, 70, 43, 86, 69, 43, 22, 40, 16, 25, 63, 19, 37, 73, 53, 68, 86, 17, 64, 48},
		{10, 56, 46, 23, 64, 89, 21, 68, 72, 52, 53, 90, 49, 91, 70, 26, 85, 74, 19, 92},
		{45, 65, 41, 27, 85, 69, 11, 45, 18, 87, 50, 69, 68, 62, 15, 15, 35, 94, 27, 18},
		{39, 26, 49, 92, 56, 88, 96, 96, 49, 74, 28, 56, 65, 20, 62, 72, 99, 19, 41, 67},
		{77, 70, 87, 62, 60, 84, 71, 11, 27, 46, 28, 93, 75, 53, 81, 84, 64, 38, 76, 73},
		{92, 11, 35, 66, 41, 51, 95, 88, 73, 51, 82, 43, 19, 59, 43, 38, 42, 47, 81, 76},
		{84, 54, 23, 65, 29, 29, 47, 71, 43, 86, 99, 49, 37, 99, 91, 72, 26, 82, 94, 92},
		{98, 10, 81, 27, 48, 75, 71, 56, 98, 40, 84, 56, 39, 85, 88, 11, 26, 28, 35, 14},
		{21, 27, 32, 95, 56, 17, 88, 96, 64, 56, 86, 10, 33, 79, 59, 34, 33, 77, 70, 41},
		{65, 26, 13, 75, 71, 58, 23, 84, 93, 67, 88, 64, 37, 85, 48, 85, 52, 41, 21, 23}
	},
	{
		{18, 67, 55, 87, 23, 66, 27, 80, 45, 33, 27, 57, 72, 79, 78, 64, 40, 44, 57, 31},
		{12, 99, 18, 24, 85, 96, 26, 89, 35, 93, 26, 63, 14, 19, 15, 11, 54, 72, 10, 61},
		{97, 32, 32, 24, 36, 55, 52, 34, 96, 46, 60, 34, 90, 68, 21, 16, 34, 28, 86, 91},
		{76, 86, 71, 18, 93, 67, 35, 37, 62, 89, 91, 61, 58, 28, 18, 30, 30, 61, 70, 19},
		{69, 43, 43, 92, 27, 15, 17, 43, 76, 98, 35, 57, 63, 88, 47, 41, 25, 46, 33, 64},
		{36, 23, 87, 38, 28, 91, 37, 41, 91, 31, 99, 27, 65, 87, 37, 81, 47, 33, 37, 28},
		{19, 90, 34, 34, 81, 97, 43, 64, 84, 41, 51, 64, 71, 23, 63, 21, 80, 52, 44, 38},
		{12, 94, 14, 29, 56, 42, 67, 66, 18, 20, 27, 57, 88, 30, 89, 17, 11, 32, 69, 51},
		{97, 88, 55, 49, 43, 11, 49, 92, 77, 65, 30, 34, 24, 30, 32, 51, 47, 51, 14, 40},
		{78, 42, 47, 36, 57, 18, 61, 21, 74, 47, 63, 40, 68, 29, 20, 27, 53, 10, 88, 51},
		{71, 38, 89, 66, 13, 61, 50, 61, 63, 88, 40, 18, 39, 64, 46, 88, 41, 33, 82, 30},
		{95, 59, 61, 59, 48, 84, 38, 54, 66, 34, 19, 38, 80, 27, 31, 79, 63, 23, 55, 72},
		{62, 21, 59, 37, 53, 35, 23, 76, 31, 53, 10, 80, 96, 20, 93, 55, 95, 27, 32, 77},
		{30, 50, 79, 23, 85, 36, 26, 35, 32, 23, 82, 57, 80, 22, 51, 53, 82, 96, 19, 56},
		{38, 30, 44, 75, 12, 22, 86, 69, 38, 66, 61, 88, 18, 81, 76, 96, 20, 81, 51, 29},
		{66, 65, 67, 83, 54, 15, 57, 30, 43, 41, 37, 55, 99, 61, 91, 58, 10, 76, 16, 14},
		{87, 15, 58, 61, 78, 73, 40, 90, 92, 46, 13, 17, 23, 46, 92, 68, 89, 58, 43, 44},
		{17, 19, 72, 19, 15, 31, 79, 86, 25, 69, 53, 27, 86, 51, 62, 46, 30, 55, 26, 96},
		{54, 32, 84, 59, 70, 12, 67, 57, 74, 89, 59, 49, 97, 60, 90, 74, 96, 95, 77, 41},
		{59, 34, 57, 12, 35, 12, 64, 84, 66, 65, 87, 87, 47, 91, 50, 80, 86, 84, 94, 27},
		{36, 12, 11, 47, 22, 55, 77, 56, 93, 81, 18, 53, 67, 51, 84, 50, 27, 87, 20, 49},
		{75, 79, 48, 84, 47, 19, 22, 65, 12, 16, 10, 18, 78, 53, 46, 33, 17, 88, 59, 29},
		{78, 84, 46, 12, 76, 17, 20, 88, 31, 31, 10, 93, 82, 29, 67, 41, 98, 93, 18, 42},
		{96, 48, 18, 73, 60, 37, 11, 29, 29, 16, 83, 59, 96, 49, 21, 37, 95, 14, 15, 74},
		{74, 35, 65, 62, 54, 58, 86, 63, 68, 61, 90, 48, 69, 86, 34, 33, 79, 66, 35, 94},
		{68, 66, 26, 25, 39, 33, 68, 85, 17, 13, 46, 87, 75, 17, 95, 63, 30, 60, 51, 54},
		{65, 85, 72, 41, 37, 16, 98, 87, 67, 39, 37, 48, 23, 40, 49, 83, 84, 16, 20, 28},
		{10, 13, 51, 32, 49, 34, 28, 22, 36, 47, 72, 52, 15, 87, 33, 92, 10, 90, 50, 48},
		{22, 54, 66, 43, 85, 86, 44, 42, 56, 59, 78, 53, 74, 54, 49, 99, 70, 49, 97, 72},
		{74, 84, 12, 99, 90, 61, 51, 16, 44, 19, 28, 63, 24, 97, 62, 50, 98, 76, 15, 15},
		{49, 26, 43, 25, 34, 54, 66, 36, 22, 29, 51, 64, 93, 53, 28, 23, 65, 33, 11, 63},
		{89, 19, 84, 32, 89, 74, 92, 64, 73, 73, 35, 54, 36, 85, 81, 78, 65, 72, 78, 54},
		{79, 85, 24, 57, 67, 40, 66, 22, 26, 61, 11, 61, 94, 70, 37, 72, 91, 89, 30, 61},
		{52, 65, 94, 52, 46, 40, 33, 32, 80, 91, 33, 73, 99, 28, 71, 13, 89, 21, 99, 50},
		{72, 99, 78, 17, 32, 51, 76, 87, 86, 98, 60, 20, 51, 59, 44, 64, 65, 43, 26, 20},
		{56, 20, 80, 61, 50, 65, 95, 78, 79, 33, 70, 52, 22, 98, 21, 26, 45, 30, 88, 37},
		{13, 42, 94, 75, 95, 26, 76, 52, 94, 85, 23, 66, 42, 74, 56, 55, 40, 84, 73, 59},
		{82, 44, 79, 29, 12, 84, 41, 76, 75, 38, 68, 38, 44, 71, 22, 39, 29, 38, 46, 72},
		{32, 98, 87, 51, 90, 63, 81, 39, 11, 46, 99, 60, 69, 67, 91, 84, 98, 54, 65, 61},
		{66, 61, 45, 87, 96, 24, 89, 38, 24, 97, 71, 12, 43, 95, 84, 23, 45, 82, 70, 82},
		{23, 34, 70, 24, 77, 95, 86, 14, 48, 63, 40, 82, 44, 10, 79, 96, 34, 50, 44, 45},
		{89, 68, 55, 98, 98, 45, 42, 73, 18, 83, 43, 94, 35, 86, 41, 15, 36, 24, 37, 17},
		{58, 68, 43, 19, 25, 56, 55, 82, 49, 54, 72, 35, 85, 27, 32, 83, 49, 18, 78, 41},
		{23, 15, 76, 99, 86, 36, 61, 49, 63, 23, 20, 32, 62, 19, 27, 19, 35, 63, 83, 96},
		{23, 90, 77, 55, 96, 13, 50, 38, 98, 31, 79, 59, 23, 66, 40, 62, 68, 68, 44, 81},
		{87, 91, 36, 44, 53, 53, 37, 38, 53, 73, 76, 58, 28, 17, 76, 62, 31, 79, 76, 32},
		{81, 58, 13, 44, 94, 69, 32, 67, 23, 74, 79, 86, 41, 40, 23, 48, 39, 56, 98, 16},
		{39, 92, 29, 56, 76, 46, 27, 61, 59, 46, 52, 90, 82, 81, 62, 44, 14, 67, 64, 65},
		{36, 82, 89, 53, 15, 19, 92, 89, 22, 54, 55, 27, 61, 80, 18, 22, 53, 44, 49, 47},
		{27, 82, 19, 10, 98, 35, 73, 39, 53, 73, 69, 85, 17, 68, 66, 80, 23, 74, 77, 10}
	},
	{
		{10, 34, 89, 28, 77, 64, 10, 57, 58, 56, 73, 69, 10, 19, 26, 91, 44, 78, 89, 79},
		{86, 27, 10, 14, 61, 30, 16, 89, 68, 13, 28, 17, 22, 96, 31, 68, 34, 65, 77, 10},
		{80, 20, 39, 67, 69, 71, 89, 15, 11, 73, 45, 77, 53, 75, 37, 26, 47, 66, 93, 48},
		{56, 40, 22, 93, 68, 91, 92, 50, 58, 53, 20, 24, 82, 85, 16, 95, 39, 38, 65, 86},
		{47, 31, 38, 78, 48, 67, 71, 81, 34, 48, 66, 73, 89, 50, 39, 69, 74, 58, 84, 76},
		{16, 12, 76, 62, 35, 69, 59, 96, 26, 19, 81, 99, 23, 77, 18, 40, 30, 10, 22, 14},
		{36, 49, 77, 16, 19, 54, 55, 54, 11, 65, 18, 36, 89, 20, 71, 73, 15, 47, 82, 15},
		{40, 53, 87, 28, 21, 50, 24, 19, 40, 80, 38, 76, 23, 45, 64, 48, 29, 45, 19, 27},
		{55, 17, 18, 11, 60, 68, 55, 75, 75, 69, 85, 43, 12, 40, 45, 84, 10, 47, 28, 77},
		{93, 18, 88, 92, 50, 26, 45, 52, 24, 23, 59, 54, 79, 93, 46, 16, 26, 79, 56, 72},
		{21, 93, 24, 86, 12, 34, 59, 95, 30, 85, 64, 96, 74, 36, 13, 26, 24, 27, 51, 37},
		{33, 46, 68, 30, 60, 79, 68, 32, 28, 95, 52, 99, 46, 98, 36, 89, 36, 33, 22, 32},
		{13, 16, 72, 12, 74, 48, 19, 51, 26, 44, 14, 93, 16, 54, 40, 40, 40, 56, 42, 79},
		{74, 28, 71, 66, 39, 63, 60, 66, 89, 54, 54, 63, 72, 20, 29, 17, 63, 84, 26, 25},
		{75, 73, 82, 47, 13, 61, 17, 94, 22, 94, 62, 63, 45, 23, 39, 15, 36, 46, 21, 38},
		{95, 58, 46, 91, 14, 70, 66, 19, 79, 48, 91, 83, 12, 19, 64, 87, 17, 98, 61, 49},
		{23, 18, 89, 74, 44, 34, 19, 25, 15, 88, 15, 43, 61, 22, 76, 35, 35, 18, 70, 63},
		{97, 64, 32, 97, 21, 41, 41, 56, 85, 96, 50, 98, 67, 77, 10, 19, 12, 29, 75, 29},
		{52, 21, 51, 83, 91, 47, 45, 45, 27, 99, 55, 73, 55, 98, 58, 68, 60, 44, 54, 21},
		{89, 69, 62, 73, 26, 64, 34, 90, 81, 14, 91, 87, 52, 28, 21, 41, 91, 89, 12, 85},
		{14, 24, 80, 21, 46, 30, 36, 39, 65, 14, 41, 97, 67, 99, 67, 41, 77, 95, 24, 16},
		{37, 15, 88, 84, 98, 61, 29, 38, 27, 49, 25, 60, 43, 55, 80, 83, 20, 47, 28, 67},
		{48, 81, 63, 48, 31, 53, 12, 54, 80, 20, 50, 70, 62, 69, 44, 68, 40, 39, 70, 35},
		{76, 84, 86, 59, 77, 11, 13, 53, 26, 69, 53, 57, 95, 27, 54, 48, 69, 27, 41, 39},
		{15, 67, 32, 71, 84, 56, 58, 28, 20, 60, 74, 61, 74, 82, 55, 63, 43, 67, 91, 43},
		{27, 35, 19, 84, 93, 92, 14, 54, 91, 97, 60, 72, 69, 27, 43, 45, 80, 26, 35, 64},
		{73, 90, 46, 47, 83, 23, 71, 37, 41, 89, 83, 42, 13, 43, 65, 27, 21, 74, 78, 82},
		{36, 13, 40, 73, 65, 67, 16, 23, 76, 97, 61, 30, 84, 20, 52, 53, 65, 55, 61, 35},
		{26, 71, 61, 44, 50, 44, 23, 20, 78, 33, 46, 68, 71, 79, 54, 17, 15, 27, 67, 48},
		{62, 16, 94, 74, 21, 94, 97, 66, 30, 28, 84, 93, 35, 63, 81, 65, 52, 18, 23, 28},
		{85, 41, 91, 77, 51, 88, 22, 13, 49, 26, 78, 93, 49, 17, 49, 16, 70, 77, 47, 55},
		{16, 15, 24, 54, 23, 87, 13, 59, 34, 62, 57, 66, 70, 54, 64, 85, 30, 80, 72, 64},
		{22, 28, 40, 52, 20, 44, 96, 26, 67, 21, 67, 86, 24, 68, 15, 25, 86, 84, 53, 47},
		{23, 35, 99, 50, 81, 53, 74, 36, 52, 29, 52, 99, 38, 74, 84, 20, 57, 95, 76, 55},
		{88, 60, 63, 10, 71, 92, 53, 77, 68, 11, 94, 63, 83, 88, 81, 26, 43, 60, 45, 19},
		{71, 22, 15, 41, 15, 49, 29, 52, 71, 50, 54, 53, 18, 62, 29, 78, 50, 36, 10, 76},
		{72, 90, 73, 64, 88, 50, 62, 96, 97, 90, 37, 11, 66, 67, 69, 63, 85, 60, 68, 40},
		{16, 76, 41, 17, 53, 78, 71, 32, 33, 26, 34, 85, 93, 56, 45, 42, 11, 29, 51, 13},
		{25, 86, 21, 48, 16, 14, 18, 73, 11, 59, 53, 77, 31, 14, 11, 27, 35, 18, 25, 97},
		{68, 45, 19, 69, 97, 68, 28, 15, 65, 52, 94, 10, 91, 95, 22, 70, 33, 77, 40, 25},
		{59, 13, 36, 78, 47, 69, 21, 81, 19, 79, 91, 77, 76, 73, 81, 19, 20, 77, 40, 97},
		{86, 68, 72, 13, 81, 69, 46, 65, 24, 87, 32, 73, 83, 76, 14, 46, 31, 37, 68, 68},
		{72, 89, 84, 52, 35, 91, 75, 76, 78, 64, 35, 57, 81, 43, 84, 16, 94, 82, 97, 60},
		{69, 60, 93, 12, 88, 95, 38, 50, 15, 25, 50, 90, 35, 30, 91, 18, 11, 46, 10, 94},
		{68, 34, 10, 52, 82, 15, 18, 72, 65, 17, 55, 18, 28, 61, 19, 22, 21, 50, 87, 31},
		{13, 21, 83, 97, 38, 25, 48, 91, 60, 48, 86, 70, 79, 10, 61, 13, 47, 51, 70, 77},
		{42, 77, 58, 71, 33, 20, 97, 98, 47, 61, 64, 46, 25, 25, 26, 18, 79, 71, 75, 72},
		{86, 92, 53, 18, 98, 77, 50, 49, 12, 21, 92, 44, 76, 65, 60, 88, 12, 11, 35, 43},
		{23, 26, 50, 73, 42, 40, 34, 17, 65, 39, 94, 25, 33, 79, 44, 51, 33, 42, 62, 87},
		{70, 16, 75, 98, 12, 58, 92, 27, 46, 32, 98, 75, 69, 22, 10, 15, 11, 67, 61, 32}
	},
	{
		{49, 25, 91, 48, 98, 75, 84, 81, 51, 85, 71, 76, 23, 48, 95, 29, 35, 43, 50, 71},
		{21, 38, 72, 37, 77, 13, 81, 74, 33, 23, 88, 85, 24, 73, 52, 59, 27, 23, 99, 73},
		{52, 97, 51, 63, 41, 60, 13, 17, 79, 68, 72, 28, 77, 12, 65, 37, 53, 32, 49, 41},
		{70, 81, 79, 51, 92, 20, 33, 13, 24, 95, 79, 19, 57, 67, 77, 54, 61, 76, 13, 65},
		{71, 14, 36, 48, 71, 60, 30, 85, 24, 56, 24, 91, 65, 24, 20, 77, 75, 75, 52, 33},
		{42, 47, 54, 22, 52, 53, 13, 24, 39, 70, 40, 20, 69, 25, 60, 22, 13, 51, 49, 64},
		{49, 93, 76, 69, 94, 75, 17, 16, 38, 35, 60, 27, 97, 40, 27, 59, 34, 34, 67, 29},
		{83, 36, 46, 10, 83, 19, 31, 27, 33, 71, 74, 61, 68, 72, 99, 91, 45, 46, 99, 50},
		{67, 28, 70, 92, 84, 26, 73, 45, 79, 81, 36, 96, 80, 37, 65, 42, 65, 85, 89, 32},
		{24, 83, 22, 36, 84, 68, 71, 48, 91, 76, 35, 90, 52, 60, 96, 57, 37, 22, 84, 54},
		{32, 42, 54, 39, 42, 93, 69, 52, 88, 24, 48, 43, 92, 33, 78, 60, 87, 56, 54, 37},
		{30, 36, 45, 77, 99, 34, 40, 71, 29, 67, 56, 32, 71, 83, 61, 30, 13, 83, 83, 67},
		{21, 97, 43, 46, 52, 26, 51, 15, 45, 81, 87, 15, 73, 63, 31, 19, 46, 10, 56, 88},
		{28, 68, 42, 87, 98, 82, 39, 90, 54, 58, 40, 25, 76, 12, 22, 17, 98, 58, 55, 68},
		{39, 22, 36, 77, 31, 74, 30, 83, 43, 97, 32, 20, 37, 56, 77, 37, 61, 86, 60, 66},
		{79, 54, 34, 64, 77, 55, 27, 46, 17, 12, 11, 42, 75, 10, 60, 18, 39, 19, 46, 57},
		{13, 80, 44, 60, 27, 90, 27, 45, 17, 24, 12, 53, 85, 46, 71, 80, 57, 42, 41, 87},
		{78, 17, 10, 20, 21, 91, 40, 84, 63, 12, 81, 88, 83, 18, 31, 31, 50, 25, 99, 28},
		{59, 51, 96, 87, 64, 95, 92, 90, 87, 50, 38, 93, 81, 85, 83, 24, 38, 54, 69, 10},
		{39, 96, 88, 70, 83, 73, 60, 44, 16, 85, 25, 59, 13, 76, 82, 90, 10, 55, 78, 31},
		{98, 37, 45, 67, 65, 99, 99, 43, 18, 89, 74, 62, 96, 21, 31, 77, 70, 36, 55, 42},
		{70, 10, 59, 47, 95, 88, 52, 51, 71, 33, 38, 50, 72, 38, 18, 38, 77, 52, 71, 91},
		{65, 31, 98, 81, 17, 94, 59, 91, 34, 68, 91, 14, 92, 50, 20, 89, 85, 75, 43, 98},
		{67, 83, 93, 21, 93, 97, 99, 98, 45, 65, 58, 26, 74, 77, 71, 21, 75, 94, 72, 74},
		{26, 21, 18, 74, 17, 71, 30, 21, 43, 58, 85, 53, 76, 69, 42, 44, 48, 75, 48, 91},
		{81, 99, 19, 69, 36, 65, 34, 58, 79, 92, 50, 34, 12, 67, 44, 65, 11, 17, 40, 75},
		{55, 49, 51, 15, 75, 64, 68, 58, 74, 93, 31, 53, 73, 89, 71, 85, 46, 36, 53, 65},
		{22, 78, 58, 59, 72, 43, 10, 40, 68, 61, 36, 16, 82, 75, 96, 19, 89, 28, 69, 13},
		{88, 19, 78, 40, 49, 65, 92, 28, 48, 23, 45, 66, 88, 91, 95, 47, 12, 82, 52, 58},
		{48, 65, 13, 11, 41, 40, 59, 43, 44, 34, 86, 63, 11, 50, 98, 20, 33, 42, 36, 87},
		{53, 52, 27, 38, 27, 55, 11, 20, 20, 89, 16, 42, 47, 84, 62, 33, 43, 62, 70, 57},
		{47, 39, 20, 83, 24, 42, 99, 37, 81, 40, 38, 69, 46, 97, 48, 29, 96, 61, 70, 86},
		{48, 82, 13, 42, 40, 89, 71, 21, 35, 83, 98, 89, 67, 37, 35, 96, 63, 91, 43, 90},
		{88, 82, 47, 23, 46, 40, 77, 61, 92, 80, 97, 23, 50, 73, 98, 47, 24, 85, 55, 62},
		{76, 40, 41, 29, 74, 17, 24, 10, 51, 90, 41, 48, 44, 99, 62, 56, 94, 73, 68, 42},
		{86, 85, 65, 31, 17, 30, 71, 40, 42, 60, 20, 47, 10, 50, 30, 80, 16, 94, 28, 25},
		{94, 39, 98, 79, 39, 76, 12, 89, 57, 73, 39, 69, 81, 81, 33, 33, 67, 38, 57, 26},
		{61, 16, 51, 49, 22, 46, 84, 67, 73, 39, 67, 19, 54, 69, 16, 25, 45, 30, 61, 51},
		{29, 33, 64, 47, 97, 78, 28, 15, 38, 49, 81, 24, 21, 81, 23, 69, 60, 53, 89, 27},
		{58, 39, 76, 92, 39, 73, 17, 77, 49, 33, 99, 18, 19, 43, 21, 21, 71, 84, 19, 41},
		{88, 56, 56, 50, 76, 21, 64, 43, 35, 33, 94, 38, 98, 76, 61, 43, 83, 12, 77, 83},
		{83, 41, 94, 59, 64, 97, 94, 53, 53, 73, 21, 45, 48, 83, 44, 34, 55, 90, 92, 42},
		{43, 63, 19, 81, 82, 39, 60, 74, 19, 29, 59, 22, 40, 50, 36, 63, 17, 97, 69, 70},
		{65, 56, 73, 52, 16, 75, 27, 56, 79, 89, 12, 75, 81, 10, 22, 53, 78, 51, 23, 20},
		{22, 91, 70, 66, 72, 13, 66, 31, 34, 44, 12, 55, 21, 83, 86, 26, 20, 31, 23, 74},
		{10, 10, 99, 32, 39, 91, 79, 80, 19, 83, 17, 70, 74, 21, 59, 35, 98, 23, 74, 94},
		{62, 53, 36, 64, 49, 95, 67, 82, 78, 65, 74, 16, 18, 40, 16, 12, 94, 60, 92, 46},
		{47, 59, 77, 58, 18, 48, 62, 18, 51, 61, 64, 27, 54, 17, 27, 72, 98, 11, 50, 36},
		{78, 69, 64, 90, 91, 82, 31, 37, 92, 84, 94, 36, 27, 52, 34, 54, 61, 51, 88, 63},
		{53, 51, 54, 12, 60, 10, 65, 42, 37, 21, 56, 35, 37, 82, 23, 49, 86, 77, 10, 86}
	},
	{
		{14, 76, 85, 31, 78, 41, 29, 87, 56, 77, 71, 66, 65, 35, 96, 62, 86, 27, 91, 74},
		{75, 30, 60, 96, 19, 46, 92, 95, 38, 13, 17, 25, 27, 65, 27, 86, 82, 96, 47, 35},
		{17, 39, 19, 45, 47, 35, 78, 73, 98, 26, 27, 53, 37, 68, 97, 86, 49, 58, 35, 83},
		{35, 75, 16, 78, 62, 79, 46, 72, 55, 44, 76, 97, 97, 81, 39, 24, 19, 51, 75, 28},
		{33, 25, 90, 52, 90, 26, 18, 75, 73, 65, 40, 43, 80, 52, 21, 75, 27, 15, 32, 50},
		{47, 19, 59, 14, 75, 76, 44, 54, 40, 43, 15, 21, 58, 92, 71, 93, 34, 98, 97, 73},
		{78, 78, 76, 93, 79, 48, 43, 86, 32, 32, 47, 61, 34, 80, 95, 48, 95, 19, 42, 99},
		{88, 90, 79, 21, 56, 26, 78, 99, 78, 67, 58, 31, 12, 70, 22, 95, 61, 30, 89, 36},
		{87, 68, 16, 50, 77, 50, 82, 45, 23, 57, 67, 57, 13, 80, 98, 98, 94, 96, 98, 85},
		{87, 45, 37, 82, 33, 74, 47, 36, 79, 31, 55, 14, 88, 55, 47, 53, 71, 69, 94, 26},
		{58, 82, 48, 75, 66, 38, 31, 49, 73, 63, 60, 72, 41, 94, 68, 74, 31, 52, 84, 59},
		{91, 96, 90, 78, 94, 77, 66, 89, 50, 30, 64, 92, 10, 79, 48, 73, 79, 97, 85, 83},
		{95, 83, 15, 85, 82, 57, 34, 48, 92, 26, 43, 94, 93, 27, 40, 26, 51, 58, 91, 29},
		{53, 95, 70, 69, 59, 74, 18, 64, 51, 32, 81, 57, 21, 90, 21, 10, 93, 69, 79, 72},
		{74, 17, 95, 77, 27, 74, 53, 91, 50, 47, 48, 24, 79, 19, 79, 56, 18, 72, 42, 36},
		{27, 77, 23, 40, 22, 42, 73, 14, 63, 85, 11, 63, 52, 61, 42, 20, 22, 37, 85, 81},
		{56, 27, 92, 20, 47, 57, 11, 80, 39, 45, 19, 96, 63, 35, 40, 57, 61, 82, 89, 38},
		{45, 44, 91, 59, 50, 43, 95, 13, 99, 92, 63, 56, 13, 79, 54, 71, 70, 89, 40, 65},
		{50, 45, 45, 69, 15, 83, 38, 45, 69, 27, 66, 83, 38, 75, 40, 42, 90, 93, 94, 99},
		{18, 71, 69, 93, 27, 81, 19, 14, 31, 82, 90, 52, 84, 34, 38, 44, 33, 17, 32, 70},
		{75, 49, 22, 35, 88, 28, 47, 45, 64, 47, 67, 45, 41, 26, 40, 18, 67, 44, 42, 43},
		{68, 86, 40, 98, 87, 30, 63, 24, 15, 95, 55, 59, 42, 34, 21, 31, 62, 34, 61, 56},
		{71, 72, 37, 96, 68, 75, 78, 63, 89, 78, 47, 30, 59, 60, 43, 75, 22, 81, 95, 41},
		{85, 19, 72, 78, 34, 98, 90, 32, 33, 90, 97, 31, 34, 49, 44, 96, 89, 23, 69, 12},
		{53, 41, 73, 20, 54, 23, 12, 18, 55, 57, 71, 74, 16, 13, 14, 89, 16, 49, 72, 14},
		{23, 90, 95, 40, 25, 79, 15, 69, 64, 63, 52, 98, 84, 32, 95, 31, 36, 50, 24, 54},
		{11, 42, 15, 21, 32, 19, 75, 38, 25, 98, 56, 37, 64, 39, 30, 41, 66, 35, 93, 28},
		{51, 89, 74, 88, 46, 85, 84, 54, 75, 33, 33, 65, 97, 22, 52, 54, 92, 54, 24, 24},
		{21, 96, 43, 11, 33, 73, 70, 61, 61, 93, 48, 44, 43, 72, 91, 76, 11, 47, 93, 18},
		{23, 33, 21, 77, 79, 96, 76, 85, 77, 78, 57, 71, 26, 66, 67, 90, 85, 29, 68, 64},
		{43, 96, 66, 45, 12, 68, 17, 72, 15, 51, 34, 67, 26, 54, 64, 85, 90, 76, 77, 10},
		{21, 51, 42, 92, 88, 41, 38, 68, 67, 15, 74, 37, 33, 82, 93, 44, 65, 90, 12, 73},
		{25, 84, 56, 39, 96, 99, 24, 62, 53, 13, 37, 55, 16, 13, 11, 77, 66, 27, 34, 79},
		{77, 19, 53, 21, 74, 93, 43, 32, 83, 21, 81, 19, 12, 83, 11, 54, 98, 83, 26, 15},
		{64, 36, 92, 69, 43, 85, 28, 90, 14, 80, 82, 97, 56, 40, 54, 50, 31, 30, 18, 26},
		{87, 90, 49, 82, 10, 62, 79, 66, 49, 44, 16, 10, 61, 18, 39, 61, 76, 26, 82, 23},
		{62, 42, 83, 25, 66, 82, 71, 68, 30, 52, 76, 24, 93, 47, 40, 72, 40, 52, 31, 94},
		{69, 16, 79, 63, 79, 60, 31, 36, 66, 66, 76, 10, 23, 89, 88, 94, 97, 88, 43, 47},
		{92, 83, 38, 86, 26, 22, 71, 15, 17, 75, 59, 99, 69, 67, 15, 14, 95, 15, 75, 90},
		{53, 60, 27, 85, 91, 19, 72, 22, 41, 16, 59, 34, 43, 37, 73, 83, 78, 35, 65, 87},
		{78, 20, 18, 96, 89, 46, 36, 63, 88, 71, 91, 51, 63, 38, 98, 90, 61, 47, 39, 50},
		{99, 68, 42, 34, 73, 79, 70, 61, 41, 43, 13, 25, 64, 65, 24, 81, 23, 41, 36, 44},
		{35, 62, 41, 34, 46, 91, 94, 24, 67, 91, 65, 90, 34, 24, 29, 42, 87, 33, 54, 31},
		{16, 69, 27, 54, 45, 71, 20, 94, 12, 86, 86, 58, 13, 93, 45, 63, 64, 18, 87, 32},
		{91, 29, 49, 83, 44, 32, 93, 75, 10, 25, 95, 64, 12, 92, 26, 35, 46, 65, 19, 45},
		{86, 29, 48, 29, 91, 60, 69, 21, 78, 58, 21, 60, 49, 78, 35, 93, 95, 41, 23, 57},
		{80, 30, 57, 41, 98, 26, 20, 61, 43, 40, 34, 55, 86, 86, 55, 69, 32, 56, 83, 21},
		{21, 35, 59, 10, 11, 60, 73, 64, 91, 68, 61, 80, 45, 67, 12, 34, 26, 99, 26, 21},
		{88, 19, 94, 97, 89, 18, 76, 52, 96, 35, 10, 13, 17, 51, 35, 30, 22, 65, 42, 23},
		{26, 50, 47, 86, 17, 50, 68, 61, 96, 29, 51, 28, 15, 20, 73, 96, 81, 36, 73, 23}
	},
	{
		{91, 91, 45, 91, 32, 89, 96, 77, 26, 27, 73, 44, 65, 32, 90, 12, 84, 61, 23, 15},
		{79, 19, 94, 62, 92, 14, 14, 30, 83, 29, 16, 78, 13, 96, 19, 31, 70, 14, 11, 79},
		{99, 65, 47, 12, 11, 37, 39, 55, 29, 89, 46, 77, 86, 61, 56, 64, 31, 80, 13, 42},
		{74, 30, 91, 92, 53, 15, 23, 55, 94, 96, 60, 44, 21, 55, 97, 99, 34, 49, 30, 59},
		{71, 56, 32, 59, 66, 35, 93, 55, 95, 71, 73, 70, 63, 85, 70, 72, 13, 33, 62, 49},
		{39, 91, 58, 50, 82, 94, 50, 29, 52, 36, 21, 25, 20, 61, 98, 76, 82, 75, 92, 20},
		{45, 33, 20, 94, 16, 88, 60, 23, 73, 25, 36, 90, 18, 47, 28, 58, 87, 82, 20, 81},
		{26, 77, 18, 58, 96, 71, 86, 81, 81, 96, 55, 82, 53, 32, 69, 82, 98, 38, 51, 42},
		{77, 23, 31, 18, 97, 64, 11, 89, 16, 59, 43, 17, 41, 58, 20, 63, 17, 11, 72, 63},
		{37, 26, 47, 94, 37, 86, 14, 28, 51, 39, 80, 30, 96, 70, 74, 11, 45, 36, 99, 70},
		{28, 40, 62, 55, 50, 81, 10, 60, 52, 71, 14, 40, 96, 83, 42, 81, 40, 59, 86, 69},
		{95, 81, 19, 32, 32, 13, 61, 55, 91, 49, 99, 75, 15, 18, 49, 79, 26, 43, 12, 35},
		{18, 74, 33, 88, 94, 73, 38, 69, 51, 96, 46, 61, 84, 27, 33, 54, 75, 33, 99, 22},
		{44, 56, 65, 45, 16, 19, 67, 81, 91, 65, 10, 84, 61, 89, 26, 44, 68, 97, 13, 54},
		{19, 39, 98, 25, 33, 82, 11, 26, 79, 61, 98, 67, 99, 58, 76, 15, 74, 52, 30, 63},
		{85, 33, 75, 90, 43, 16, 32, 15, 52, 27, 53, 32, 88, 19, 59, 99, 86, 53, 74, 34},
		{21, 18, 50, 53, 82, 30, 39, 16, 49, 32, 59, 75, 74, 81, 77, 84, 34, 82, 56, 45},
		{91, 94, 73, 60, 12, 78, 70, 80, 10, 42, 69, 34, 46, 18, 68, 99, 83, 86, 91, 14},
		{81, 97, 16, 95, 76, 72, 54, 10, 37, 36, 77, 80, 55, 25, 49, 75, 91, 37, 97, 66},
		{23, 39, 97, 14, 71, 61, 90, 94, 85, 68, 88, 18, 39, 67, 43, 52, 44, 41, 43, 82},
		{83, 46, 72, 48, 70, 29, 97, 70, 91, 30, 57, 98, 25, 61, 73, 34, 10, 56, 39, 29},
		{65, 10, 19, 62, 80, 21, 11, 90, 22, 57, 86, 76, 95, 86, 56, 46, 40, 36, 96, 38},
		{95, 59, 69, 13, 70, 77, 23, 68, 54, 19, 83, 71, 78, 13, 86, 59, 16, 73, 54, 78},
		{43, 54, 58, 34, 28, 29, 37, 27, 78, 32, 17, 27, 63, 51, 87, 85, 55, 73, 98, 63},
		{84, 75, 83, 61, 54, 88, 72, 96, 46, 65, 75, 14, 13, 80, 63, 97, 69, 37, 77, 67},
		{90, 67, 44, 24, 54, 46, 52, 44, 17, 61, 50, 13, 45, 80, 52, 69, 92, 80, 39, 30},
		{88, 65, 15, 31, 14, 78, 67, 59, 22, 10, 89, 36, 36, 64, 49, 69, 66, 68, 96, 20},
		{56, 25, 83, 83, 98, 62, 45, 12, 97, 48, 77, 86, 54, 51, 56, 32, 13, 62, 25, 65},
		{42, 76, 95, 24, 96, 18, 96, 78, 66, 14, 62, 51, 70, 25, 29, 11, 67, 36, 13, 82},
		{34, 96, 32, 73, 98, 83, 54, 82, 77, 28, 29, 52, 25, 30, 92, 12, 67, 40, 84, 95},
		{82, 37, 89, 99, 11, 77, 60, 46, 21, 39, 61, 22, 58, 97, 73, 67, 61, 51, 10, 19},
		{25, 80, 89, 51, 49, 47, 94, 73, 27, 91, 34, 92, 31, 19, 90, 33, 86, 80, 96, 81},
		{95, 95, 81, 98, 23, 88, 62, 44, 87, 67, 87, 58, 36, 20, 39, 94, 21, 51, 51, 85},
		{91, 17, 59, 17, 54, 86, 25, 53, 52, 20, 67, 46, 13, 49, 32, 76, 90, 37, 66, 76},
		{92, 77, 59, 61, 88, 49, 25, 45, 54, 35, 18, 26, 62, 78, 50, 51, 75, 58, 20, 92},
		{38, 68, 71, 62, 18, 76, 63, 38, 25, 50, 71, 50, 82, 68, 35, 34, 61, 55, 21, 55},
		{62, 74, 96, 49, 69, 71, 80, 81, 49, 49, 28, 22, 90, 25, 49, 70, 85, 63, 39, 80},
		{35, 35, 11, 68, 20, 12, 10, 83, 27, 49, 27, 81, 31, 39, 56, 60, 28, 69, 29, 66},
		{23, 64, 48, 12, 30, 15, 49, 21, 99, 37, 86, 46, 37, 94, 92, 10, 19, 93, 10, 55},
		{37, 15, 98, 10, 97, 75, 28, 67, 76, 51, 21, 27, 95, 88, 25, 16, 78, 84, 73, 74},
		{76, 12, 65, 52, 88, 64, 82, 32, 60, 27, 71, 94, 47, 95, 43, 82, 17, 71, 88, 90},
		{31, 59, 29, 43, 25, 75, 21, 24, 62, 73, 72, 63, 12, 31, 72, 76, 17, 38, 66, 36},
		{52, 20, 82, 74, 37, 71, 97, 66, 61, 65, 72, 81, 32, 47, 48, 68, 48, 73, 82, 94},
		{90, 33, 78, 46, 23, 50, 91, 88, 30, 50, 47, 74, 85, 46, 83, 84, 18, 18, 26, 12},
		{48, 26, 83, 43, 24, 82, 83, 73, 42, 16, 84, 38, 82, 31, 78, 71, 23, 26, 34, 88},
		{91, 69, 34, 28, 60, 22, 39, 96, 82, 12, 12, 40, 32, 48, 28, 22, 91, 28, 47, 97},
		{17, 27, 17, 66, 55, 61, 59, 82, 82, 22, 38, 42, 55, 37, 49, 46, 40, 72, 24, 53},
		{43, 56, 24, 93, 33, 93, 79, 73, 75, 25, 39, 90, 57, 37, 88, 99, 75, 65, 97, 61},
		{22, 17, 79, 60, 61, 55, 92, 10, 69, 31, 53, 54, 18, 38, 89, 22, 38, 66, 27, 97},
		{61, 86, 28, 41, 11, 74, 38, 99, 53, 85, 98, 82, 40, 15, 85, 46, 92, 38, 32, 31}
	},
	{
		{16, 22, 88, 13, 17, 41, 76, 68, 86, 93, 95, 37, 51, 82, 99, 25, 52, 98, 75, 54},
		{55, 54, 95, 42, 77, 54, 36, 35, 19, 85, 62, 12, 65, 16, 87, 43, 85, 39, 81, 73},
		{68, 77, 61, 79, 35, 22, 26, 99, 77, 38, 22, 67, 60, 62, 11, 11, 28, 98, 77, 56},
		{20, 71, 14, 43, 81, 45, 53, 19, 65, 55, 69, 36, 76, 45, 86, 42, 63, 31, 75, 24},
		{49, 22, 79, 24, 73, 53, 69, 50, 41, 46, 89, 22, 26, 42, 73, 74, 64, 60, 45, 29},
		{48, 96, 48, 72, 75, 59, 59, 58, 92, 18, 62, 15, 16, 57, 94, 19, 61, 14, 24, 57},
		{40, 71, 25, 81, 51, 53, 48, 23, 17, 37, 72, 86, 39, 79, 91, 40, 39, 58, 95, 49},
		{19, 95, 12, 22, 64, 65, 57, 74, 72, 81, 45, 34, 62, 53, 64, 39, 43, 70, 23, 42},
		{70, 97, 74, 41, 62, 92, 83, 16, 51, 72, 19, 48, 69, 53, 13, 92, 66, 46, 21, 47},
		{10, 33, 24, 60, 37, 17, 90, 34, 87, 16, 17, 10, 11, 88, 36, 16, 16, 64, 84, 14},
		{70, 47, 56, 95, 72, 57, 94, 11, 87, 95, 11, 53, 25, 64, 90, 29, 79, 88, 94, 84},
		{15, 47, 12, 43, 57, 45, 81, 66, 24, 65, 98, 98, 25, 33, 51, 81, 25, 17, 99, 60},
		{25, 52, 61, 52, 24, 40, 90, 87, 35, 22, 80, 72, 81, 56, 78, 16, 64, 49, 82, 45},
		{58, 29, 65, 10, 12, 85, 49, 12, 99, 54, 70, 41, 59, 95, 34, 52, 84, 24, 38, 57},
		{77, 79, 43, 40, 19, 55, 46, 58, 17, 93, 42, 88, 84, 27, 94, 37, 93, 66, 18, 32},
		{51, 44, 63, 41, 85, 61, 89, 52, 57, 80, 58, 61, 75, 27, 71, 95, 28, 52, 33, 63},
		{88, 32, 54, 34, 82, 15, 86, 39, 89, 89, 69, 65, 65, 99, 22, 96, 53, 39, 62, 83},
		{58, 73, 16, 81, 62, 38, 62, 36, 23, 96, 17, 42, 94, 41, 17, 77, 90, 73, 31, 97},
		{51, 28, 60, 64, 18, 93, 30, 13, 75, 89, 40, 26, 73, 34, 11, 21, 19, 75, 85, 92},
		{33, 24, 44, 57, 79, 49, 36, 30, 19, 76, 42, 42, 87, 33, 34, 32, 82, 88, 88, 56},
		{90, 57, 10, 22, 44, 47, 48, 98, 44, 12, 13, 55, 68, 56, 54, 23, 91, 87, 58, 47},
		{54, 34, 68, 95, 83, 32, 57, 35, 73, 76, 71, 64, 25, 27, 96, 21, 28, 18, 90, 98},
		{65, 33, 31, 85, 55, 95, 70, 85, 79, 79, 63, 20, 56, 66, 62, 98, 16, 93, 88, 92},
		{44, 19, 29, 20, 62, 81, 80, 87, 38, 45, 40, 76, 51, 49, 60, 29, 40, 33, 31, 50},
		{78, 90, 13, 66, 27, 84, 71, 71, 66, 61, 57, 36, 59, 56, 25, 53, 34, 55, 16, 74},
		{92, 64, 25, 49, 10, 80, 45, 31, 43, 62, 80, 44, 81, 39, 59, 85, 86, 40, 27, 83},
		{71, 93, 26, 52, 81, 55, 37, 34, 98, 64, 94, 53, 86, 67, 40, 65, 95, 53, 14, 70},
		{75, 61, 44, 40, 27, 16, 24, 35, 31, 19, 79, 49, 91, 45, 78, 88, 15, 13, 81, 17},
		{54, 66, 22, 92, 94, 73, 23, 20, 46, 58, 12, 44, 76, 33, 16, 75, 16, 64, 32, 36},
		{45, 41, 74, 64, 93, 17, 87, 68, 10, 57, 70, 12, 38, 75, 51, 45, 32, 39, 77, 10},
		{91, 14, 75, 72, 54, 66, 55, 99, 87, 52, 79, 83, 45, 46, 60, 81, 95, 40, 72, 13},
		{37, 84, 73, 22, 38, 25, 14, 69, 64, 43, 72, 32, 85, 40, 58, 34, 39, 40, 27, 85},
		{30, 86, 10, 92, 91, 49, 91, 89, 99, 13, 78, 84, 44, 36, 37, 59, 72, 56, 14, 18},
		{38, 89, 92, 16, 15, 80, 56, 89, 83, 69, 74, 71, 95, 96, 11, 96, 21, 73, 95, 57},
		{95, 97, 11, 10, 48, 76, 72, 58, 93, 42, 97, 90, 77, 54, 97, 90, 66, 47, 81, 68},
		{54, 26, 53, 93, 96, 54, 90, 23, 24, 37, 46, 85, 54, 30, 86, 10, 31, 63, 73, 90},
		{62, 91, 49, 19, 86, 25, 65, 49, 20, 87, 11, 51, 88, 91, 56, 71, 51, 29, 59, 55},
		{45, 72, 68, 82, 29, 67, 80, 35, 70, 38, 14, 66, 13, 92, 30, 50, 70, 77, 38, 92},
		{16, 27, 44, 47, 78, 94, 46, 21, 47, 11, 30, 99, 35, 98, 79, 34, 22, 52, 20, 54},
		{89, 62, 56, 77, 76, 21, 40, 64, 20, 66, 12, 41, 88, 85, 55, 85, 86, 93, 17, 70},
		{94, 13, 84, 31, 51, 22, 51, 24, 28, 97, 15, 54, 85, 11, 49, 28, 13, 99, 33, 28},
		{25, 19, 84, 43, 31, 33, 97, 38, 43, 82, 31, 37, 56, 34, 51, 82, 64, 61, 37, 67},
		{23, 57, 20, 23, 75, 79, 17, 96, 18, 34, 32, 75, 19, 79, 24, 42, 27, 21, 59, 46},
		{70, 95, 42, 22, 23, 30, 72, 86, 97, 99, 53, 56, 51, 21, 33, 87, 86, 22, 27, 50},
		{53, 57, 14, 77, 41, 38, 14, 93, 57, 35, 92, 41, 38, 84, 65, 89, 59, 86, 33, 67},
		{13, 94, 15, 40, 53, 35, 65, 52, 95, 46, 17, 62, 54, 34, 36, 11, 20, 83, 32, 16},
		{43, 59, 14, 61, 39, 92, 80, 45, 36, 32, 27, 14, 45, 21, 87, 62, 95, 79, 25, 63},
		{19, 12, 70, 19, 87, 46, 47, 50, 93, 82, 80, 87, 75, 50, 75, 87, 21, 48, 42, 29},
		{52, 21, 67, 85, 60, 96, 98, 43, 62, 97, 18, 73, 40, 62, 23, 47, 46, 44, 56, 43},
		{75, 45, 52, 63, 89, 14, 92, 17, 94, 29, 99, 97, 60, 39, 85, 58, 41, 71, 19, 15}
	},
	{
		{91, 53, 71, 37, 23, 60, 16, 60, 71, 82, 34, 82, 37, 88, 95, 39, 34, 71, 52, 56},
		{92, 66, 75, 79, 54, 57, 54, 44, 78, 72, 51, 59, 52, 63, 67, 34, 44, 64, 22, 14},
		{22, 21, 25, 65, 49, 73, 62, 44, 88, 94, 75, 42, 37, 33, 90, 67, 56, 61, 48, 51},
		{16, 53, 41, 18, 32, 64, 24, 13, 65, 78, 35, 63, 95, 21, 30, 74, 24, 14, 77, 87},
		{39, 56, 17, 57, 70, 52, 81, 80, 32, 15, 15, 47, 67, 15, 63, 71, 11, 46, 12, 96},
		{96, 24, 91, 13, 78, 91, 88, 31, 97, 95, 45, 30, 25, 38, 36, 62, 55, 66, 50, 72},
		{80, 42, 72, 31, 28, 96, 74, 41, 39, 74, 86, 70, 57, 66, 50, 85, 64, 88, 89, 59},
		{87, 51, 72, 24, 26, 26, 44, 53, 72, 78, 15, 56, 23, 40, 81, 67, 90, 29, 24, 85},
		{22, 64, 44, 42, 71, 67, 95, 50, 34, 42, 77, 17, 55, 47, 68, 88, 53, 53, 64, 51},
		{69, 84, 95, 61, 58, 76, 55, 47, 36, 29, 36, 90, 39, 64, 25, 55, 23, 25, 76, 91},
		{75, 74, 33, 13, 88, 80, 65, 71, 91, 46, 65, 21, 67, 91, 46, 53, 79, 89, 37, 48},
		{21, 70, 79, 33, 27, 15, 34, 27, 44, 28, 33, 33, 24, 28, 16, 92, 95, 14, 31, 60},
		{67, 84, 86, 25, 73, 19, 80, 44, 33, 79, 85, 44, 85, 54, 56, 28, 23, 17, 36, 11},
		{28, 25, 63, 69, 59, 88, 97, 82, 81, 63, 52, 82, 24, 64, 31, 95, 38, 77, 60, 11},
		{18, 52, 60, 59, 89, 73, 10, 49, 73, 62, 76, 23, 71, 50, 69, 14, 33, 67, 16, 72},
		{33, 68, 11, 28, 96, 46, 90, 21, 27, 65, 84, 48, 50, 90, 18, 86, 33, 59, 70, 21},
		{38, 44, 27, 35, 28, 34, 94, 78, 91, 34, 22, 58, 52, 99, 57, 69, 34, 11, 65, 93},
		{25, 48, 43, 47, 35, 48, 90, 57, 21, 44, 41, 89, 67, 45, 66, 10, 38, 31, 70, 13},
		{32, 19, 36, 55, 46, 70, 16, 95, 70, 78, 14, 66, 75, 52, 18, 29, 84, 40, 64, 98},
		{71, 49, 56, 27, 93, 85, 43, 23, 64, 32, 54, 90, 98, 35, 37, 73, 61, 77, 44, 75},
		{49, 39, 85, 30, 86, 78, 89, 52, 14, 29, 39, 38, 78, 76, 49, 14, 86, 78, 98, 24},
		{92, 18, 84, 25, 71, 87, 51, 91, 89, 23, 80, 16, 53, 39, 80, 19, 30, 21, 14, 23},
		{96, 45, 21, 62, 24, 98, 44, 50, 69, 91, 83, 64, 14, 46, 21, 64, 68, 11, 58, 96},
		{55, 21, 94, 38, 14, 74, 42, 30, 34, 39, 10, 77, 16, 49, 33, 83, 32, 13, 92, 70},
		{67, 68, 55, 30, 81, 68, 32, 75, 21, 39, 97, 93, 67, 89, 93, 63, 10, 67, 72, 46},
		{81, 51, 29, 91, 84, 98, 31, 44, 73, 57, 32, 29, 66, 47, 49, 46, 84, 63, 59, 95},
		{47, 36, 13, 55, 27, 35, 74, 48, 34, 48, 41, 19, 67, 36, 37, 26, 98, 39, 88, 73},
		{80, 14, 93, 47, 19, 52, 82, 64, 65, 46, 34, 27, 37, 27, 35, 28, 86, 81, 36, 32},
		{50, 22, 53, 75, 40, 65, 75, 99, 51, 49, 98, 66, 65, 94, 46, 54, 19, 86, 14, 42},
		{25, 88, 42, 97, 17, 37, 27, 80, 86, 56, 64, 15, 96, 59, 71, 57, 44, 44, 79, 43},
		{56, 97, 39, 71, 84, 39, 70, 47, 83, 66, 40, 75, 14, 87, 51, 72, 44, 49, 32, 40},
		{20, 25, 47, 16, 39, 75, 62, 56, 17, 55, 80, 19, 15, 61, 51, 14, 85, 34, 94, 23},
		{52, 98, 47, 82, 17, 26, 86, 97, 39, 33, 36, 83, 18, 20, 60, 13, 97, 58, 24, 99},
		{86, 41, 51, 76, 39, 70, 84, 51, 30, 84, 68, 76, 12, 32, 57, 63, 77, 50, 43, 31},
		{33, 21, 76, 90, 60, 54, 50, 49, 81, 58, 21, 64, 51, 83, 33, 95, 69, 89, 10, 15},
		{39, 59, 95, 71, 78, 70, 80, 38, 52, 92, 76, 51, 40, 83, 47, 48, 22, 80, 30, 48},
		{90, 72, 17, 32, 63, 11, 54, 61, 42, 91, 52, 41, 91, 66, 84, 56, 24, 88, 82, 64},
		{24, 84, 22, 21, 23, 74, 63, 96, 40, 68, 77, 45, 60, 33, 62, 67, 53, 14, 54, 83},
		{25, 16, 92, 77, 28, 87, 55, 99, 91, 56, 64, 66, 36, 74, 23, 87, 54, 39, 68, 34},
		{55, 27, 55, 15, 77, 94, 93, 65, 44, 16, 13, 72, 80, 71, 86, 82, 63, 18, 86, 45},
		{73, 19, 85, 96, 89, 71, 40, 59, 25, 16, 70, 56, 67, 73, 49, 17, 34, 65, 88, 24},
		{17, 69, 91, 86, 46, 55, 67, 45, 47, 32, 60, 56, 45, 85, 45, 70, 34, 31, 65, 77},
		{71, 36, 82, 24, 72, 21, 41, 20, 61, 30, 22, 84, 61, 85, 88, 18, 45, 97, 91, 29},
		{22, 53, 70, 96, 64, 54, 34, 24, 24, 56, 30, 72, 53, 35, 58, 96, 21, 36, 89, 76},
		{68, 91, 29, 36, 41, 82, 89, 25, 50, 45, 25, 15, 15, 60, 42, 72, 66, 92, 33, 94},
		{21, 26, 85, 54, 48, 20, 34, 89, 92, 94, 79, 45, 75, 17, 55, 26, 30, 88, 22, 26},
		{43, 49, 67, 61, 19, 98, 11, 49, 69, 99, 62, 68, 46, 16, 98, 74, 60, 15, 55, 62},
		{50, 83, 87, 83, 75, 80, 49, 12, 36, 56, 87, 98, 86, 63, 74, 90, 98, 92, 49, 43},
		{49, 58, 30, 44, 69, 85, 67, 44, 14, 19, 97, 94, 43, 96, 43, 61, 46, 80, 84, 99},
		{96, 21, 57, 14, 40, 15, 72, 37, 26, 45, 34, 10, 15, 17, 19, 63, 52, 14, 28, 42}
	},
	{
		{35, 97, 60, 49, 58, 94, 58, 77, 53, 13, 11, 83, 53, 93, 23, 41, 40, 88, 69, 51},
		{30, 38, 81, 87, 12, 82, 48, 10, 52, 98, 19, 54, 50, 60, 60, 62, 47, 20, 23, 12},
		{57, 40, 33, 71, 79, 39, 53, 52, 48, 88, 52, 91, 63, 81, 24, 87, 88, 35, 91, 19},
		{50, 56, 93, 26, 13, 63, 60, 41, 57, 98, 60, 80, 76, 66, 13, 63, 37, 76, 60, 28},
		{39, 14, 73, 93, 50, 10, 63, 47, 97, 76, 84, 29, 16, 56, 95, 95, 43, 56, 24, 58},
		{34, 35, 13, 34, 19, 53, 94, 57, 11, 80, 71, 74, 21, 84, 31, 87, 88, 81, 68, 24},
		{24, 48, 84, 77, 72, 54, 70, 20, 73, 82, 83, 75, 73, 19, 60, 38, 48, 33, 99, 36},
		{94, 48, 82, 81, 90, 46, 31, 63, 63, 78, 46, 81, 78, 78, 77, 28, 64, 46, 99, 63},
		{94, 85, 28, 41, 12, 65, 81, 60, 95, 65, 28, 71, 59, 96, 25, 23, 94, 68, 48, 77},
		{16, 29, 80, 49, 69, 21, 88, 16, 43, 43, 24, 47, 54, 33, 83, 99, 96, 74, 73, 23},
		{21, 86, 58, 69, 89, 21, 22, 68, 48, 47, 21, 47, 92, 71, 85, 74, 93, 60, 51, 31},
		{67, 49, 72, 12, 26, 62, 76, 66, 47, 56, 52, 26, 79, 68, 11, 94, 29, 43, 89, 41},
		{92, 76, 68, 61, 77, 89, 48, 12, 74, 38, 62, 70, 15, 43, 45, 80, 22, 63, 21, 74},
		{92, 17, 17, 84, 63, 26, 65, 67, 38, 95, 67, 14, 10, 45, 68, 31, 14, 81, 78, 97},
		{69, 29, 48, 20, 65, 92, 24, 63, 77, 81, 24, 33, 68, 45, 43, 42, 77, 79, 66, 75},
		{32, 81, 48, 61, 93, 21, 68, 85, 71, 33, 46, 66, 15, 46, 81, 81, 60, 27, 96, 14},
		{95, 43, 72, 48, 49, 39, 48, 24, 69, 26, 95, 99, 55, 22, 57, 63, 95, 42, 71, 87},
		{81, 35, 19, 29, 75, 54, 60, 66, 66, 77, 72, 82, 51, 21, 65, 79, 50, 77, 62, 86},
		{25, 57, 51, 72, 61, 24, 91, 87, 34, 65, 24, 64, 56, 53, 98, 21, 55, 43, 26, 39},
		{31, 73, 39, 53, 99, 15, 50, 45, 97, 88, 33, 53, 36, 29, 28, 23, 10, 97, 61, 79},
		{57, 34, 66, 89, 76, 71, 58, 78, 49, 39, 87, 61, 63, 33, 80, 14, 79, 80, 95, 52},
		{59, 31, 41, 72, 57, 85, 47, 19, 66, 85, 93, 83, 63, 72, 33, 24, 18, 25, 71, 97},
		{67, 72, 90, 52, 28, 25, 32, 29, 79, 73, 78, 88, 91, 79, 64, 16, 82, 84, 62, 55},
		{64, 28, 35, 99, 31, 19, 22, 13, 99, 18, 12, 67, 65, 88, 57, 36, 38, 16, 94, 43},
		{82, 77, 17, 41, 82, 49, 30, 68, 28, 46, 31, 18, 38, 62, 28, 81, 23, 77, 43, 32},
		{92, 21, 62, 85, 82, 42, 81, 42, 80, 71, 68, 32, 64, 91, 31, 45, 54, 63, 11, 55},
		{54, 16, 61, 50, 73, 32, 93, 83, 35, 52, 84, 68, 39, 38, 58, 12, 62, 45, 45, 62},
		{40, 25, 89, 83, 38, 67, 65, 98, 85, 64, 33, 29, 33, 60, 63, 75, 24, 76, 47, 65},
		{31, 35, 14, 96, 63, 28, 91, 16, 31, 69, 23, 30, 24, 77, 63, 50, 38, 24, 30, 57},
		{68, 55, 39, 72, 80, 54, 36, 70, 61, 21, 64, 99, 77, 23, 21, 28, 44, 28, 76, 13},
		{81, 91, 17, 25, 10, 12, 82, 58, 21, 63, 81, 19, 39, 51, 11, 99, 47, 50, 97, 85},
		{59, 11, 13, 54, 58, 62, 72, 98, 54, 35, 91, 41, 44, 27, 62, 89, 15, 18, 11, 15},
		{69, 98, 79, 54, 13, 39, 89, 50, 28, 51, 72, 55, 10, 25, 36, 19, 92, 60, 67, 93},
		{22, 99, 52, 24, 77, 74, 32, 55, 62, 24, 83, 14, 80, 62, 97, 54, 29, 24, 93, 70},
		{93, 10, 12, 43, 53, 85, 24, 65, 25, 42, 83, 73, 85, 16, 31, 29, 40, 72, 12, 34},
		{11, 86, 65, 42, 70, 44, 96, 80, 50, 43, 57, 70, 45, 50, 22, 27, 23, 28, 78, 71},
		{55, 58, 58, 49, 57, 12, 88, 81, 66, 48, 52, 64, 65, 65, 44, 47, 51, 96, 11, 95},
		{93, 30, 80, 49, 51, 76, 83, 46, 20, 83, 18, 70, 19, 33, 84, 56, 24, 19, 77, 35},
		{98, 19, 29, 35, 90, 20, 94, 61, 37, 98, 64, 14, 40, 96, 67, 32, 36, 20, 85, 14},
		{83, 71, 82, 56, 70, 84, 41, 43, 73, 41, 39, 89, 73, 90, 97, 88, 74, 17, 78, 49},
		{20, 97, 13, 34, 97, 61, 15, 89, 25, 20, 80, 58, 72, 54, 80, 17, 40, 89, 35, 40},
		{72, 42, 41, 11, 11, 32, 92, 80, 22, 38, 46, 27, 95, 80, 19, 43, 11, 92, 55, 55},
		{86, 38, 99, 75, 87, 42, 64, 46, 24, 46, 92, 16, 12, 69, 74, 54, 20, 48, 80, 62},
		{84, 90, 10, 63, 28, 61, 20, 72, 25, 10, 88, 42, 34, 64, 59, 20, 55, 21, 62, 27},
		{22, 99, 17, 57, 93, 25, 39, 16, 54, 67, 62, 46, 57, 40, 95, 88, 54, 75, 78, 23},
		{80, 12, 85, 33, 43, 49, 27, 96, 78, 57, 98, 39, 23, 62, 67, 61, 51, 13, 64, 86},
		{31, 31, 20, 14, 82, 91, 57, 29, 99, 47, 48, 37, 23, 43, 97, 90, 24, 98, 59, 14},
		{57, 22, 84, 52, 73, 12, 48, 20, 47, 96, 68, 33, 15, 34, 79, 16, 89, 22, 11, 90},
		{98, 21, 30, 10, 59, 23, 95, 81, 22, 76, 30, 71, 14, 24, 77, 76, 70, 92, 66, 68},
		{20, 60, 19, 59, 92, 40, 25, 32, 78, 69, 64, 83, 21, 66, 46, 99, 74, 79, 89, 13}
	},
	{
		{23, 34, 14, 74, 85, 45, 41, 77, 95, 80, 29, 83, 21, 65, 70, 79, 48, 30, 19, 98},
		{54, 19, 65, 14, 15, 38, 75, 55, 24, 27, 42, 61, 31, 88, 40, 72, 27, 37, 82, 41},
		{69, 77, 54, 87, 29, 32, 31, 45, 70, 48, 10, 20, 52, 49, 69, 66, 90, 36, 10, 12},
		{78, 12, 67, 61, 41, 15, 46, 97, 62, 12, 68, 54, 37, 89, 68, 54, 15, 21, 47, 37},
		{73, 42, 41, 96, 19, 25, 44, 89, 42, 55, 93, 12, 48, 14, 82, 85, 91, 28, 82, 96},
		{25, 95, 74, 49, 84, 11, 69, 29, 25, 17, 11, 56, 94, 46, 55, 32, 64, 74, 74, 60},
		{30, 16, 96, 22, 89, 22, 47, 16, 18, 92, 63, 18, 31, 65, 26, 28, 15, 69, 41, 86},
		{63, 10, 71, 93, 64, 98, 98, 25, 52, 89, 73, 89, 21, 36, 50, 71, 13, 89, 97, 36},
		{12, 33, 84, 99, 43, 82, 49, 98, 43, 81, 74, 46, 95, 64, 98, 81, 41, 94, 41, 60},
		{53, 65, 43, 25, 47, 48, 69, 56, 19, 50, 91, 78, 74, 65, 33, 46, 39, 59, 90, 74},
		{39, 73, 22, 44, 93, 91, 14, 29, 34, 21, 80, 96, 42, 48, 94, 47, 42, 89, 23, 90},
		{67, 88, 54, 37, 57, 20, 54, 88, 73, 17, 88, 24, 44, 84, 98, 73, 69, 34, 17, 68},
		{24, 61, 15, 33, 43, 65, 22, 36, 99, 35, 93, 71, 47, 38, 73, 84, 62, 62, 39, 91},
		{62, 16, 95, 71, 57, 29, 84, 79, 42, 68, 71, 27, 75, 53, 18, 58, 26, 37, 79, 60},
		{10, 52, 78, 67, 22, 81, 27, 41, 54, 49, 18, 45, 75, 86, 93, 50, 38, 15, 78, 46},
		{22, 47, 86, 11, 31, 60, 32, 60, 17, 15, 98, 86, 97, 15, 74, 50, 77, 59, 97, 46},
		{82, 17, 66, 83, 60, 16, 93, 70, 82, 66, 15, 97, 33, 63, 97, 71, 26, 29, 35, 27},
		{31, 95, 25, 98, 33, 35, 78, 73, 35, 25, 31, 60, 66, 96, 48, 39, 86, 31, 40, 15},
		{53, 27, 93, 64, 43, 72, 80, 88, 95, 73, 27, 25, 57, 52, 81, 85, 19, 60, 88, 87},
		{39, 17, 39, 14, 10, 10, 53, 21, 56, 18, 55, 93, 72, 29, 37, 83, 76, 79, 62, 11},
		{91, 70, 93, 29, 22, 17, 26, 24, 43, 44, 49, 60, 92, 19, 62, 57, 87, 67, 52, 95},
		{11, 11, 64, 54, 75, 75, 21, 88, 58, 29, 65, 63, 50, 74, 53, 14, 79, 98, 28, 45},
		{17, 92, 53, 79, 30, 46, 80, 68, 26, 21, 68, 21, 59, 76, 16, 63, 81, 80, 32, 21},
		{88, 34, 86, 20, 59, 69, 15, 43, 96, 55, 49, 74, 59, 65, 12, 72, 42, 74, 16, 51},
		{94, 83, 55, 76, 89, 60, 23, 83, 30, 59, 41, 13, 50, 86, 23, 72, 95, 40, 50, 48},
		{16, 84, 83, 74, 66, 45, 40, 79, 12, 25, 79, 87, 81, 41, 84, 24, 82, 96, 98, 31},
		{92, 41, 36, 64, 77, 31, 60, 57, 62, 55, 85, 43, 91, 56, 14, 45, 82, 62, 91, 66},
		{47, 16, 67, 67, 66, 40, 49, 21, 85, 94, 86, 97, 19, 16, 70, 85, 71, 26, 24, 72},
		{99, 32, 77, 86, 74, 37, 22, 55, 67, 47, 64, 64, 23, 91, 21, 28, 17, 80, 46, 90},
		{68, 75, 57, 72, 45, 79, 28, 32, 34, 62, 28, 59, 73, 64, 22, 87, 92, 37, 75, 74},
		{97, 15, 33, 60, 31, 48, 13, 44, 85, 53, 34, 35, 79, 96, 97, 56, 89, 50, 30, 82},
		{96, 76, 52, 52, 46, 46, 14, 71, 75, 96, 26, 29, 30, 55, 29, 39, 28, 33, 40, 32},
		{63, 72, 69, 67, 95, 28, 35, 97, 64, 32, 55, 19, 20, 44, 49, 12, 21, 57, 93, 30},
		{17, 51, 72, 20, 65, 40, 55, 44, 81, 99, 55, 16, 31, 22, 22, 12, 48, 74, 66, 62},
		{93, 36, 45, 33, 40, 58, 70, 48, 32, 52, 65, 26, 34, 56, 39, 68, 62, 32, 49, 34},
		{89, 80, 25, 95, 82, 57, 32, 21, 54, 85, 37, 62, 37, 16, 93, 28, 65, 56, 59, 38},
		{81, 40, 64, 62, 75, 78, 82, 36, 30, 76, 97, 81, 26, 92, 89, 93, 32, 28, 20, 28},
		{13, 58, 38, 49, 46, 93, 91, 36, 45, 83, 49, 73, 54, 93, 16, 57, 20, 66, 63, 13},
		{73, 19, 55, 66, 88, 76, 30, 49, 93, 17, 51, 63, 98, 55, 86, 32, 84, 57, 48, 65},
		{92, 32, 62, 29, 92, 61, 53, 72, 53, 99, 10, 14, 38, 10, 41, 25, 35, 47, 31, 28},
		{97, 41, 49, 11, 23, 78, 10, 78, 42, 97, 60, 34, 35, 52, 16, 23, 70, 50, 75, 74},
		{35, 95, 75, 93, 63, 43, 72, 37, 41, 43, 73, 54, 96, 37, 97, 10, 17, 27, 78, 54},
		{48, 39, 26, 69, 25, 17, 74, 93, 70, 94, 92, 39, 82, 15, 38, 29, 21, 88, 50, 28},
		{41, 85, 82, 17, 25, 62, 84, 61, 80, 49, 53, 39, 83, 78, 25, 16, 34, 23, 48, 27},
		{25, 35, 12, 36, 57, 85, 19, 59, 92, 20, 77, 33, 83, 15, 96, 92, 13, 76, 89, 26},
		{53, 30, 89, 15, 58, 99, 15, 79, 13, 63, 12, 49, 34, 99, 41, 15, 69, 77, 90, 19},
		{26, 57, 43, 47, 25, 75, 69, 20, 84, 83, 46, 45, 87, 77, 50, 40, 19, 10, 97, 78},
		{56, 31, 54, 32, 72, 72, 89, 98, 94, 82, 86, 77, 42, 63, 85, 50, 14, 89, 63, 93},
		{42, 47, 39, 30, 70, 90, 67, 99, 76, 87, 89, 52, 75, 50, 15, 69, 20, 27, 56, 54},
		{21, 60, 24, 12, 64, 72, 69, 39, 93, 36, 16, 90, 87, 32, 87, 50, 11, 20, 75, 42}
	},
	{
		{46, 97, 31, 34, 53, 62, 46, 78, 64, 73, 25, 78, 56, 19, 50, 21, 69, 80, 86, 36},
		{74, 53, 60, 34, 48, 55, 46, 99, 91, 49, 19, 95, 29, 87, 28, 48, 11, 25, 74, 74},
		{36, 86, 14, 53, 85, 80, 92, 63, 47, 88, 61, 35, 33, 99, 15, 17, 38, 79, 18, 10},
		{21, 14, 31, 18, 24, 33, 49, 18, 40, 81, 91, 29, 11, 49, 76, 46, 79, 86, 53, 22},
		{62, 29, 67, 40, 16, 41, 30, 80, 26, 51, 26, 42, 80, 48, 39, 10, 60, 47, 55, 34},
		{22, 15, 22, 51, 51, 13, 15, 41, 14, 63, 20, 30, 12, 95, 95, 37, 94, 88, 36, 12},
		{87, 27, 24, 51, 29, 50, 83, 88, 93, 78, 78, 45, 82, 36, 58, 93, 78, 98, 10, 59},
		{11, 21, 97, 14, 34, 25, 54, 17, 97, 35, 23, 95, 15, 89, 53, 11, 95, 22, 75, 86},
		{44, 28, 39, 82, 99, 27, 75, 60, 78, 99, 77, 96, 77, 65, 28, 65, 88, 96, 91, 69},
		{87, 43, 77, 79, 74, 93, 12, 44, 50, 46, 67, 49, 36, 49, 88, 40, 99, 73, 11, 12},
		{63, 46, 64, 83, 39, 10, 46, 78, 17, 28, 83, 25, 18, 32, 38, 18, 84, 59, 54, 91},
		{24, 81, 66, 23, 19, 75, 61, 91, 13, 97, 84, 26, 46, 71, 28, 85, 77, 63, 27, 77},
		{98, 85, 59, 10, 92, 63, 16, 81, 67, 70, 72, 94, 26, 15, 91, 33, 48, 11, 35, 53},
		{89, 81, 98, 57, 44, 45, 14, 65, 80, 75, 53, 34, 75, 95, 70, 46, 49, 84, 68, 51},
		{12, 94, 81, 82, 27, 77, 95, 34, 64, 82, 40, 71, 32, 22, 31, 63, 29, 92, 87, 54},
		{96, 76, 33, 92, 94, 51, 99, 69, 65, 78, 31, 59, 71, 28, 53, 39, 51, 30, 85, 46},
		{68, 23, 92, 25, 64, 53, 50, 88, 89, 80, 89, 48, 95, 68, 11, 91, 73, 34, 97, 10},
		{75, 30, 92, 55, 38, 66, 57, 75, 78, 84, 51, 72, 66, 63, 42, 69, 23, 64, 95, 10},
		{26, 32, 52, 57, 24, 85, 43, 62, 78, 61, 93, 47, 86, 73, 96, 10, 68, 10, 22, 91},
		{96, 95, 71, 44, 65, 24, 70, 43, 91, 57, 11, 93, 25, 32, 65, 64, 52, 64, 77, 49},
		{29, 74, 38, 16, 90, 27, 74, 34, 42, 21, 15, 53, 29, 44, 64, 82, 24, 37, 61, 79},
		{16, 16, 96, 56, 41, 67, 97, 44, 48, 31, 57, 84, 75, 17, 62, 39, 85, 83, 15, 53},
		{34, 69, 33, 63, 21, 44, 66, 26, 18, 55, 70, 88, 17, 42, 71, 10, 95, 63, 35, 29},
		{42, 38, 30, 97, 18, 23, 62, 70, 36, 73, 26, 27, 60, 54, 31, 24, 86, 20, 63, 96},
		{61, 60, 22, 32, 38, 90, 45, 95, 18, 10, 87, 87, 31, 43, 50, 88, 25, 84, 43, 64},
		{10, 59, 60, 28, 37, 81, 18, 96, 11, 94, 10, 85, 25, 86, 33, 85, 98, 69, 65, 47},
		{82, 28, 33, 35, 60, 53, 32, 98, 53, 44, 56, 97, 67, 56, 90, 18, 71, 96, 30, 78},
		{57, 49, 46, 63, 39, 93, 34, 38, 22, 39, 60, 47, 38, 84, 96, 23, 58, 36, 90, 60},
		{84, 10, 26, 91, 93, 31, 11, 79, 44, 87, 59, 36, 36, 24, 21, 31, 66, 19, 57, 65},
		{72, 24, 33, 88, 56, 49, 70, 55, 38, 12, 50, 89, 30, 93, 77, 56, 66, 64, 43, 57},
		{63, 65, 57, 52, 93, 83, 91, 49, 56, 60, 53, 73, 98, 54, 16, 49, 56, 40, 36, 67},
		{83, 30, 18, 51, 55, 55, 79, 83, 26, 13, 73, 84, 99, 11, 27, 12, 82, 84, 43, 40},
		{94, 68, 97, 82, 62, 16, 88, 18, 70, 99, 92, 98, 13, 29, 69, 44, 21, 28, 67, 49},
		{96, 87, 67, 68, 69, 67, 88, 25, 22, 86, 44, 12, 44, 54, 89, 49, 42, 13, 63, 43},
		{21, 22, 86, 81, 88, 65, 93, 48, 59, 26, 57, 24, 91, 20, 87, 14, 56, 48, 62, 29},
		{87, 58, 28, 91, 59, 95, 94, 90, 34, 89, 39, 63, 91, 66, 97, 46, 35, 85, 67, 47},
		{56, 15, 39, 42, 92, 18, 67, 12, 31, 44, 46, 96, 15, 30, 45, 75, 12, 53, 90, 36},
		{56, 77, 90, 72, 54, 60, 29, 66, 92, 52, 99, 44, 27, 37, 73, 20, 15, 29, 56, 83},
		{20, 28, 55, 10, 62, 78, 46, 30, 63, 94, 48, 95, 57, 34, 91, 93, 28, 61, 75, 74},
		{44, 50, 12, 87, 95, 86, 69, 90, 91, 73, 66, 99, 27, 49, 71, 57, 10, 28, 65, 56},
		{88, 52, 54, 38, 71, 76, 63, 29, 19, 99, 89, 68, 62, 77, 77, 28, 24, 29, 94, 98},
		{85, 38, 83, 59, 36, 54, 61, 59, 64, 65, 51, 81, 29, 67, 44, 22, 71, 19, 84, 79},
		{54, 99, 45, 75, 15, 90, 64, 50, 78, 42, 70, 45, 23, 60, 26, 96, 76, 71, 91, 90},
		{22, 48, 31, 62, 68, 11, 81, 36, 76, 12, 88, 62, 43, 84, 43, 15, 13, 81, 79, 39},
		{18, 99, 45, 11, 60, 94, 64, 47, 41, 52, 68, 67, 52, 66, 28, 35, 39, 48, 42, 94},
		{99, 69, 53, 70, 76, 79, 57, 10, 88, 82, 82, 12, 83, 70, 67, 82, 79, 89, 20, 81},
		{36, 38, 84, 95, 55, 28, 35, 75, 26, 33, 25, 30, 46, 49, 99, 58, 12, 12, 51, 55},
		{97, 70, 85, 94, 29, 73, 11, 74, 26, 23, 63, 20, 59, 79, 84, 30, 68, 68, 93, 89},
		{83, 98, 16, 54, 25, 38, 58, 95, 39, 46, 26, 31, 83, 71, 23, 46, 53, 29, 66, 81},
		{47, 23, 48, 23, 35, 62, 25, 58, 44, 97, 36, 48, 38, 89, 39, 60, 91, 38, 31, 94}
	},
	{
		{47, 74, 42, 96, 43, 84, 21, 36, 39, 93, 65, 51, 97, 95, 89, 63, 22, 70, 84, 21},
		{90, 44, 72, 20, 62, 82, 53, 85, 74, 21, 46, 82, 80, 25, 62, 89, 23, 37, 77, 46},
		{59, 34, 36, 54, 51, 47, 84, 77, 46, 52, 38, 97, 23, 84, 51, 27, 80, 70, 15, 86},
		{53, 44, 94, 68, 99, 52, 10, 34, 83, 92, 58, 53, 44, 57, 41, 76, 67, 37, 98, 18},
		{37, 67, 17, 39, 41, 20, 46, 45, 93, 71, 86, 78, 18, 90, 85, 23, 51, 18, 88, 71},
		{78, 31, 43, 89, 69, 77, 39, 12, 14, 57, 86, 46, 67, 63, 40, 54, 74, 86, 96, 93},
		{58, 51, 82, 79, 87, 93, 92, 26, 11, 80, 65, 44, 79, 18, 52, 72, 34, 71, 77, 50},
		{62, 92, 22, 86, 17, 52, 31, 67, 84, 43, 93, 61, 46, 33, 54, 40, 45, 38, 74, 45},
		{58, 75, 68, 61, 65, 19, 96, 55, 58, 35, 15, 37, 83, 98, 11, 16, 84, 14, 49, 42},
		{67, 78, 26, 98, 51, 43, 70, 90, 17, 59, 89, 18, 18, 41, 43, 17, 92, 41, 57, 38},
		{84, 44, 70, 75, 18, 93, 21, 57, 67, 61, 24, 92, 15, 95, 35, 78, 18, 79, 16, 79},
		{41, 32, 72, 95, 59, 24, 19, 82, 91, 37, 12, 49, 90, 46, 82, 41, 93, 60, 24, 45},
		{13, 42, 99, 37, 15, 54, 74, 78, 20, 77, 65, 31, 26, 44, 56, 76, 53, 30, 90, 31},
		{82, 47, 20, 96, 58, 30, 19, 10, 67, 95, 67, 59, 13, 33, 88, 76, 23, 23, 42, 18},
		{75, 29, 46, 84, 66, 17, 48, 51, 42, 74, 94, 27, 67, 34, 24, 61, 48, 96, 26, 45},
		{52, 74, 31, 39, 76, 25, 27, 62, 55, 30, 75, 20, 63, 91, 84, 28, 64, 77, 58, 10},
		{39, 62, 20, 17, 45, 96, 76, 16, 42, 26, 58, 72, 62, 67, 69, 48, 77, 62, 27, 48},
		{78, 61, 82, 29, 10, 52, 75, 63, 85, 47, 92, 87, 69, 78, 39, 74, 10, 34, 64, 76},
		{46, 94, 76, 21, 91, 88, 89, 23, 95, 74, 62, 47, 50, 48, 85, 57, 33, 91, 27, 59},
		{12, 89, 33, 35, 80, 85, 37, 25, 92, 52, 96, 33, 60, 13, 58, 45, 35, 38, 87, 43},
		{66, 94, 30, 22, 74, 62, 86, 35, 98, 44, 96, 79, 86, 21, 81, 43, 25, 91, 16, 93},
		{75, 11, 41, 92, 15, 91, 71, 11, 52, 45, 55, 95, 75, 38, 42, 82, 96, 10, 37, 24},
		{80, 95, 78, 58, 41, 57, 78, 11, 79, 34, 33, 44, 31, 53, 56, 77, 63, 67, 55, 45},
		{50, 92, 40, 42, 84, 74, 39, 34, 39, 28, 11, 71, 18, 69, 58, 21, 96, 22, 11, 16},
		{46, 16, 95, 69, 19, 69, 63, 77, 64, 64, 52, 27, 47, 68, 50, 86, 34, 55, 23, 99},
		{94, 25, 78, 63, 72, 54, 10, 61, 98, 57, 21, 33, 61, 52, 31, 45, 82, 83, 30, 92},
		{93, 58, 83, 42, 48, 31, 12, 70, 47, 52, 59, 54, 61, 66, 48, 27, 98, 17, 99, 57},
		{50, 25, 50, 87, 75, 10, 34, 78, 21, 69, 70, 27, 71, 81, 15, 16, 49, 91, 77, 93},
		{84, 85, 63, 38, 88, 16, 81, 48, 42, 69, 79, 44, 62, 73, 83, 32, 15, 31, 41, 89},
		{35, 30, 14, 46, 21, 38, 88, 43, 29, 64, 97, 68, 96, 24, 73, 80, 52, 17, 60, 82},
		{46, 62, 69, 97, 28, 90, 38, 79, 11, 64, 98, 54, 49, 11, 26, 12, 97, 71, 29, 76},
		{60, 73, 60, 41, 59, 25, 78, 84, 19, 43, 78, 49, 18, 70, 77, 86, 16, 28, 70, 59},
		{38, 59, 26, 71, 37, 60, 64, 40, 77, 41, 55, 15, 88, 66, 81, 84, 16, 14, 15, 79},
		{73, 51, 56, 70, 99, 24, 44, 99, 10, 88, 73, 15, 49, 29, 19, 11, 41, 83, 89, 13},
		{50, 36, 22, 36, 76, 93, 33, 36, 34, 39, 35, 86, 68, 19, 27, 88, 34, 78, 21, 88},
		{73, 83, 14, 47, 99, 47, 19, 82, 88, 80, 15, 33, 74, 65, 12, 12, 15, 69, 37, 84},
		{21, 50, 22, 55, 73, 68, 32, 22, 72, 27, 89, 34, 80, 29, 32, 84, 45, 73, 93, 36},
		{28, 15, 44, 89, 81, 61, 86, 73, 42, 16, 97, 72, 57, 75, 52, 96, 96, 82, 43, 47},
		{22, 63, 69, 10, 86, 63, 11, 64, 87, 22, 97, 39, 66, 69, 73, 64, 14, 99, 19, 18},
		{74, 89, 47, 90, 55, 31, 46, 14, 84, 27, 29, 36, 35, 29, 54, 69, 35, 85, 32, 87},
		{35, 53, 86, 23, 13, 47, 49, 33, 51, 74, 86, 90, 56, 75, 55, 51, 50, 51, 15, 62},
		{36, 38, 27, 77, 70, 18, 22, 38, 20, 90, 38, 43, 12, 31, 93, 15, 42, 96, 75, 61},
		{91, 76, 99, 53, 79, 52, 86, 31, 61, 93, 49, 92, 83, 77, 98, 88, 21, 40, 22, 31},
		{90, 70, 84, 34, 42, 23, 83, 38, 68, 17, 45, 55, 12, 69, 26, 41, 21, 18, 90, 38},
		{72, 59, 23, 54, 81, 36, 88, 71, 77, 12, 29, 57, 68, 16, 94, 33, 69, 59, 99, 50},
		{42, 63, 53, 98, 63, 41, 51, 28, 23, 47, 90, 62, 18, 11, 16, 77, 64, 36, 68, 52},
		{10, 70, 97, 18, 46, 41, 76, 64, 77, 40, 14, 46, 96, 98, 78, 63, 98, 72, 12, 27},
		{87, 98, 12, 34, 47, 63, 30, 25, 24, 75, 66, 17, 59, 67, 98, 66, 82, 13, 53, 69},
		{66, 75, 43, 16, 30, 26, 24, 38, 67, 83, 66, 59, 48, 11, 73, 70, 60, 72, 50, 61},
		{96, 91, 26, 39, 91, 28, 24, 98, 57, 85, 68, 51, 57, 76, 32, 66, 99, 60, 95, 86}
	},
	{
		{15, 27, 33, 85, 62, 82, 37, 98, 56, 47, 34, 30, 74, 37, 86, 69, 13, 32, 67, 66},
		{68, 23, 54, 81, 19, 43, 30, 67, 25, 39, 53, 15, 87, 18, 10, 63, 13, 82, 98, 63},
		{33, 97, 89, 25, 40, 58, 54, 71, 58, 46, 69, 99, 55, 64, 65, 42, 13, 58, 90, 57},
		{11, 83, 74, 70, 90, 32, 31, 48, 88, 81, 61, 82, 22, 93, 32, 91, 80, 54, 89, 31},
		{64, 15, 16, 65, 59, 30, 41, 70, 68, 38, 70, 83, 57, 82, 65, 19, 57, 25, 52, 96},
		{88, 88, 33, 38, 95, 69, 89, 23, 45, 78, 24, 20, 51, 32, 42, 14, 95, 20, 21, 45},
		{30, 29, 99, 84, 71, 64, 74, 45, 60, 80, 47, 64, 46, 16, 30, 35, 97, 77, 94, 89},
		{98, 69, 67, 92, 90, 79, 35, 77, 73, 42, 93, 35, 81, 67, 23, 46, 26, 40, 28, 24},
		{18, 18, 62, 10, 83, 96, 62, 50, 78, 10, 23, 49, 29, 21, 34, 45, 72, 87, 27, 78},
		{11, 97, 26, 13, 66, 94, 60, 85, 48, 40, 60, 25, 34, 60, 43, 17, 91, 53, 15, 12},
		{88, 73, 50, 57, 74, 68, 81, 80, 23, 77, 86, 38, 88, 30, 71, 98, 88, 33, 87, 77},
		{13, 88, 20, 78, 24, 16, 46, 22, 54, 73, 72, 41, 73, 37, 49, 90, 37, 91, 60, 85},
		{56, 99, 46, 63, 39, 47, 59, 61, 35, 35, 69, 44, 90, 22, 36, 99, 46, 69, 12, 36},
		{55, 68, 94, 64, 55, 66, 34, 40, 80, 16, 42, 35, 13, 91, 21, 18, 59, 35, 46, 17},
		{27, 48, 20, 97, 53, 80, 56, 81, 34, 15, 88, 79, 45, 54, 44, 47, 54, 84, 93, 79},
		{89, 96, 50, 54, 77, 14, 56, 23, 97, 75, 71, 40, 44, 14, 44, 45, 46, 86, 94, 97},
		{23, 35, 71, 68, 57, 83, 97, 20, 19, 95, 70, 86, 19, 66, 52, 41, 12, 93, 28, 89},
		{23, 37, 46, 67, 51, 60, 53, 14, 92, 12, 31, 74, 67, 73, 78, 13, 49, 98, 89, 83},
		{90, 71, 46, 85, 72, 37, 22, 43, 38, 56, 29, 70, 95, 88, 54, 86, 95, 84, 64, 64},
		{38, 91, 86, 32, 65, 29, 64, 33, 77, 65, 71, 96, 10, 47, 58, 53, 59, 47, 60, 63},
		{29, 41, 19, 26, 39, 70, 81, 35, 36, 45, 88, 36, 82, 57, 20, 19, 92, 80, 80, 73},
		{77, 67, 98, 13, 17, 73, 99, 56, 61, 46, 84, 16, 85, 70, 55, 24, 26, 58, 47, 90},
		{76, 18, 97, 45, 97, 77, 53, 15, 50, 21, 37, 56, 50, 18, 89, 82, 61, 65, 90, 45},
		{33, 27, 58, 77, 38, 40, 33, 68, 61, 56, 97, 72, 16, 12, 19, 27, 48, 84, 69, 17},
		{36, 72, 65, 74, 72, 86, 98, 56, 43, 45, 67, 28, 40, 78, 58, 60, 90, 16, 75, 30},
		{19, 83, 40, 49, 52, 23, 41, 77, 31, 97, 17, 22, 20, 77, 88, 35, 81, 27, 31, 86},
		{57, 82, 57, 51, 11, 37, 29, 82, 39, 44, 75, 36, 14, 45, 28, 16, 65, 18, 61, 77},
		{35, 36, 81, 70, 39, 66, 16, 36, 42, 57, 29, 43, 39, 43, 11, 12, 67, 14, 62, 13},
		{58, 46, 33, 70, 11, 88, 97, 65, 26, 30, 36, 36, 36, 43, 50, 42, 12, 27, 82, 53},
		{83, 74, 71, 23, 21, 32, 96, 87, 76, 37, 73, 64, 59, 12, 66, 78, 86, 80, 63, 16},
		{16, 99, 98, 50, 80, 65, 51, 75, 16, 83, 20, 58, 13, 91, 47, 83, 69, 33, 53, 25},
		{66, 21, 47, 93, 39, 26, 20, 76, 66, 48, 66, 43, 27, 93, 64, 65, 59, 64, 51, 35},
		{17, 83, 12, 62, 13, 93, 47, 87, 86, 94, 37, 39, 22, 97, 58, 24, 84, 29, 22, 66},
		{93, 33, 26, 19, 21, 26, 53, 71, 92, 37, 21, 46, 17, 27, 58, 75, 18, 77, 11, 55},
		{19, 85, 46, 47, 36, 86, 74, 91, 45, 98, 86, 60, 63, 39, 42, 29, 27, 20, 73, 47},
		{66, 68, 34, 45, 23, 15, 17, 49, 47, 41, 27, 76, 94, 14, 95, 96, 44, 79, 16, 47},
		{96, 98, 89, 52, 96, 48, 28, 49, 38, 69, 98, 36, 25, 39, 84, 82, 21, 69, 70, 40},
		{74, 95, 37, 80, 65, 51, 54, 34, 52, 61, 90, 68, 72, 11, 33, 72, 71, 19, 18, 94},
		{70, 62, 81, 80, 63, 58, 50, 15, 66, 63, 39, 76, 79, 68, 12, 56, 59, 11, 97, 46},
		{70, 60, 95, 64, 76, 28, 19, 38, 15, 90, 25, 90, 51, 27, 20, 51, 21, 35, 46, 92},
		{86, 27, 87, 68, 40, 78, 98, 78, 54, 84, 96, 66, 79, 76, 44, 72, 93, 45, 12, 65},
		{89, 64, 63, 58, 95, 84, 10, 37, 86, 22, 93, 56, 10, 49, 22, 66, 28, 95, 53, 90},
		{63, 55, 34, 26, 74, 52, 33, 44, 47, 95, 14, 78, 42, 69, 72, 88, 59, 95, 79, 87},
		{57, 33, 24, 68, 44, 87, 14, 66, 71, 23, 93, 18, 66, 90, 67, 17, 88, 25, 27, 92},
		{27, 95, 79, 92, 65, 99, 70, 87, 41, 84, 23, 67, 29, 82, 61, 55, 14, 77, 63, 59},
		{75, 82, 64, 44, 47, 53, 11, 15, 78, 36, 44, 39, 52, 70, 94, 29, 99, 54, 89, 65},
		{73, 86, 69, 63, 33, 73, 53, 21, 86, 94, 89, 96, 57, 57, 77, 38, 14, 73, 87, 47},
		{20, 56, 30, 92, 36, 25, 52, 36, 11, 87, 26, 75, 25, 99, 63, 86, 27, 71, 48, 42},
		{19, 21, 89, 12, 12, 50, 43, 94, 31, 58, 30, 73, 77, 34, 44, 68, 88, 17, 74, 69},
		{31, 71, 48, 76, 97, 64, 52, 56, 33, 97, 39, 21, 73, 13, 39, 84, 57, 14, 17, 24}
	},
	{
		{56, 51, 98, 83, 55, 56, 56, 72, 20, 67, 62, 29, 23, 17, 32, 89, 39, 91, 44, 85},
		{85, 78, 12, 19, 16, 57, 89, 30, 76, 10, 47, 14, 12, 21, 16, 14, 63, 22, 37, 95},
		{74, 30, 26, 90, 34, 77, 44, 87, 15, 43, 49, 78, 70, 49, 47, 24, 88, 89, 36, 76},
		{95, 17, 16, 61, 99, 49, 42, 26, 99, 81, 53, 99, 97, 15, 88, 87, 87, 21, 25, 14},
		{21, 60, 12, 52, 13, 63, 51, 32, 77, 72, 44, 18, 35, 20, 37, 53, 91, 48, 74, 71},
		{25, 98, 37, 25, 91, 33, 51, 70, 49, 80, 93, 88, 46, 92, 43, 52, 55, 18, 52, 77},
		{33, 31, 60, 61, 77, 46, 48, 80, 65, 56, 40, 32, 38, 65, 99, 50, 87, 36, 69, 93},
		{41, 67, 35, 66, 54, 62, 62, 58, 26, 96, 98, 66, 19, 80, 28, 89, 81, 49, 37, 40},
		{21, 54, 98, 77, 53, 84, 20, 31, 53, 13, 54, 25, 58, 84, 15, 61, 17, 25, 78, 49},
		{24, 92, 92, 76, 47, 44, 85, 55, 73, 59, 84, 50, 19, 60, 17, 35, 70, 39, 30, 35},
		{40, 86, 93, 52, 37, 63, 35, 84, 90, 48, 79, 68, 15, 59, 59, 57, 38, 56, 93, 93},
		{14, 83, 67, 84, 92, 84, 87, 24, 77, 65, 58, 91, 66, 26, 28, 34, 28, 58, 87, 76},
		{24, 24, 50, 28, 65, 78, 74, 87, 39, 19, 95, 93, 57, 96, 87, 63, 99, 43, 13, 79},
		{81, 38, 95, 96, 54, 51, 81, 12, 49, 27, 91, 96, 97, 66, 67, 14, 20, 43, 98, 47},
		{82, 23, 51, 22, 98, 17, 23, 83, 17, 76, 15, 44, 79, 42, 30, 60, 69, 21, 17, 55},
		{57, 70, 56, 97, 54, 92, 47, 73, 69, 24, 86, 28, 83, 68, 84, 61, 60, 21, 63, 84},
		{93, 35, 29, 80, 63, 77, 11, 42, 70, 69, 75, 53, 47, 52, 37, 38, 77, 69, 58, 40},
		{33, 45, 17, 13, 80, 81, 20, 98, 67, 90, 59, 40, 79, 50, 82, 31, 24, 54, 29, 72},
		{21, 88, 18, 48, 61, 10, 62, 31, 18, 74, 22, 25, 68, 68, 98, 55, 59, 80, 30, 23},
		{51, 27, 36, 72, 36, 64, 96, 34, 20, 12, 48, 88, 16, 73, 31, 98, 10, 73, 91, 45},
		{56, 41, 31, 50, 17, 96, 10, 25, 55, 10, 46, 21, 38, 14, 38, 62, 99, 38, 62, 35},
		{56, 52, 14, 48, 79, 60, 18, 20, 78, 56, 12, 42, 54, 27, 33, 64, 37, 71, 81, 26},
		{30, 82, 72, 16, 71, 68, 17, 53, 90, 35, 61, 88, 42, 98, 71, 18, 93, 78, 19, 15},
		{10, 64, 90, 89, 14, 13, 46, 70, 74, 61, 87, 23, 18, 80, 95, 31, 72, 32, 49, 99},
		{77, 59, 18, 14, 81, 46, 41, 73, 71, 95, 13, 96, 38, 56, 49, 21, 61, 58, 25, 83},
		{93, 70, 14, 69, 96, 26, 72, 93, 59, 20, 94, 60, 94, 62, 79, 60, 66, 30, 33, 60},
		{88, 83, 43, 28, 99, 68, 59, 78, 78, 22, 63, 30, 25, 93, 71, 88, 80, 64, 74, 95},
		{88, 47, 94, 92, 97, 79, 58, 81, 90, 83, 29, 67, 49, 14, 58, 40, 91, 14, 42, 91},
		{41, 17, 42, 44, 61, 68, 37, 16, 31, 54, 48, 15, 74, 12, 55, 31, 13, 69, 80, 45},
		{43, 99, 52, 96, 38, 47, 19, 68, 79, 93, 54, 96, 21, 35, 87, 43, 85, 23, 45, 30},
		{63, 32, 46, 10, 95, 95, 57, 88, 96, 28, 11, 85, 18, 38, 50, 67, 93, 89, 51, 66},
		{62, 45, 67, 17, 18, 42, 83, 34, 18, 18, 54, 19, 99, 13, 88, 50, 41, 55, 54, 80},
		{61, 94, 24, 71, 12, 59, 34, 52, 29, 57, 43, 17, 98, 76, 93, 26, 71, 62, 81, 72},
		{83, 28, 81, 27, 89, 92, 62, 84, 39, 71, 67, 67, 36, 78, 17, 72, 49, 72, 90, 28},
		{88, 13, 67, 38, 85, 29, 68, 37, 50, 24, 55, 30, 28, 84, 51, 30, 40, 22, 15, 40},
		{53, 53, 60, 98, 55, 43, 85, 14, 47, 41, 46, 17, 60, 91, 51, 88, 56, 61, 82, 18},
		{68, 91, 47, 69, 22, 27, 79, 94, 81, 21, 29, 57, 26, 53, 86, 36, 36, 60, 30, 91},
		{33, 22, 38, 27, 35, 70, 82, 98, 54, 82, 90, 57, 15, 48, 93, 31, 69, 39, 36, 78},
		{80, 41, 19, 47, 97, 33, 96, 26, 81, 43, 30, 49, 79, 76, 71, 29, 51, 80, 15, 80},
		{45, 35, 30, 14, 18, 23, 23, 87, 51, 75, 89, 15, 36, 96, 99, 68, 34, 62, 73, 99},
		{23, 17, 34, 34, 63, 84, 75, 58, 22, 89, 64, 20, 66, 95, 64, 39, 84, 80, 41, 22},
		{96, 51, 90, 78, 33, 13, 95, 50, 91, 29, 31, 73, 24, 93, 96, 59, 20, 66, 65, 53},
		{36, 92, 86, 23, 95, 84, 29, 39, 83, 38, 28, 65, 50, 80, 61, 56, 75, 46, 30, 18},
		{35, 31, 99, 35, 87, 51, 51, 91, 91, 22, 33, 32, 37, 28, 73, 97, 93, 86, 24, 68},
		{10, 91, 66, 16, 59, 83, 49, 67, 84, 74, 94, 19, 64, 74, 55, 14, 13, 60, 50, 30},
		{41, 31, 19, 93, 91, 27, 35, 77, 56, 60, 39, 15, 66, 42, 75, 75, 33, 48, 30, 25},
		{73, 82, 55, 49, 80, 39, 87, 97, 27, 65, 74, 13, 59, 55, 67, 51, 51, 46, 37, 67},
		{62, 12, 75, 21, 62, 90, 38, 41, 51, 79, 10, 16, 97, 55, 13, 98, 91, 60, 82, 89},
		{22, 75, 23, 44, 63, 68, 63, 35, 16, 20, 67, 81, 40, 13, 83, 58, 47, 73, 92, 14},
		{83, 96, 75, 65, 76, 98, 56, 85, 80, 88, 81, 76, 77, 90, 73, 37, 23, 79, 31, 21}
	},
	{
		{33, 29, 42, 54, 96, 28, 69, 27, 96, 70, 43, 78, 91, 95, 26, 50, 19, 86, 30, 44},
		{62, 31, 92, 25, 47, 26, 33, 78, 16, 76, 44, 74, 63, 95, 70, 77, 94, 29, 79, 98},
		{87, 70, 93, 33, 35, 99, 85, 38, 52, 10, 70, 65, 90, 40, 75, 19, 66, 60, 43, 98},
		{84, 34, 67, 90, 17, 35, 76, 88, 51, 32, 54, 11, 73, 34, 15, 96, 13, 93, 17, 60},
		{44, 35, 31, 67, 74, 71, 36, 46, 38, 64, 44, 20, 71, 52, 10, 26, 12, 48, 65, 93},
		{15, 41, 10, 43, 40, 39, 60, 16, 98, 18, 97, 74, 38, 22, 98, 45, 78, 58, 23, 86},
		{51, 63, 60, 39, 17, 89, 28, 69, 96, 88, 14, 76, 83, 12, 29, 65, 93, 60, 37, 60},
		{49, 82, 27, 99, 28, 12, 34, 76, 37, 56, 34, 37, 16, 45, 10, 40, 44, 81, 59, 48},
		{29, 55, 36, 32, 10, 62, 14, 81, 68, 11, 47, 55, 64, 53, 50, 55, 49, 22, 97, 88},
		{29, 82, 93, 11, 45, 27, 24, 50, 94, 31, 86, 72, 73, 41, 99, 76, 68, 73, 90, 39},
		{70, 89, 90, 10, 15, 37, 77, 42, 60, 19, 37, 10, 43, 69, 89, 80, 79, 33, 20, 21},
		{57, 57, 43, 13, 94, 42, 27, 99, 73, 74, 97, 99, 56, 72, 45, 99, 23, 46, 64, 22},
		{27, 74, 22, 89, 22, 31, 87, 99, 38, 31, 64, 40, 42, 21, 76, 60, 93, 99, 34, 16},
		{72, 10, 51, 35, 43, 99, 32, 82, 27, 84, 68, 22, 30, 83, 66, 36, 19, 27, 16, 89},
		{61, 94, 36, 93, 72, 48, 45, 22, 12, 86, 69, 53, 50, 72, 48, 21, 49, 21, 81, 55},
		{33, 65, 17, 93, 91, 19, 40, 28, 37, 15, 53, 75, 67, 82, 15, 47, 19, 80, 23, 81},
		{36, 68, 38, 79, 15, 69, 27, 33, 68, 47, 86, 80, 61, 52, 12, 54, 43, 57, 26, 22},
		{56, 42, 91, 84, 11, 22, 49, 91, 60, 52, 53, 77, 81, 57, 49, 39, 16, 35, 61, 68},
		{66, 82, 32, 39, 30, 11, 64, 55, 14, 55, 43, 50, 68, 76, 35, 48, 92, 42, 54, 48},
		{10, 92, 18, 32, 50, 87, 92, 76, 43, 12, 42, 80, 27, 89, 11, 93, 95, 96, 58, 68},
		{48, 66, 66, 62, 71, 92, 67, 59, 80, 83, 97, 30, 53, 41, 19, 13, 81, 14, 37, 65},
		{15, 29, 97, 57, 45, 23, 16, 25, 62, 63, 17, 78, 73, 20, 81, 88, 47, 98, 37, 61},
		{86, 67, 73, 96, 37, 83, 29, 32, 14, 44, 25, 83, 20, 87, 92, 95, 81, 69, 38, 65},
		{41, 84, 85, 53, 11, 25, 24, 85, 74, 29, 85, 17, 11, 12, 63, 70, 50, 27, 24, 77},
		{24, 58, 64, 66, 97, 40, 17, 86, 82, 99, 90, 19, 67, 19, 42, 45, 30, 93, 61, 47},
		{65, 39, 59, 37, 96, 43, 53, 90, 13, 33, 56, 41, 18, 85, 83, 61, 86, 70, 90, 43},
		{22, 73, 59, 30, 64, 86, 38, 50, 79, 49, 78, 56, 57, 64, 39, 87, 95, 49, 30, 69},
		{71, 70, 85, 48, 40, 97, 58, 66, 29, 86, 11, 87, 29, 87, 25, 29, 61, 90, 44, 71},
		{73, 63, 93, 40, 95, 18, 66, 11, 43, 71, 88, 34, 95, 24, 43, 71, 90, 41, 80, 26},
		{60, 89, 87, 63, 84, 27, 97, 51, 25, 51, 40, 27, 90, 81, 87, 64, 65, 13, 33, 30},
		{39, 61, 36, 80, 24, 32, 88, 93, 60, 98, 55, 36, 19, 68, 37, 28, 93, 95, 16, 95},
		{81, 52, 39, 84, 79, 76, 99, 16, 64, 91, 89, 56, 65, 47, 47, 83, 31, 98, 71, 18},
		{69, 16, 36, 90, 96, 11, 20, 19, 83, 22, 81, 59, 28, 36, 50, 41, 88, 55, 20, 45},
		{20, 80, 95, 78, 48, 68, 22, 44, 95, 25, 91, 74, 92, 31, 85, 67, 59, 49, 72, 28},
		{71, 50, 26, 95, 63, 23, 30, 59, 78, 25, 49, 94, 84, 91, 58, 17, 53, 30, 11, 16},
		{55, 97, 76, 86, 24, 11, 81, 42, 72, 27, 79, 12, 49, 15, 26, 12, 23, 55, 24, 51},
		{28, 86, 27, 18, 70, 75, 76, 29, 27, 27, 18, 69, 48, 96, 69, 75, 88, 11, 19, 47},
		{52, 63, 68, 91, 81, 88, 71, 21, 39, 45, 51, 26, 25, 26, 76, 50, 35, 73, 11, 11},
		{76, 47, 62, 25, 38, 80, 47, 67, 98, 92, 17, 71, 92, 54, 43, 75, 14, 18, 52, 58},
		{52, 19, 86, 78, 43, 87, 89, 77, 55, 59, 39, 88, 23, 56, 86, 11, 46, 91, 38, 75},
		{18, 43, 38, 18, 43, 24, 16, 94, 91, 33, 99, 18, 24, 39, 34, 49, 70, 30, 23, 79},
		{63, 64, 30, 25, 53, 18, 94, 43, 53, 84, 92, 37, 45, 36, 31, 11, 79, 58, 26, 37},
		{29, 46, 99, 24, 82, 26, 14, 18, 88, 18, 99, 65, 88, 79, 60, 57, 26, 67, 16, 44},
		{76, 45, 13, 55, 13, 72, 49, 36, 94, 93, 68, 71, 85, 28, 92, 41, 53, 72, 95, 74},
		{26, 98, 70, 60, 18, 13, 23, 15, 48, 38, 87, 48, 62, 96, 19, 93, 91, 84, 68, 79},
		{34, 19, 42, 54, 99, 45, 28, 95, 23, 65, 93, 29, 52, 90, 65, 69, 13, 44, 26, 86},
		{83, 70, 72, 97, 40, 64, 56, 33, 42, 21, 38, 38, 44, 81, 20, 37, 31, 79, 94, 85},
		{81, 81, 54, 44, 72, 82, 52, 63, 97, 70, 18, 97, 10, 74, 13, 28, 15, 65, 76, 15},
		{89, 12, 48, 32, 91, 99, 29, 48, 44, 61, 24, 53, 22, 87, 34, 53, 99, 76, 50, 77},
		{97, 63, 68, 11, 58, 86, 25, 95, 98, 90, 21, 78, 99, 66, 30, 28, 94, 39, 76, 57}
	},
	{
		{80, 87, 83, 85, 68, 35, 17, 17, 80, 25, 92, 65, 34, 39, 99, 27, 52, 78, 26, 51},
		{35, 87, 67, 15, 66, 53, 51, 14, 98, 78, 34, 94, 19, 32, 26, 12, 19, 21, 65, 53},
		{50, 83, 78, 81, 73, 31, 36, 70, 60, 23, 49, 11, 42, 16, 77, 44, 45, 57, 98, 86},
		{81, 93, 20, 50, 74, 15, 73, 60, 85, 83, 32, 62, 13, 49, 77, 57, 81, 71, 25, 63},
		{46, 42, 52, 70, 48, 60, 72, 60, 49, 38, 51, 86, 35, 52, 98, 16, 44, 21, 78, 52},
		{26, 69, 11, 92, 33, 64, 45, 20, 20, 94, 98, 22, 37, 25, 73, 80, 61, 24, 64, 36},
		{20, 52, 47, 12, 18, 24, 16, 84, 30, 31, 77, 83, 84, 18, 50, 52, 17, 66, 74, 35},
		{31, 15, 43, 30, 40, 78, 97, 78, 36, 84, 57, 29, 84, 76, 14, 95, 64, 82, 81, 75},
		{30, 83, 36, 50, 75, 29, 60, 79, 51, 34, 10, 83, 36, 25, 95, 56, 24, 71, 20, 26},
		{84, 58, 61, 88, 10, 38, 43, 73, 94, 42, 66, 12, 19, 95, 75, 91, 45, 55, 40, 52},
		{73, 65, 58, 42, 69, 13, 11, 81, 13, 42, 31, 23, 25, 99, 24, 57, 38, 86, 14, 78},
		{55, 13, 76, 51, 90, 11, 42, 19, 97, 90, 68, 46, 35, 42, 27, 85, 35, 21, 16, 76},
		{77, 38, 89, 50, 75, 54, 53, 96, 88, 92, 64, 92, 15, 54, 86, 82, 46, 61, 78, 40},
		{23, 11, 64, 98, 50, 82, 14, 35, 20, 24, 10, 17, 92, 26, 77, 42, 42, 80, 62, 99},
		{64, 43, 15, 44, 96, 16, 30, 82, 81, 86, 52, 75, 99, 70, 23, 62, 29, 18, 62, 48},
		{18, 58, 56, 42, 52, 62, 78, 74, 75, 58, 79, 73, 62, 18, 53, 51, 38, 34, 15, 97},
		{17, 79, 89, 10, 66, 68, 69, 16, 50, 13, 36, 82, 98, 81, 54, 67, 55, 52, 83, 56},
		{29, 75, 20, 89, 79, 86, 18, 26, 45, 10, 11, 83, 89, 87, 17, 61, 82, 62, 96, 32},
		{11, 42, 19, 33, 27, 40, 61, 65, 14, 41, 66, 93, 36, 39, 32, 25, 65, 75, 16, 16},
		{39, 44, 13, 64, 92, 26, 59, 10, 35, 64, 79, 74, 35, 71, 87, 25, 62, 58, 81, 44},
		{38, 90, 56, 53, 62, 22, 98, 16, 78, 93, 97, 31, 24, 77, 85, 83, 96, 40, 30, 97},
		{20, 55, 61, 74, 23, 77, 67, 83, 93, 90, 28, 64, 32, 10, 83, 51, 64, 39, 18, 91},
		{79, 99, 65, 98, 97, 61, 40, 11, 64, 80, 77, 57, 54, 52, 10, 15, 88, 95, 89, 99},
		{47, 60, 84, 94, 49, 37, 62, 82, 69, 24, 64, 49, 57, 94, 23, 59, 99, 75, 93, 47},
		{85, 65, 61, 48, 76, 14, 52, 70, 65, 29, 79, 37, 19, 48, 82, 14, 64, 88, 59, 90},
		{99, 16, 13, 61, 15, 27, 82, 47, 25, 18, 71, 13, 91, 19, 22, 16, 91, 30, 54, 88},
		{25, 36, 90, 89, 18, 58, 18, 97, 79, 47, 70, 38, 94, 69, 45, 27, 15, 67, 34, 84},
		{17, 82, 44, 94, 70, 28, 59, 90, 16, 44, 91, 72, 44, 44, 88, 12, 66, 26, 88, 48},
		{57, 76, 90, 22, 33, 41, 77, 76, 34, 46, 14, 53, 93, 75, 34, 61, 10, 61, 73, 21},
		{48, 42, 93, 44, 27, 14, 98, 64, 10, 59, 23, 50, 50, 12, 69, 10, 27, 38, 28, 38},
		{36, 93, 80, 77, 29, 75, 85, 70, 57, 55, 41, 82, 49, 80, 50, 89, 42, 58, 95, 78},
		{87, 65, 67, 51, 22, 80, 42, 59, 89, 15, 78, 95, 92, 76, 23, 14, 66, 26, 86, 99},
		{30, 46, 93, 13, 29, 93, 81, 62, 26, 25, 63, 93, 95, 75, 94, 88, 81, 56, 76, 18},
		{96, 96, 69, 64, 77, 49, 36, 86, 78, 41, 97, 42, 82, 45, 15, 31, 78, 94, 74, 55},
		{75, 80, 55, 98, 47, 20, 24, 11, 49, 49, 95, 44, 12, 70, 91, 47, 72, 71, 53, 64},
		{64, 97, 69, 17, 43, 54, 63, 80, 15, 92, 39, 14, 21, 95, 78, 75, 41, 78, 88, 13},
		{54, 66, 54, 66, 24, 88, 29, 88, 92, 49, 69, 35, 89, 88, 26, 47, 85, 48, 35, 68},
		{23, 78, 38, 15, 78, 19, 57, 15, 83, 47, 96, 35, 22, 64, 73, 16, 98, 23, 78, 38},
		{44, 43, 18, 28, 14, 40, 77, 19, 94, 66, 42, 73, 26, 72, 89, 48, 53, 46, 14, 18},
		{22, 81, 88, 98, 82, 50, 65, 97, 19, 90, 43, 62, 73, 25, 57, 95, 93, 30, 38, 78},
		{47, 54, 32, 60, 22, 20, 49, 87, 66, 87, 69, 41, 12, 18, 42, 32, 43, 18, 38, 24},
		{38, 39, 72, 83, 30, 59, 64, 76, 26, 10, 44, 57, 17, 51, 19, 82, 85, 92, 94, 43},
		{31, 89, 50, 16, 86, 69, 94, 24, 71, 60, 34, 89, 29, 48, 87, 14, 93, 77, 62, 58},
		{98, 43, 14, 65, 17, 71, 92, 88, 27, 55, 13, 70, 41, 40, 76, 68, 81, 39, 50, 57},
		{45, 16, 99, 49, 40, 61, 28, 59, 58, 32, 73, 15, 73, 71, 60, 61, 51, 90, 54, 47},
		{10, 21, 79, 16, 79, 28, 28, 29, 81, 19, 24, 29, 68, 82, 41, 41, 77, 71, 22, 33},
		{47, 59, 29, 30, 71, 36, 14, 62, 97, 57, 54, 91, 74, 21, 91, 81, 56, 61, 36, 10},
		{14, 25, 91, 91, 42, 17, 90, 36, 65, 26, 10, 63, 82, 46, 18, 11, 10, 74, 85, 90},
		{13, 51, 95, 27, 24, 58, 51, 39, 92, 31, 54, 14, 24, 33, 79, 93, 42, 21, 13, 15},
		{94, 45, 80, 46, 36, 17, 12, 38, 28, 64, 79, 34, 73, 11, 69, 24, 25, 61, 91, 17}
	},
	{
		{28, 30, 22, 67, 43, 56, 50, 35, 59, 71, 19, 35, 53, 68, 36, 46, 69, 60, 75, 37},
		{21, 17, 20, 78, 51, 58, 32, 14, 27, 87, 46, 16, 24, 69, 41, 87, 52, 99, 82, 48},
		{82, 96, 70, 40, 20, 44, 75, 27, 53, 83, 96, 69, 28, 28, 65, 64, 63, 90, 72, 40},
		{24, 81, 21, 80, 89, 71, 10, 48, 14, 38, 64, 22, 93, 71, 16, 70, 97, 52, 99, 65},
		{13, 31, 85, 77, 64, 12, 50, 79, 84, 25, 67, 26, 46, 30, 46, 65, 65, 77, 30, 14},
		{62, 29, 58, 46, 64, 79, 93, 26, 27, 48, 98, 39, 78, 21, 63, 30, 57, 52, 48, 95},
		{28, 93, 12, 50, 18, 51, 69, 93, 71, 62, 66, 42, 22, 10, 83, 11, 15, 61, 67, 32},
		{88, 63, 52, 56, 51, 24, 31, 67, 40, 29, 12, 71, 77, 58, 27, 91, 65, 29, 18, 65},
		{90, 66, 94, 82, 99, 68, 17, 90, 31, 83, 14, 48, 31, 97, 92, 91, 44, 75, 74, 61},
		{56, 12, 83, 81, 96, 62, 13, 98, 87, 65, 42, 46, 63, 92, 19, 11, 23, 34, 41, 97},
		{77, 38, 94, 35, 32, 97, 64, 40, 80, 37, 80, 65, 35, 56, 99, 96, 37, 11, 98, 85},
		{83, 89, 14, 58, 35, 72, 82, 76, 29, 80, 94, 92, 89, 22, 39, 18, 11, 25, 88, 83},
		{42, 61, 66, 59, 49, 63, 32, 45, 78, 47, 80, 57, 51, 19, 25, 35, 38, 92, 32, 84},
		{95, 17, 29, 89, 68, 36, 64, 70, 54, 51, 31, 60, 82, 51, 35, 21, 98, 41, 78, 66},
		{45, 12, 36, 50, 13, 89, 73, 19, 90, 83, 51, 12, 29, 80, 75, 61, 68, 71, 67, 30},
		{73, 40, 20, 99, 48, 72, 83, 16, 19, 76, 49, 30, 78, 22, 27, 59, 45, 66, 44, 13},
		{95, 81, 56, 58, 43, 61, 74, 53, 41, 20, 28, 31, 70, 57, 90, 35, 25, 34, 91, 84},
		{91, 74, 21, 28, 92, 56, 69, 56, 28, 72, 18, 53, 16, 72, 25, 36, 95, 80, 53, 83},
		{42, 60, 54, 61, 76, 71, 89, 68, 66, 19, 65, 83, 34, 82, 97, 47, 74, 77, 54, 97},
		{56, 86, 82, 25, 99, 93, 47, 91, 65, 27, 98, 32, 44, 66, 15, 98, 52, 14, 74, 14},
		{13, 40, 93, 24, 87, 17, 52, 46, 86, 64, 76, 49, 74, 47, 14, 71, 66, 92, 83, 79},
		{16, 34, 24, 31, 88, 28, 62, 17, 20, 82, 81, 61, 39, 41, 99, 94, 75, 29, 73, 35},
		{38, 21, 93, 81, 47, 19, 52, 50, 41, 44, 19, 81, 44, 62, 27, 11, 13, 53, 34, 27},
		{89, 28, 82, 54, 74, 88, 36, 11, 26, 62, 71, 65, 73, 72, 88, 68, 12, 71, 29, 61},
		{92, 64, 10, 79, 44, 77, 59, 63, 59, 33, 91, 62, 84, 18, 63, 55, 25, 55, 52, 32},
		{60, 65, 43, 21, 73, 68, 43, 30, 68, 16, 74, 99, 22, 88, 15, 20, 80, 95, 89, 49},
		{38, 54, 82, 72, 55, 37, 63, 74, 30, 29, 63, 84, 57, 25, 35, 82, 61, 35, 95, 61},
		{76, 21, 10, 72, 21, 64, 86, 53, 55, 23, 33, 55, 38, 22, 88, 13, 52, 14, 91, 74},
		{11, 98, 17, 94, 53, 34, 71, 96, 40, 59, 40, 71, 55, 10, 30, 31, 35, 57, 42, 31},
		{19, 67, 61, 89, 55, 14, 59, 28, 66, 29, 91, 24, 28, 35, 93, 22, 43, 39, 55, 17},
		{99, 51, 62, 90, 93, 93, 80, 43, 61, 18, 12, 40, 66, 83, 97, 99, 98, 69, 44, 57},
		{61, 70, 99, 58, 52, 74, 30, 40, 32, 50, 88, 84, 86, 74, 46, 36, 55, 29, 31, 12},
		{25, 98, 22, 10, 28, 22, 66, 74, 19, 39, 25, 95, 41, 96, 77, 34, 12, 80, 50, 27},
		{44, 43, 66, 10, 95, 56, 61, 73, 67, 18, 81, 22, 10, 16, 24, 29, 17, 76, 40, 23},
		{38, 59, 97, 26, 88, 40, 99, 51, 45, 56, 40, 44, 17, 64, 95, 99, 85, 47, 86, 28},
		{74, 78, 69, 64, 64, 56, 92, 40, 72, 93, 39, 16, 53, 72, 70, 77, 39, 40, 53, 69},
		{96, 17, 90, 90, 25, 45, 19, 18, 68, 73, 11, 95, 23, 87, 88, 10, 11, 52, 96, 71},
		{16, 13, 80, 56, 39, 49, 96, 84, 83, 68, 82, 59, 94, 71, 17, 14, 58, 34, 32, 75},
		{78, 87, 15, 79, 11, 94, 92, 59, 75, 91, 61, 25, 35, 10, 21, 38, 50, 55, 53, 41},
		{30, 88, 30, 27, 30, 15, 63, 76, 69, 23, 34, 73, 63, 98, 10, 72, 48, 44, 32, 46},
		{43, 18, 99, 92, 20, 74, 87, 32, 68, 40, 65, 81, 31, 21, 61, 60, 56, 40, 21, 21},
		{25, 60, 82, 59, 82, 22, 82, 65, 59, 25, 43, 78, 35, 66, 21, 34, 45, 48, 25, 29},
		{51, 57, 21, 76, 67, 74, 85, 67, 80, 92, 26, 99, 76, 24, 56, 37, 91, 50, 38, 33},
		{15, 28, 55, 33, 56, 99, 29, 46, 80, 43, 41, 66, 50, 15, 71, 39, 10, 81, 16, 53},
		{76, 24, 97, 65, 72, 31, 23, 58, 89, 39, 97, 20, 11, 40, 80, 56, 17, 17, 92, 16},
		{72, 17, 92, 49, 48, 39, 54, 75, 46, 58, 93, 16, 74, 66, 30, 74, 72, 71, 15, 23},
		{63, 74, 66, 45, 44, 77, 36, 23, 60, 94, 97, 11, 38, 49, 15, 85, 36, 84, 18, 89},
		{32, 51, 71, 33, 98, 58, 50, 74, 67, 65, 30, 31, 51, 98, 37, 82, 83, 66, 47, 26},
		{95, 69, 75, 32, 25, 21, 80, 73, 62, 45, 81, 38, 26, 48, 54, 91, 98, 32, 31, 54},
		{78, 75, 58, 75, 72, 33, 60, 20, 35, 84, 92, 14, 18, 12, 76, 54, 87, 44, 19, 81}
	},
	{
		{42, 15, 39, 62, 87, 18, 59, 98, 23, 19, 10, 66, 51, 30, 62, 73, 52, 35, 91, 48},
		{48, 71, 87, 18, 69, 29, 77, 86, 33, 62, 94, 97, 96, 30, 81, 76, 37, 50, 87, 95},
		{83, 30, 29, 36, 19, 70, 43, 55, 15, 54, 84, 75, 64, 62, 11, 81, 57, 92, 15, 54},
		{94, 78, 37, 34, 26, 54, 74, 64, 82, 85, 14, 54, 77, 13, 99, 97, 27, 59, 23, 89},
		{87, 57, 80, 42, 17, 22, 74, 20, 41, 43, 58, 73, 63, 66, 87, 87, 69, 76, 48, 99},
		{66, 38, 21, 47, 43, 48, 44, 93, 60, 65, 81, 21, 19, 41, 51, 59, 30, 45, 20, 15},
		{68, 19, 63, 45, 53, 14, 81, 74, 18, 29, 92, 36, 56, 84, 97, 18, 30, 80, 51, 73},
		{92, 26, 42, 37, 21, 75, 79, 76, 86, 61, 62, 94, 95, 31, 98, 12, 37, 84, 17, 91},
		{66, 16, 66, 27, 63, 36, 27, 79, 28, 95, 98, 30, 50, 29, 92, 22, 82, 25, 54, 13},
		{19, 88, 73, 84, 84, 35, 15, 69, 45, 68, 73, 47, 43, 92, 12, 37, 33, 37, 85, 91},
		{69, 79, 83, 89, 98, 23, 87, 25, 43, 81, 36, 28, 45, 40, 23, 42, 23, 78, 21, 57},
		{76, 79, 55, 28, 19, 48, 58, 58, 25, 92, 20, 96, 11, 97, 69, 16, 54, 93, 28, 32},
		{52, 51, 22, 18, 13, 13, 94, 41, 92, 98, 82, 97, 49, 61, 26, 55, 28, 49, 35, 10},
		{20, 88, 72, 61, 61, 74, 70, 80, 73, 22, 25, 10, 19, 13, 92, 92, 70, 88, 36, 48},
		{43, 69, 84, 18, 63, 57, 78, 29, 33, 37, 99, 15, 40, 81, 49, 21, 81, 71, 62, 73},
		{27, 10, 40, 84, 23, 57, 56, 65, 28, 60, 52, 52, 62, 60, 41, 85, 98, 66, 82, 46},
		{56, 67, 73, 52, 32, 61, 41, 42, 81, 32, 57, 97, 60, 71, 23, 83, 58, 47, 54, 22},
		{48, 27, 70, 86, 25, 21, 80, 69, 32, 10, 97, 65, 26, 43, 60, 29, 90, 93, 22, 89},
		{20, 37, 45, 90, 91, 64, 17, 58, 49, 23, 49, 19, 17, 74, 86, 65, 17, 71, 13, 24},
		{96, 94, 89, 94, 55, 81, 86, 90, 58, 67, 82, 19, 97, 66, 72, 68, 39, 24, 80, 37},
		{92, 81, 90, 99, 51, 45, 95, 34, 10, 44, 27, 87, 41, 89, 44, 32, 95, 30, 11, 45},
		{63, 70, 47, 20, 90, 81, 70, 98, 10, 82, 77, 97, 46, 16, 22, 52, 83, 54, 31, 96},
		{86, 96, 61, 90, 51, 92, 67, 45, 24, 32, 50, 80, 29, 41, 44, 46, 81, 99, 86, 77},
		{84, 18, 10, 54, 19, 37, 73, 78, 88, 35, 31, 62, 87, 74, 32, 25, 64, 96, 53, 61},
		{62, 13, 40, 19, 33, 77, 83, 90, 83, 39, 91, 65, 80, 59, 74, 56, 66, 38, 37, 71},
		{66, 95, 32, 41, 12, 34, 87, 92, 35, 45, 11, 67, 78, 40, 70, 79, 57, 52, 33, 55},
		{59, 42, 52, 77, 63, 66, 31, 94, 12, 12, 81, 87, 25, 14, 31, 13, 32, 40, 44, 21},
		{50, 26, 49, 81, 80, 61, 86, 77, 63, 49, 59, 66, 92, 24, 82, 43, 41, 30, 91, 15},
		{48, 58, 99, 86, 47, 72, 43, 59, 27, 56, 23, 92, 56, 42, 10, 96, 63, 24, 60, 39},
		{17, 37, 91, 83, 45, 60, 53, 46, 26, 33, 55, 13, 28, 19, 60, 65, 37, 89, 85, 98},
		{76, 73, 97, 60, 19, 63, 23, 89, 60, 23, 35, 85, 56, 62, 60, 48, 61, 41, 47, 88},
		{83, 49, 45, 84, 11, 97, 99, 45, 81, 27, 35, 56, 50, 33, 21, 29, 13, 19, 58, 46},
		{25, 79, 80, 60, 92, 49, 15, 18, 82, 21, 31, 92, 90, 68, 57, 31, 15, 59, 12, 59},
		{96, 51, 67, 35, 64, 77, 98, 21, 94, 76, 11, 65, 12, 18, 66, 58, 53, 65, 19, 18},
		{19, 64, 13, 34, 62, 38, 43, 38, 45, 67, 39, 71, 37, 31, 42, 31, 87, 36, 31, 68},
		{84, 35, 44, 22, 85, 20, 46, 65, 59, 99, 66, 88, 11, 88, 91, 62, 27, 32, 18, 71},
		{95, 66, 63, 86, 43, 95, 78, 22, 89, 81, 12, 68, 45, 20, 25, 15, 13, 14, 47, 86},
		{68, 60, 34, 16, 99, 18, 86, 50, 37, 87, 96, 49, 68, 22, 82, 17, 55, 67, 94, 79},
		{59, 12, 70, 96, 65, 95, 90, 65, 36, 54, 45, 16, 74, 90, 92, 11, 29, 56, 29, 13},
		{85, 86, 95, 44, 39, 94, 47, 51, 39, 93, 54, 93, 19, 38, 15, 24, 15, 46, 49, 79},
		{56, 18, 65, 81, 27, 86, 81, 53, 64, 81, 72, 63, 38, 60, 22, 81, 54, 19, 45, 66},
		{30, 78, 88, 61, 62, 31, 35, 32, 41, 22, 98, 82, 33, 79, 77, 16, 82, 61, 35, 92},
		{94, 10, 84, 60, 57, 41, 54, 34, 22, 79, 27, 99, 93, 96, 97, 52, 17, 61, 87, 22},
		{71, 26, 91, 98, 76, 17, 26, 98, 29, 71, 25, 41, 66, 93, 31, 28, 85, 69, 71, 60},
		{61, 81, 60, 22, 28, 37, 95, 61, 99, 58, 44, 24, 41, 73, 23, 98, 70, 23, 24, 28},
		{52, 46, 59, 49, 15, 28, 25, 53, 52, 57, 94, 30, 47, 97, 78, 94, 47, 94, 13, 97},
		{53, 49, 18, 64, 58, 80, 33, 88, 81, 15, 79, 82, 94, 47, 95, 39, 48, 56, 90, 29},
		{96, 38, 62, 26, 73, 40, 78, 58, 97, 21, 35, 37, 55, 75, 37, 53, 53, 42, 93, 64},
		{81, 25, 94, 63, 67, 39, 84, 79, 73, 12, 66, 15, 14, 55, 55, 53, 97, 35, 68, 74},
		{36, 65, 82, 54, 29, 75, 80, 92, 66, 49, 61, 59, 42, 15, 44, 11, 70, 57, 83, 57}
	},
	{
		{32, 83, 76, 55, 28, 22, 82, 15, 19, 93, 86, 78, 16, 90, 29, 81, 87, 83, 70, 11},
		{87, 38, 97, 99, 30, 58, 91, 16, 97, 57, 72, 32, 69, 89, 11, 74, 32, 26, 34, 95},
		{85, 32, 83, 98, 20, 59, 52, 29, 24, 96, 75, 90, 76, 63, 59, 72, 71, 21, 14, 42},
		{20, 45, 79, 11, 85, 55, 54, 46, 11, 14, 85, 89, 63, 44, 30, 80, 99, 74, 41, 52},
		{32, 20, 71, 78, 88, 45, 44, 70, 50, 35, 67, 33, 89, 97, 67, 38, 51, 81, 12, 14},
		{37, 64, 27, 58, 37, 62, 41, 17, 70, 84, 42, 57, 89, 46, 46, 39, 35, 10, 76, 95},
		{48, 11, 72, 70, 64, 40, 17, 54, 56, 53, 71, 43, 17, 53, 51, 56, 86, 24, 99, 82},
		{12, 98, 94, 46, 96, 22, 82, 69, 34, 33, 92, 86, 67, 59, 87, 47, 37, 71, 11, 35},
		{62, 62, 47, 48, 99, 30, 34, 92, 42, 22, 96, 57, 34, 38, 76, 21, 99, 95, 14, 62},
		{75, 55, 49, 92, 21, 33, 43, 40, 34, 81, 98, 60, 70, 21, 91, 65, 99, 95, 51, 33},
		{41, 93, 62, 35, 15, 53, 37, 81, 15, 70, 21, 99, 62, 64, 28, 69, 36, 89, 57, 91},
		{68, 65, 56, 76, 92, 52, 47, 14, 14, 64, 40, 17, 44, 13, 90, 88, 43, 34, 98, 22},
		{46, 85, 63, 48, 17, 43, 66, 37, 69, 10, 18, 58, 23, 87, 78, 14, 21, 89, 14, 49},
		{73, 53, 99, 13, 53, 92, 43, 60, 82, 39, 69, 22, 62, 91, 90, 46, 97, 96, 90, 54},
		{77, 70, 26, 83, 71, 42, 52, 95, 71, 56, 29, 71, 26, 63, 96, 73, 75, 39, 77, 80},
		{10, 78, 58, 65, 66, 44, 98, 57, 11, 46, 36, 76, 99, 20, 72, 78, 69, 37, 14, 49},
		{72, 82, 67, 60, 66, 97, 84, 35, 86, 19, 21, 74, 19, 66, 86, 67, 21, 78, 42, 37},
		{65, 62, 29, 23, 20, 34, 89, 77, 16, 84, 56, 29, 55, 93, 65, 47, 35, 71, 49, 70},
		{68, 87, 65, 50, 83, 11, 98, 95, 36, 71, 99, 85, 83, 75, 85, 88, 76, 12, 11, 77},
		{49, 72, 83, 24, 13, 68, 92, 88, 86, 16, 87, 46, 91, 69, 68, 51, 65, 89, 42, 55},
		{92, 35, 89, 78, 25, 47, 51, 39, 55, 31, 87, 57, 17, 50, 68, 16, 73, 21, 76, 83},
		{26, 54, 17, 95, 53, 96, 52, 85, 86, 35, 77, 74, 38, 38, 46, 12, 66, 24, 72, 53},
		{97, 37, 97, 23, 98, 25, 62, 74, 55, 47, 87, 28, 61, 18, 38, 65, 21, 46, 28, 69},
		{97, 96, 57, 28, 38, 32, 31, 62, 47, 41, 10, 29, 61, 11, 52, 69, 42, 14, 34, 66},
		{11, 65, 50, 31, 24, 16, 19, 16, 99, 47, 75, 10, 17, 40, 43, 72, 57, 66, 83, 44},
		{27, 27, 17, 95, 54, 24, 32, 40, 25, 70, 90, 15, 73, 82, 61, 54, 81, 27, 62, 51},
		{24, 26, 87, 30, 37, 95, 97, 20, 23, 55, 41, 97, 83, 93, 55, 78, 80, 16, 11, 97},
		{32, 78, 23, 79, 51, 21, 37, 70, 32, 74, 11, 66, 91, 47, 34, 32, 79, 48, 79, 86},
		{79, 47, 30, 69, 68, 33, 86, 30, 32, 95, 11, 18, 85, 34, 47, 24, 30, 19, 40, 50},
		{53, 62, 51, 56, 81, 44, 23, 70, 17, 45, 63, 55, 75, 77, 53, 94, 24, 41, 42, 77},
		{89, 69, 59, 72, 21, 64, 24, 37, 12, 41, 29, 27, 29, 43, 35, 49, 71, 74, 87, 16},
		{45, 95, 95, 82, 86, 94, 60, 19, 76, 96, 82, 13, 65, 79, 23, 14, 51, 67, 15, 45},
		{48, 90, 98, 69, 60, 71, 94, 65, 22, 69, 38, 57, 50, 75, 93, 64, 59, 57, 55, 53},
		{64, 41, 33, 68, 57, 37, 22, 92, 45, 99, 21, 57, 40, 74, 71, 80, 58, 65, 10, 93},
		{38, 34, 97, 27, 15, 41, 85, 35, 55, 27, 66, 64, 17, 80, 49, 91, 25, 16, 42, 43},
		{51, 40, 91, 99, 96, 97, 70, 14, 73, 21, 78, 97, 97, 25, 95, 65, 87, 40, 85, 55},
		{78, 50, 13, 10, 53, 54, 38, 85, 57, 96, 11, 39, 64, 46, 63, 82, 56, 16, 94, 31},
		{25, 96, 44, 49, 79, 84, 83, 53, 77, 61, 26, 48, 71, 27, 21, 79, 78, 48, 95, 38},
		{44, 16, 52, 82, 74, 82, 80, 50, 49, 97, 33, 47, 16, 40, 63, 58, 37, 91, 85, 27},
		{62, 45, 27, 35, 75, 59, 64, 35, 35, 19, 93, 60, 70, 23, 87, 56, 78, 43, 27, 30},
		{35, 71, 68, 79, 53, 68, 40, 88, 15, 61, 38, 52, 60, 98, 70, 93, 67, 85, 39, 42},
		{63, 29, 68, 24, 88, 89, 46, 51, 46, 94, 10, 12, 68, 48, 57, 96, 81, 98, 93, 69},
		{38, 80, 82, 64, 80, 19, 70, 31, 39, 90, 41, 72, 37, 18, 23, 48, 19, 16, 60, 63},
		{15, 97, 55, 47, 19, 24, 90, 89, 59, 78, 92, 50, 82, 67, 61, 10, 70, 49, 29, 97},
		{59, 22, 78, 51, 85, 70, 70, 66, 34, 17, 14, 36, 53, 89, 73, 30, 26, 48, 43, 87},
		{87, 24, 23, 10, 32, 94, 50, 49, 88, 73, 49, 61, 57, 86, 75, 75, 33, 92, 58, 40},
		{99, 87, 87, 70, 14, 90, 48, 50, 12, 99, 91, 35, 63, 99, 82, 19, 19, 39, 27, 81},
		{32, 89, 73, 42, 89, 57, 94, 84, 37, 14, 61, 14, 78, 79, 49, 86, 40, 97, 67, 29},
		{97, 85, 64, 32, 52, 74, 36, 35, 21, 11, 89, 25, 91, 17, 49, 58, 29, 38, 48, 50},
		{47, 95, 26, 55, 76, 93, 87, 12, 66, 18, 17, 71, 25, 10, 32, 55, 15, 35, 13, 36}
	}
}