alpha=0.2
gamma=0.6
selection_rate=1
max_gen=5000
job_num=60
machine_num=10
pop_size=100
Threshold=5850
scenario_num=20
{
	{
		{13, 22, 48, 29, 50, 14, 82, 80, 94, 24},
		{54, 53, 22, 24, 85, 49, 89, 49, 46, 42},
		{92, 95, 61, 96, 98, 57, 71, 18, 88, 62},
		{92, 24, 50, 94, 16, 72, 64, 28, 27, 28},
		{43, 97, 81, 56, 67, 66, 93, 76, 74, 72},
		{16, 77, 50, 35, 52, 30, 97, 73, 38, 44},
		{96, 16, 72, 83, 74, 15, 22, 34, 75, 84},
		{41, 20, 72, 38, 78, 65, 67, 11, 17, 46},
		{34, 26, 46, 39, 80, 81, 60, 74, 87, 75},
		{34, 71, 80, 87, 27, 61, 97, 85, 21, 28},
		{45, 80, 19, 97, 93, 97, 25, 81, 52, 90},
		{92, 16, 86, 91, 30, 66, 55, 38, 49, 92},
		{95, 57, 29, 25, 42, 34, 31, 20, 84, 43},
		{39, 41, 44, 55, 33, 53, 92, 30, 75, 79},
		{68, 34, 97, 80, 28, 58, 62, 38, 51, 41},
		{26, 76, 34, 12, 96, 57, 97, 99, 68, 44},
		{11, 30, 99, 24, 70, 77, 31, 47, 35, 86},
		{27, 39, 41, 33, 72, 99, 10, 42, 76, 71},
		{71, 67, 99, 48, 86, 88, 49, 92, 22, 44},
		{87, 98, 36, 77, 94, 87, 64, 90, 90, 82},
		{13, 82, 62, 36, 15, 71, 62, 19, 89, 10},
		{80, 53, 36, 93, 72, 77, 33, 64, 28, 69},
		{86, 22, 10, 88, 64, 28, 19, 94, 50, 56},
		{66, 96, 50, 22, 78, 32, 72, 23, 43, 52},
		{78, 59, 16, 74, 69, 77, 91, 39, 33, 55},
		{55, 21, 71, 57, 28, 65, 67, 20, 60, 88},
		{66, 40, 51, 13, 79, 86, 71, 94, 80, 35},
		{60, 23, 11, 42, 60, 79, 91, 54, 92, 76},
		{76, 75, 40, 74, 83, 60, 52, 41, 46, 59},
		{62, 50, 63, 57, 86, 65, 63, 78, 11, 55},
		{89, 81, 41, 50, 89, 94, 79, 20, 20, 78},
		{40, 45, 24, 75, 53, 83, 10, 40, 97, 37},
		{25, 23, 82, 15, 33, 21, 80, 83, 45, 98},
		{99, 36, 30, 26, 22, 71, 26, 10, 13, 83},
		{81, 61, 85, 14, 66, 78, 82, 51, 88, 51},
		{33, 71, 93, 25, 64, 39, 93, 85, 26, 37},
		{13, 68, 43, 86, 27, 90, 75, 86, 51, 31},
		{46, 87, 76, 73, 74, 71, 48, 35, 88, 96},
		{55, 14, 46, 43, 68, 13, 12, 31, 34, 44},
		{58, 87, 55, 82, 36, 11, 52, 43, 11, 40},
		{83, 38, 61, 19, 14, 74, 71, 55, 39, 22},
		{56, 30, 92, 14, 79, 30, 85, 86, 49, 55},
		{51, 83, 27, 95, 30, 62, 99, 61, 90, 85},
		{17, 94, 85, 31, 39, 22, 89, 92, 88, 92},
		{89, 50, 19, 58, 91, 40, 67, 50, 42, 24},
		{60, 39, 16, 12, 29, 30, 74, 65, 40, 14},
		{71, 91, 19, 52, 23, 77, 72, 45, 46, 76},
		{28, 18, 95, 99, 13, 37, 44, 13, 53, 41},
		{10, 63, 82, 76, 34, 60, 79, 99, 84, 22},
		{93, 19, 51, 32, 74, 26, 20, 43, 45, 17},
		{82, 20, 61, 40, 96, 77, 88, 27, 59, 27},
		{78, 24, 73, 71, 21, 70, 94, 63, 48, 49},
		{99, 56, 65, 90, 35, 52, 25, 40, 60, 90},
		{51, 63, 59, 56, 27, 20, 90, 37, 57, 51},
		{47, 93, 95, 67, 54, 31, 80, 11, 29, 79},
		{20, 57, 27, 82, 37, 24, 31, 77, 93, 89},
		{55, 28, 41, 60, 21, 85, 33, 53, 94, 91},
		{99, 66, 99, 99, 44, 92, 15, 14, 31, 33},
		{16, 99, 35, 92, 73, 61, 26, 85, 72, 54},
		{18, 13, 51, 12, 26, 38, 68, 27, 48, 52}
	},
	{
		{78, 95, 20, 15, 92, 58, 39, 23, 66, 57},
		{89, 59, 62, 20, 41, 61, 38, 86, 68, 21},
		{94, 76, 86, 49, 31, 52, 47, 68, 81, 40},
		{39, 77, 81, 89, 90, 81, 96, 53, 20, 72},
		{70, 26, 62, 36, 36, 58, 37, 91, 62, 94},
		{63, 50, 35, 99, 35, 87, 69, 41, 24, 13},
		{13, 47, 11, 75, 40, 13, 14, 97, 89, 30},
		{69, 24, 75, 79, 84, 63, 86, 77, 97, 76},
		{98, 60, 21, 34, 88, 28, 47, 93, 81, 26},
		{56, 14, 22, 84, 11, 29, 93, 69, 61, 47},
		{85, 55, 98, 20, 42, 86, 73, 62, 42, 40},
		{78, 66, 62, 77, 54, 60, 14, 60, 59, 12},
		{58, 64, 89, 59, 79, 60, 71, 18, 47, 27},
		{21, 66, 28, 98, 51, 23, 26, 34, 16, 99},
		{77, 29, 96, 11, 54, 62, 70, 72, 71, 56},
		{83, 29, 46, 68, 64, 62, 37, 21, 89, 60},
		{46, 65, 19, 55, 82, 26, 63, 88, 53, 96},
		{79, 72, 64, 97, 87, 44, 24, 83, 82, 10},
		{73, 38, 50, 41, 93, 92, 30, 75, 49, 39},
		{20, 18, 98, 62, 77, 17, 44, 41, 41, 71},
		{38, 58, 93, 11, 43, 17, 33, 29, 62, 74},
		{26, 71, 63, 14, 41, 41, 38, 53, 46, 72},
		{73, 59, 54, 51, 95, 60, 95, 49, 61, 78},
		{98, 58, 93, 42, 57, 72, 59, 20, 92, 65},
		{80, 26, 31, 59, 22, 56, 56, 19, 87, 99},
		{98, 33, 99, 14, 43, 34, 17, 18, 88, 23},
		{42, 15, 86, 14, 27, 44, 16, 17, 49, 29},
		{46, 67, 77, 18, 28, 34, 77, 46, 95, 96},
		{88, 41, 62, 39, 22, 16, 31, 50, 62, 70},
		{39, 28, 94, 17, 76, 56, 46, 31, 71, 79},
		{26, 64, 66, 83, 17, 17, 50, 49, 76, 14},
		{23, 51, 67, 30, 69, 37, 61, 88, 56, 45},
		{82, 91, 53, 90, 94, 38, 37, 23, 29, 64},
		{39, 62, 13, 70, 61, 85, 65, 51, 49, 79},
		{89, 88, 25, 22, 61, 89, 62, 15, 13, 63},
		{64, 80, 58, 28, 35, 54, 80, 76, 79, 35},
		{38, 52, 19, 72, 26, 31, 16, 84, 71, 81},
		{49, 78, 90, 19, 68, 12, 57, 19, 63, 71},
		{87, 90, 54, 66, 68, 50, 17, 68, 67, 34},
		{47, 18, 11, 77, 86, 55, 36, 29, 81, 54},
		{10, 62, 26, 13, 47, 97, 58, 72, 12, 64},
		{86, 59, 78, 91, 64, 36, 53, 11, 33, 69},
		{32, 70, 63, 17, 60, 83, 57, 47, 10, 20},
		{67, 68, 54, 66, 54, 49, 13, 73, 69, 45},
		{77, 23, 25, 50, 22, 19, 23, 19, 67, 84},
		{13, 45, 87, 45, 25, 80, 33, 33, 96, 61},
		{43, 75, 65, 78, 20, 49, 80, 66, 45, 11},
		{74, 52, 25, 41, 29, 38, 50, 83, 45, 17},
		{42, 97, 81, 42, 12, 94, 85, 83, 47, 84},
		{31, 34, 74, 61, 55, 32, 76, 72, 14, 45},
		{11, 97, 17, 50, 26, 33, 86, 34, 38, 98},
		{16, 15, 55, 23, 12, 90, 47, 30, 65, 76},
		{96, 27, 27, 70, 15, 62, 67, 23, 43, 73},
		{42, 88, 19, 22, 99, 14, 87, 72, 19, 27},
		{46, 61, 67, 26, 68, 55, 92, 68, 38, 56},
		{40, 88, 63, 13, 50, 86, 65, 30, 18, 76},
		{81, 12, 75, 19, 84, 47, 10, 43, 88, 92},
		{93, 83, 44, 68, 47, 91, 77, 37, 37, 31},
		{78, 25, 83, 69, 13, 51, 98, 92, 13, 60},
		{66, 59, 36, 27, 49, 16, 69, 67, 22, 65}
	},
	{
		{11, 61, 32, 59, 66, 51, 65, 14, 59, 53},
		{16, 91, 78, 30, 24, 68, 51, 23, 44, 41},
		{35, 36, 99, 78, 37, 47, 28, 32, 10, 89},
		{90, 62, 62, 92, 80, 84, 55, 73, 55, 67},
		{53, 95, 92, 70, 71, 66, 90, 48, 57, 56},
		{55, 27, 46, 30, 45, 77, 34, 83, 90, 11},
		{33, 25, 79, 22, 87, 70, 95, 83, 43, 32},
		{19, 50, 67, 83, 91, 30, 30, 90, 84, 12},
		{43, 81, 23, 90, 17, 18, 52, 72, 87, 13},
		{79, 16, 54, 92, 65, 90, 29, 40, 45, 29},
		{40, 67, 53, 47, 11, 20, 92, 27, 94, 86},
		{99, 78, 73, 22, 11, 41, 50, 76, 44, 62},
		{25, 18, 86, 52, 65, 41, 29, 80, 83, 39},
		{36, 44, 77, 17, 16, 80, 35, 10, 59, 45},
		{13, 73, 35, 55, 33, 15, 65, 96, 35, 11},
		{82, 89, 37, 50, 14, 35, 19, 95, 66, 97},
		{77, 86, 36, 93, 51, 92, 10, 76, 81, 18},
		{34, 73, 93, 12, 43, 84, 28, 76, 84, 77},
		{71, 54, 35, 52, 50, 84, 92, 20, 78, 47},
		{48, 32, 52, 21, 86, 25, 63, 24, 54, 33},
		{37, 17, 12, 65, 68, 86, 31, 13, 12, 12},
		{33, 70, 86, 47, 49, 33, 66, 22, 20, 25},
		{10, 27, 83, 63, 13, 57, 79, 94, 83, 27},
		{73, 82, 11, 75, 54, 60, 86, 86, 65, 73},
		{15, 88, 89, 98, 36, 65, 64, 32, 44, 33},
		{10, 34, 24, 17, 25, 52, 88, 84, 64, 93},
		{20, 77, 48, 24, 38, 13, 61, 66, 89, 31},
		{42, 98, 50, 25, 94, 27, 71, 71, 79, 50},
		{90, 69, 14, 65, 64, 81, 16, 68, 32, 73},
		{37, 61, 18, 66, 45, 28, 57, 70, 30, 57},
		{86, 95, 98, 75, 29, 10, 11, 16, 83, 99},
		{97, 94, 67, 66, 25, 65, 54, 43, 93, 67},
		{53, 63, 54, 45, 22, 10, 91, 31, 14, 50},
		{43, 66, 87, 89, 96, 58, 71, 12, 60, 78},
		{56, 26, 43, 24, 98, 19, 92, 24, 92, 91},
		{49, 32, 24, 41, 84, 57, 41, 69, 94, 99},
		{77, 19, 31, 26, 89, 22, 67, 43, 75, 18},
		{20, 41, 69, 70, 13, 61, 70, 31, 68, 83},
		{28, 24, 34, 88, 91, 77, 96, 72, 77, 88},
		{53, 37, 15, 78, 94, 15, 83, 11, 79, 90},
		{91, 85, 68, 26, 75, 96, 72, 99, 42, 90},
		{68, 63, 80, 41, 10, 67, 55, 72, 69, 49},
		{61, 65, 18, 95, 17, 42, 33, 75, 27, 79},
		{27, 30, 32, 58, 88, 23, 85, 11, 44, 24},
		{25, 82, 98, 73, 34, 39, 87, 18, 69, 28},
		{35, 55, 39, 22, 64, 61, 61, 21, 89, 58},
		{35, 25, 19, 55, 10, 52, 79, 63, 89, 11},
		{14, 31, 92, 53, 69, 37, 42, 89, 38, 20},
		{47, 59, 79, 54, 75, 18, 27, 20, 81, 30},
		{17, 69, 47, 76, 38, 63, 70, 49, 82, 27},
		{18, 90, 61, 67, 89, 64, 46, 91, 36, 60},
		{97, 65, 52, 25, 71, 31, 41, 57, 44, 65},
		{19, 21, 70, 46, 84, 78, 51, 39, 56, 94},
		{74, 22, 37, 56, 44, 46, 11, 70, 52, 85},
		{11, 81, 22, 60, 35, 30, 68, 35, 32, 74},
		{43, 84, 40, 95, 89, 16, 23, 25, 86, 81},
		{61, 54, 21, 43, 19, 27, 28, 62, 38, 48},
		{23, 67, 21, 70, 27, 21, 50, 37, 56, 47},
		{95, 94, 43, 75, 78, 62, 63, 13, 48, 96},
		{65, 10, 74, 78, 10, 51, 67, 25, 20, 76}
	},
	{
		{90, 85, 73, 98, 66, 65, 17, 85, 37, 12},
		{58, 66, 41, 77, 12, 76, 30, 92, 37, 96},
		{37, 29, 28, 37, 46, 48, 22, 52, 95, 36},
		{77, 65, 77, 95, 11, 41, 98, 68, 52, 18},
		{34, 37, 10, 46, 30, 47, 37, 58, 58, 67},
		{12, 27, 41, 84, 57, 18, 99, 93, 75, 66},
		{99, 27, 56, 68, 35, 84, 60, 76, 52, 97},
		{87, 96, 52, 19, 87, 50, 34, 29, 15, 66},
		{91, 95, 69, 67, 44, 84, 51, 11, 95, 21},
		{64, 31, 59, 54, 89, 18, 59, 39, 99, 72},
		{82, 87, 53, 45, 86, 32, 53, 77, 50, 60},
		{22, 13, 77, 33, 40, 80, 86, 51, 81, 54},
		{80, 80, 41, 58, 67, 86, 74, 39, 53, 47},
		{46, 97, 59, 55, 67, 47, 63, 24, 78, 50},
		{51, 37, 29, 79, 77, 48, 98, 44, 88, 11},
		{20, 84, 94, 13, 59, 71, 49, 54, 16, 51},
		{53, 10, 65, 80, 91, 19, 82, 32, 84, 71},
		{70, 58, 44, 57, 78, 14, 39, 17, 92, 12},
		{79, 15, 27, 24, 66, 39, 90, 95, 75, 22},
		{78, 45, 49, 26, 27, 15, 41, 51, 36, 70},
		{28, 37, 25, 91, 66, 20, 31, 34, 40, 10},
		{67, 67, 28, 36, 86, 26, 61, 73, 83, 30},
		{39, 87, 62, 34, 66, 42, 89, 35, 19, 16},
		{51, 67, 17, 39, 46, 30, 18, 73, 59, 34},
		{83, 76, 43, 33, 56, 21, 45, 54, 33, 64},
		{33, 48, 62, 29, 33, 76, 67, 38, 94, 34},
		{85, 66, 64, 28, 24, 44, 30, 84, 69, 96},
		{25, 61, 81, 13, 91, 64, 82, 30, 77, 34},
		{11, 66, 48, 50, 84, 21, 53, 94, 72, 21},
		{26, 34, 68, 56, 18, 72, 75, 56, 75, 13},
		{52, 25, 43, 28, 11, 37, 61, 75, 82, 92},
		{39, 31, 94, 80, 43, 95, 79, 39, 22, 23},
		{69, 42, 43, 73, 17, 71, 41, 12, 64, 52},
		{73, 40, 58, 84, 39, 17, 66, 63, 93, 63},
		{39, 73, 53, 37, 13, 18, 79, 31, 26, 27},
		{37, 37, 54, 94, 17, 25, 98, 61, 38, 47},
		{57, 54, 61, 43, 70, 82, 42, 18, 59, 46},
		{77, 56, 19, 76, 52, 84, 31, 97, 96, 69},
		{46, 96, 19, 85, 28, 76, 99, 83, 40, 31},
		{65, 94, 78, 29, 74, 62, 15, 32, 42, 97},
		{91, 84, 68, 88, 72, 20, 72, 34, 47, 45},
		{79, 46, 74, 72, 53, 90, 42, 71, 69, 51},
		{31, 14, 45, 38, 19, 70, 71, 43, 24, 83},
		{67, 36, 82, 27, 38, 77, 57, 52, 94, 48},
		{14, 44, 89, 29, 28, 44, 83, 54, 88, 58},
		{57, 23, 58, 13, 78, 47, 17, 89, 80, 45},
		{78, 93, 42, 42, 83, 81, 43, 81, 97, 22},
		{99, 85, 86, 60, 27, 54, 85, 22, 98, 11},
		{70, 50, 31, 45, 37, 17, 86, 32, 40, 35},
		{56, 62, 65, 60, 19, 14, 59, 34, 71, 63},
		{21, 79, 15, 61, 20, 26, 86, 50, 61, 68},
		{35, 50, 93, 12, 17, 32, 58, 51, 13, 76},
		{46, 65, 14, 88, 81, 81, 46, 17, 15, 23},
		{23, 21, 96, 28, 22, 40, 99, 66, 48, 22},
		{23, 75, 16, 99, 37, 35, 90, 76, 86, 96},
		{33, 68, 20, 53, 44, 11, 76, 69, 12, 61},
		{61, 74, 85, 54, 26, 54, 33, 57, 15, 98},
		{26, 26, 43, 34, 89, 84, 50, 98, 40, 72},
		{59, 74, 62, 72, 61, 89, 49, 19, 82, 50},
		{99, 69, 42, 78, 74, 85, 72, 48, 69, 29}
	},
	{
		{74, 99, 31, 89, 67, 66, 67, 28, 26, 99},
		{37, 89, 22, 14, 64, 23, 37, 35, 74, 35},
		{10, 82, 59, 43, 47, 87, 73, 38, 46, 16},
		{22, 11, 78, 43, 61, 57, 27, 63, 19, 20},
		{21, 83, 99, 18, 51, 79, 22, 49, 90, 37},
		{71, 44, 61, 33, 85, 72, 18, 30, 27, 88},
		{70, 58, 17, 80, 36, 75, 17, 54, 20, 22},
		{55, 24, 94, 96, 86, 31, 35, 31, 62, 19},
		{32, 40, 97, 19, 63, 49, 20, 38, 81, 22},
		{48, 85, 94, 94, 91, 87, 12, 59, 89, 65},
		{39, 21, 78, 60, 58, 48, 45, 96, 28, 90},
		{95, 16, 11, 70, 89, 95, 75, 23, 19, 19},
		{89, 27, 23, 50, 82, 14, 15, 51, 41, 42},
		{30, 67, 82, 89, 36, 18, 92, 34, 12, 88},
		{34, 51, 65, 31, 27, 97, 50, 92, 87, 25},
		{40, 24, 69, 71, 77, 29, 28, 54, 31, 58},
		{90, 90, 73, 27, 87, 82, 19, 48, 40, 55},
		{14, 90, 62, 24, 16, 83, 59, 73, 72, 82},
		{40, 42, 86, 14, 17, 12, 30, 81, 69, 32},
		{33, 85, 59, 78, 46, 90, 57, 21, 98, 69},
		{80, 38, 59, 61, 57, 75, 19, 20, 95, 72},
		{74, 83, 14, 91, 96, 92, 58, 55, 75, 58},
		{85, 66, 77, 96, 12, 22, 19, 26, 37, 92},
		{47, 76, 56, 46, 73, 22, 69, 77, 36, 15},
		{21, 18, 92, 36, 97, 21, 56, 84, 35, 55},
		{61, 53, 54, 30, 46, 37, 81, 77, 65, 28},
		{77, 61, 60, 14, 73, 88, 97, 64, 41, 19},
		{89, 61, 68, 78, 88, 99, 26, 23, 24, 75},
		{32, 92, 22, 44, 21, 23, 98, 89, 45, 55},
		{62, 81, 50, 72, 90, 68, 80, 65, 75, 83},
		{99, 84, 69, 81, 58, 40, 83, 77, 56, 92},
		{11, 25, 77, 40, 92, 70, 55, 47, 99, 71},
		{63, 33, 19, 89, 91, 50, 67, 93, 36, 73},
		{61, 46, 88, 76, 84, 58, 25, 63, 14, 13},
		{22, 19, 98, 10, 22, 71, 66, 45, 54, 30},
		{44, 69, 29, 60, 38, 78, 80, 96, 29, 77},
		{33, 97, 30, 45, 35, 61, 12, 37, 55, 19},
		{75, 56, 22, 73, 10, 25, 46, 52, 52, 74},
		{25, 69, 48, 83, 76, 40, 51, 10, 88, 29},
		{67, 68, 43, 13, 98, 30, 99, 71, 32, 68},
		{72, 67, 48, 77, 13, 27, 13, 83, 71, 85},
		{68, 14, 14, 10, 13, 89, 62, 41, 31, 84},
		{29, 50, 44, 44, 23, 42, 95, 41, 65, 78},
		{68, 24, 73, 81, 61, 69, 12, 98, 42, 51},
		{60, 34, 50, 40, 41, 85, 47, 28, 52, 32},
		{82, 33, 15, 48, 99, 82, 35, 42, 27, 25},
		{28, 44, 62, 37, 46, 27, 35, 97, 73, 79},
		{43, 28, 24, 59, 66, 96, 97, 98, 12, 42},
		{40, 84, 56, 50, 27, 15, 64, 20, 21, 41},
		{67, 32, 27, 56, 63, 68, 75, 52, 51, 89},
		{98, 55, 44, 69, 33, 44, 46, 39, 21, 87},
		{56, 76, 36, 57, 42, 54, 96, 50, 12, 68},
		{53, 60, 70, 32, 74, 95, 82, 31, 21, 52},
		{94, 10, 55, 50, 40, 99, 15, 46, 63, 13},
		{35, 56, 58, 68, 43, 96, 97, 37, 44, 98},
		{37, 74, 10, 76, 36, 95, 43, 48, 89, 55},
		{19, 46, 31, 82, 15, 42, 64, 31, 51, 10},
		{56, 89, 40, 21, 95, 40, 99, 76, 55, 70},
		{77, 69, 78, 55, 54, 59, 13, 53, 81, 31},
		{19, 60, 53, 37, 43, 50, 83, 84, 17, 62}
	},
	{
		{44, 17, 27, 51, 66, 68, 30, 44, 88, 80},
		{32, 61, 28, 21, 35, 77, 47, 21, 77, 10},
		{77, 64, 98, 79, 20, 65, 56, 56, 11, 77},
		{96, 52, 87, 45, 14, 71, 60, 55, 15, 40},
		{77, 85, 16, 94, 23, 93, 86, 37, 37, 34},
		{63, 82, 48, 60, 55, 18, 24, 89, 13, 70},
		{55, 99, 65, 86, 40, 57, 91, 46, 14, 12},
		{64, 32, 42, 43, 55, 23, 44, 70, 54, 90},
		{48, 96, 12, 29, 95, 76, 57, 12, 16, 73},
		{89, 14, 81, 34, 24, 79, 15, 13, 47, 87},
		{60, 47, 54, 49, 29, 24, 81, 76, 36, 88},
		{67, 70, 97, 40, 73, 98, 50, 28, 48, 65},
		{17, 30, 10, 88, 69, 19, 22, 40, 30, 82},
		{30, 30, 84, 36, 97, 60, 59, 37, 96, 46},
		{82, 70, 26, 33, 92, 21, 92, 28, 70, 68},
		{13, 59, 37, 28, 73, 91, 74, 61, 52, 50},
		{51, 34, 54, 64, 17, 71, 95, 30, 59, 71},
		{46, 91, 88, 86, 55, 36, 33, 38, 67, 45},
		{98, 64, 17, 61, 43, 97, 13, 72, 29, 62},
		{22, 11, 51, 39, 59, 51, 13, 30, 58, 56},
		{17, 83, 59, 92, 83, 32, 81, 28, 56, 86},
		{57, 85, 20, 54, 85, 25, 39, 79, 19, 25},
		{17, 26, 44, 46, 45, 65, 91, 81, 24, 27},
		{90, 50, 94, 53, 44, 53, 56, 93, 69, 99},
		{34, 16, 45, 71, 39, 17, 37, 96, 60, 73},
		{26, 36, 21, 44, 36, 22, 17, 59, 83, 64},
		{34, 55, 14, 33, 61, 99, 68, 94, 20, 45},
		{11, 58, 83, 63, 80, 16, 89, 73, 42, 30},
		{76, 38, 29, 24, 98, 46, 92, 62, 22, 92},
		{68, 68, 43, 28, 42, 34, 14, 31, 14, 40},
		{33, 65, 10, 94, 52, 72, 11, 82, 48, 36},
		{37, 81, 71, 34, 14, 22, 16, 20, 80, 43},
		{75, 20, 44, 47, 75, 65, 51, 63, 48, 15},
		{74, 98, 84, 53, 98, 50, 95, 73, 75, 75},
		{56, 66, 54, 16, 36, 87, 33, 12, 86, 27},
		{51, 44, 75, 62, 73, 45, 85, 91, 15, 88},
		{79, 37, 68, 48, 76, 19, 51, 92, 84, 94},
		{82, 56, 40, 13, 81, 18, 64, 36, 63, 25},
		{95, 32, 53, 80, 74, 75, 80, 65, 99, 83},
		{82, 36, 77, 72, 67, 21, 92, 65, 48, 14},
		{61, 71, 63, 83, 54, 98, 89, 46, 26, 58},
		{67, 89, 94, 66, 18, 75, 15, 15, 68, 42},
		{22, 92, 76, 88, 87, 50, 35, 71, 21, 41},
		{70, 98, 14, 46, 60, 29, 80, 70, 38, 54},
		{76, 96, 75, 43, 94, 41, 35, 21, 68, 74},
		{86, 89, 14, 15, 64, 60, 83, 62, 53, 74},
		{82, 97, 10, 79, 64, 45, 36, 37, 87, 79},
		{30, 41, 30, 19, 38, 70, 61, 71, 99, 32},
		{72, 58, 36, 46, 56, 92, 13, 27, 25, 52},
		{72, 69, 76, 37, 89, 82, 23, 27, 40, 27},
		{59, 84, 94, 60, 21, 36, 36, 89, 21, 23},
		{20, 97, 40, 77, 92, 34, 47, 86, 69, 32},
		{14, 57, 91, 90, 23, 70, 64, 39, 46, 23},
		{72, 74, 21, 42, 58, 85, 83, 65, 17, 74},
		{18, 44, 30, 87, 66, 12, 81, 47, 79, 83},
		{27, 45, 16, 44, 25, 85, 25, 39, 36, 93},
		{23, 70, 86, 34, 39, 47, 65, 29, 10, 68},
		{53, 93, 17, 95, 78, 65, 84, 15, 86, 71},
		{37, 79, 79, 37, 29, 62, 81, 30, 43, 57},
		{76, 19, 55, 43, 63, 55, 87, 88, 59, 96}
	},
	{
		{14, 46, 16, 62, 11, 21, 58, 78, 64, 78},
		{58, 81, 44, 19, 54, 45, 36, 45, 18, 99},
		{74, 37, 37, 59, 12, 68, 50, 88, 62, 20},
		{29, 52, 16, 94, 37, 81, 39, 35, 65, 66},
		{33, 25, 20, 97, 64, 64, 98, 14, 17, 76},
		{93, 59, 55, 78, 62, 41, 38, 13, 75, 22},
		{73, 45, 10, 56, 34, 49, 12, 47, 28, 78},
		{71, 81, 15, 16, 90, 61, 55, 51, 44, 78},
		{65, 38, 65, 75, 89, 59, 90, 10, 59, 49},
		{48, 54, 66, 87, 75, 28, 77, 47, 29, 76},
		{93, 73, 41, 84, 85, 64, 99, 76, 51, 11},
		{60, 75, 52, 32, 34, 50, 34, 69, 44, 78},
		{80, 18, 44, 27, 39, 88, 72, 19, 15, 61},
		{43, 71, 65, 82, 91, 87, 48, 29, 73, 81},
		{65, 25, 10, 78, 74, 67, 55, 60, 73, 50},
		{69, 79, 54, 94, 85, 13, 88, 14, 68, 88},
		{79, 41, 54, 18, 47, 96, 88, 31, 17, 29},
		{35, 37, 19, 36, 56, 85, 43, 14, 20, 68},
		{44, 71, 15, 56, 77, 62, 66, 32, 19, 48},
		{25, 20, 78, 90, 58, 95, 94, 37, 75, 15},
		{15, 78, 65, 71, 60, 69, 63, 28, 74, 79},
		{99, 76, 32, 52, 18, 32, 33, 52, 90, 30},
		{97, 32, 52, 50, 23, 84, 76, 71, 66, 19},
		{23, 80, 20, 15, 57, 99, 91, 13, 31, 94},
		{90, 70, 60, 26, 42, 92, 36, 45, 12, 99},
		{14, 21, 67, 57, 82, 10, 83, 90, 65, 97},
		{69, 95, 70, 54, 45, 57, 43, 51, 11, 32},
		{88, 29, 20, 92, 97, 81, 31, 23, 96, 25},
		{57, 13, 32, 21, 96, 16, 26, 25, 68, 93},
		{15, 42, 80, 79, 39, 87, 10, 86, 92, 68},
		{87, 15, 97, 75, 56, 41, 92, 45, 40, 34},
		{65, 83, 77, 65, 15, 55, 60, 41, 54, 74},
		{63, 53, 95, 42, 20, 12, 82, 57, 38, 53},
		{53, 23, 43, 28, 95, 33, 77, 62, 55, 10},
		{13, 28, 66, 98, 32, 15, 85, 32, 58, 54},
		{75, 86, 72, 35, 91, 36, 69, 31, 82, 92},
		{14, 10, 59, 23, 35, 73, 78, 88, 35, 78},
		{18, 37, 30, 85, 90, 56, 47, 77, 13, 59},
		{89, 33, 77, 27, 62, 70, 25, 17, 20, 87},
		{66, 41, 29, 84, 78, 48, 78, 12, 96, 14},
		{50, 37, 45, 48, 64, 53, 25, 32, 17, 37},
		{19, 71, 20, 61, 64, 85, 31, 32, 59, 76},
		{75, 23, 49, 95, 37, 67, 91, 37, 47, 79},
		{48, 36, 38, 14, 15, 49, 19, 96, 21, 79},
		{53, 43, 54, 67, 87, 77, 37, 49, 64, 51},
		{55, 11, 74, 38, 56, 26, 49, 71, 28, 55},
		{84, 37, 80, 13, 38, 16, 68, 63, 45, 23},
		{54, 38, 89, 52, 26, 55, 11, 60, 61, 66},
		{37, 99, 63, 89, 35, 80, 34, 41, 96, 33},
		{49, 88, 23, 35, 66, 81, 66, 56, 86, 84},
		{25, 81, 58, 78, 63, 34, 85, 72, 25, 56},
		{26, 45, 18, 44, 95, 82, 95, 76, 82, 38},
		{72, 11, 60, 49, 66, 36, 18, 40, 77, 54},
		{93, 68, 21, 62, 83, 93, 74, 14, 75, 78},
		{83, 27, 68, 80, 96, 17, 37, 66, 22, 71},
		{68, 81, 38, 68, 46, 15, 63, 38, 56, 45},
		{72, 61, 78, 63, 10, 86, 74, 19, 30, 52},
		{44, 83, 95, 48, 76, 98, 84, 12, 61, 92},
		{60, 30, 22, 97, 63, 33, 22, 79, 26, 71},
		{36, 40, 95, 26, 17, 22, 46, 30, 73, 46}
	},
	{
		{71, 30, 13, 12, 36, 41, 70, 11, 87, 23},
		{90, 44, 36, 52, 60, 53, 49, 38, 53, 37},
		{98, 29, 73, 25, 55, 62, 45, 40, 27, 57},
		{54, 31, 17, 26, 86, 91, 40, 38, 55, 18},
		{78, 31, 45, 93, 40, 99, 35, 58, 32, 52},
		{79, 52, 40, 31, 39, 37, 52, 40, 20, 60},
		{35, 59, 36, 38, 10, 96, 98, 92, 67, 28},
		{57, 53, 88, 53, 43, 19, 20, 40, 55, 19},
		{23, 26, 49, 59, 30, 25, 78, 28, 70, 86},
		{17, 47, 92, 89, 25, 25, 27, 28, 88, 28},
		{11, 98, 62, 62, 62, 11, 47, 95, 30, 32},
		{18, 26, 59, 10, 36, 20, 22, 32, 80, 96},
		{21, 22, 37, 61, 49, 44, 34, 96, 83, 78},
		{30, 70, 64, 54, 55, 49, 72, 88, 76, 58},
		{33, 13, 14, 90, 88, 32, 70, 16, 85, 18},
		{51, 32, 44, 80, 65, 58, 23, 62, 62, 14},
		{17, 65, 95, 92, 66, 35, 20, 43, 42, 27},
		{91, 65, 35, 92, 52, 18, 95, 81, 97, 23},
		{14, 77, 69, 81, 13, 40, 45, 81, 64, 34},
		{43, 46, 56, 76, 77, 44, 32, 15, 42, 30},
		{17, 44, 41, 94, 12, 87, 56, 38, 15, 44},
		{32, 68, 35, 57, 40, 92, 97, 71, 16, 82},
		{20, 29, 55, 91, 21, 32, 97, 35, 83, 63},
		{23, 45, 38, 31, 28, 77, 98, 28, 16, 58},
		{45, 78, 88, 98, 66, 34, 51, 75, 61, 32},
		{76, 87, 20, 99, 89, 50, 74, 45, 91, 66},
		{59, 73, 32, 35, 31, 36, 80, 63, 35, 74},
		{98, 46, 33, 63, 30, 92, 99, 67, 87, 50},
		{67, 12, 75, 50, 23, 93, 24, 65, 48, 47},
		{80, 34, 46, 95, 56, 78, 79, 17, 21, 73},
		{94, 27, 97, 93, 72, 83, 38, 81, 56, 62},
		{44, 49, 25, 73, 66, 44, 62, 16, 77, 67},
		{34, 39, 16, 92, 66, 59, 13, 93, 63, 58},
		{14, 97, 81, 37, 19, 91, 37, 88, 45, 72},
		{78, 97, 12, 34, 52, 12, 71, 79, 26, 96},
		{41, 60, 71, 14, 56, 44, 85, 15, 49, 80},
		{53, 47, 57, 62, 32, 34, 82, 34, 13, 92},
		{86, 21, 42, 59, 53, 18, 73, 74, 98, 67},
		{64, 32, 84, 37, 66, 13, 55, 72, 30, 96},
		{11, 35, 16, 24, 75, 19, 85, 21, 34, 89},
		{13, 70, 22, 87, 87, 88, 45, 86, 37, 96},
		{93, 31, 29, 13, 22, 48, 99, 29, 45, 66},
		{23, 11, 69, 83, 65, 92, 57, 72, 38, 19},
		{84, 12, 79, 56, 11, 77, 41, 55, 25, 40},
		{26, 88, 71, 42, 60, 31, 16, 86, 86, 80},
		{40, 72, 50, 71, 51, 23, 24, 88, 55, 77},
		{52, 14, 94, 24, 57, 70, 21, 66, 20, 18},
		{52, 42, 29, 15, 91, 72, 16, 89, 42, 90},
		{56, 25, 80, 36, 29, 92, 45, 14, 73, 82},
		{70, 56, 18, 24, 56, 36, 97, 50, 42, 29},
		{59, 35, 94, 96, 48, 64, 25, 21, 56, 14},
		{97, 19, 85, 62, 35, 37, 41, 10, 55, 13},
		{94, 52, 67, 60, 48, 59, 74, 31, 90, 30},
		{91, 78, 58, 34, 20, 27, 38, 31, 69, 36},
		{61, 27, 26, 29, 45, 78, 68, 52, 10, 80},
		{89, 33, 58, 48, 17, 81, 15, 19, 69, 38},
		{50, 96, 15, 35, 40, 91, 25, 48, 94, 31},
		{44, 52, 36, 63, 30, 47, 37, 42, 70, 63},
		{96, 75, 55, 30, 96, 99, 72, 54, 16, 80},
		{22, 75, 20, 86, 71, 40, 21, 54, 75, 33}
	},
	{
		{88, 26, 29, 12, 29, 24, 64, 60, 52, 20},
		{27, 64, 36, 99, 97, 68, 92, 99, 82, 36},
		{44, 48, 36, 38, 17, 73, 59, 44, 13, 39},
		{97, 28, 14, 40, 37, 92, 33, 48, 60, 18},
		{24, 14, 96, 95, 53, 99, 97, 18, 80, 15},
		{83, 86, 45, 34, 66, 79, 70, 89, 12, 15},
		{97, 78, 97, 88, 14, 30, 72, 13, 81, 66},
		{48, 27, 99, 56, 80, 42, 22, 60, 31, 15},
		{80, 52, 22, 65, 37, 70, 36, 73, 55, 81},
		{74, 61, 32, 67, 10, 31, 56, 61, 77, 58},
		{10, 93, 81, 11, 31, 87, 94, 59, 53, 90},
		{19, 33, 56, 75, 47, 74, 61, 94, 60, 97},
		{30, 66, 16, 37, 73, 31, 10, 37, 23, 61},
		{25, 18, 70, 39, 53, 23, 39, 69, 40, 62},
		{63, 24, 45, 13, 66, 28, 78, 57, 75, 96},
		{11, 88, 81, 13, 97, 41, 54, 34, 74, 14},
		{51, 13, 92, 15, 69, 94, 25, 22, 48, 94},
		{75, 91, 50, 18, 72, 98, 81, 77, 70, 57},
		{82, 72, 66, 20, 17, 84, 30, 62, 25, 53},
		{25, 30, 44, 65, 18, 42, 43, 54, 34, 16},
		{30, 71, 80, 22, 89, 78, 67, 33, 94, 46},
		{49, 98, 70, 73, 96, 26, 64, 65, 52, 68},
		{50, 94, 92, 40, 79, 40, 59, 30, 93, 44},
		{25, 60, 94, 15, 39, 41, 40, 25, 63, 21},
		{30, 80, 43, 49, 69, 68, 91, 39, 26, 21},
		{30, 60, 62, 90, 74, 17, 34, 66, 39, 11},
		{89, 93, 32, 20, 82, 80, 49, 84, 47, 39},
		{51, 23, 41, 58, 71, 84, 91, 82, 87, 85},
		{75, 98, 97, 86, 68, 60, 45, 58, 42, 64},
		{22, 84, 67, 13, 87, 66, 99, 39, 38, 48},
		{81, 57, 24, 93, 88, 17, 17, 32, 90, 59},
		{28, 82, 62, 88, 24, 38, 90, 11, 88, 24},
		{31, 39, 46, 97, 60, 44, 47, 39, 11, 85},
		{70, 96, 30, 39, 48, 75, 86, 13, 84, 22},
		{72, 24, 42, 88, 76, 89, 88, 63, 36, 68},
		{16, 75, 81, 91, 45, 76, 20, 84, 22, 40},
		{28, 25, 30, 41, 60, 54, 94, 26, 43, 71},
		{37, 10, 68, 61, 56, 79, 39, 27, 44, 72},
		{40, 78, 42, 27, 82, 74, 87, 68, 21, 80},
		{11, 39, 91, 53, 45, 29, 99, 71, 96, 85},
		{56, 42, 94, 91, 53, 46, 25, 45, 31, 54},
		{51, 87, 39, 94, 15, 48, 29, 14, 90, 10},
		{59, 31, 35, 19, 88, 22, 61, 36, 83, 19},
		{15, 31, 61, 89, 51, 87, 67, 18, 54, 53},
		{12, 11, 54, 42, 97, 40, 54, 77, 18, 47},
		{86, 16, 33, 83, 70, 85, 91, 98, 82, 81},
		{13, 93, 89, 77, 52, 33, 33, 66, 99, 27},
		{74, 65, 53, 78, 63, 77, 21, 30, 27, 62},
		{41, 22, 37, 77, 33, 18, 63, 77, 13, 16},
		{61, 38, 23, 73, 10, 83, 60, 82, 54, 14},
		{52, 83, 91, 23, 74, 60, 77, 15, 10, 38},
		{46, 45, 36, 79, 41, 10, 57, 39, 12, 39},
		{78, 45, 91, 13, 52, 53, 22, 20, 26, 84},
		{28, 76, 95, 84, 15, 39, 72, 93, 60, 80},
		{44, 61, 69, 33, 94, 17, 91, 94, 32, 32},
		{33, 20, 85, 26, 36, 10, 44, 23, 75, 75},
		{58, 33, 65, 90, 62, 30, 44, 90, 29, 19},
		{88, 90, 48, 15, 21, 49, 96, 19, 36, 94},
		{51, 35, 70, 90, 87, 62, 94, 94, 42, 43},
		{70, 76, 34, 35, 93, 40, 68, 13, 55, 28}
	},
	{
		{25, 94, 20, 82, 46, 77, 42, 94, 33, 34},
		{77, 65, 79, 98, 90, 84, 12, 24, 11, 34},
		{15, 38, 98, 33, 24, 33, 42, 66, 13, 97},
		{83, 19, 67, 50, 64, 44, 35, 17, 23, 14},
		{43, 40, 81, 69, 43, 12, 25, 88, 67, 29},
		{84, 70, 86, 50, 77, 78, 80, 45, 87, 44},
		{40, 62, 32, 90, 87, 55, 93, 45, 24, 89},
		{43, 80, 84, 59, 29, 65, 44, 90, 43, 81},
		{69, 59, 62, 49, 55, 29, 18, 56, 85, 93},
		{99, 75, 11, 61, 35, 91, 82, 76, 24, 74},
		{29, 54, 26, 91, 52, 86, 27, 31, 59, 26},
		{47, 42, 82, 25, 56, 94, 31, 29, 98, 53},
		{26, 14, 45, 86, 93, 89, 87, 92, 98, 33},
		{68, 35, 37, 94, 75, 56, 14, 28, 44, 89},
		{89, 61, 58, 51, 51, 81, 49, 65, 26, 86},
		{97, 37, 51, 25, 35, 89, 10, 38, 10, 38},
		{81, 97, 82, 44, 89, 42, 69, 31, 24, 93},
		{79, 92, 23, 89, 28, 50, 75, 20, 96, 37},
		{75, 71, 13, 44, 90, 99, 89, 69, 26, 80},
		{60, 37, 79, 84, 90, 91, 11, 99, 34, 34},
		{59, 47, 84, 68, 89, 45, 99, 13, 74, 28},
		{19, 38, 53, 20, 37, 50, 93, 66, 79, 27},
		{71, 49, 60, 43, 11, 28, 85, 47, 80, 71},
		{49, 54, 66, 50, 47, 85, 86, 64, 62, 88},
		{36, 27, 71, 69, 14, 43, 52, 16, 56, 42},
		{73, 49, 81, 22, 62, 23, 14, 90, 21, 93},
		{68, 69, 33, 19, 41, 42, 75, 35, 94, 41},
		{49, 76, 93, 37, 94, 86, 27, 33, 34, 18},
		{70, 98, 96, 40, 13, 23, 43, 24, 47, 50},
		{75, 65, 98, 80, 81, 32, 52, 23, 82, 94},
		{96, 27, 66, 37, 70, 49, 69, 32, 12, 11},
		{54, 55, 41, 39, 90, 37, 32, 63, 69, 93},
		{65, 97, 15, 90, 50, 40, 86, 92, 74, 96},
		{32, 23, 39, 97, 38, 45, 67, 25, 65, 86},
		{66, 72, 36, 54, 72, 73, 98, 10, 11, 58},
		{58, 86, 93, 47, 50, 63, 45, 38, 15, 77},
		{53, 74, 85, 61, 47, 44, 93, 68, 43, 19},
		{48, 32, 28, 39, 76, 82, 88, 39, 33, 28},
		{46, 23, 49, 61, 52, 27, 15, 36, 28, 32},
		{34, 12, 33, 32, 52, 89, 18, 47, 14, 80},
		{29, 51, 79, 88, 17, 65, 11, 56, 54, 31},
		{15, 57, 40, 88, 11, 16, 16, 75, 25, 36},
		{10, 19, 44, 60, 50, 90, 42, 58, 49, 19},
		{84, 36, 41, 70, 27, 92, 56, 77, 23, 45},
		{21, 43, 51, 70, 40, 74, 76, 63, 52, 41},
		{12, 19, 10, 33, 64, 45, 12, 31, 99, 25},
		{96, 35, 10, 92, 50, 76, 47, 18, 12, 22},
		{46, 75, 97, 43, 19, 38, 61, 80, 55, 95},
		{64, 99, 69, 17, 16, 54, 55, 43, 58, 92},
		{67, 61, 96, 40, 61, 19, 30, 27, 15, 21},
		{63, 24, 64, 80, 99, 53, 94, 57, 57, 85},
		{25, 92, 61, 97, 45, 59, 99, 48, 55, 63},
		{32, 34, 59, 82, 21, 28, 57, 15, 56, 79},
		{58, 83, 79, 96, 49, 81, 44, 24, 70, 77},
		{17, 85, 56, 58, 24, 37, 91, 89, 90, 22},
		{28, 64, 54, 90, 89, 98, 74, 97, 68, 82},
		{73, 25, 39, 23, 56, 21, 68, 20, 65, 78},
		{79, 96, 20, 38, 43, 99, 59, 57, 93, 31},
		{75, 97, 76, 18, 82, 47, 37, 78, 16, 57},
		{39, 79, 29, 40, 84, 82, 72, 29, 44, 56}
	},
	{
		{67, 91, 81, 92, 32, 40, 96, 30, 15, 29},
		{38, 48, 53, 62, 91, 59, 34, 11, 76, 27},
		{28, 44, 31, 35, 99, 25, 34, 52, 65, 36},
		{78, 55, 73, 53, 13, 93, 38, 74, 46, 76},
		{18, 76, 52, 86, 50, 61, 68, 65, 57, 76},
		{48, 16, 62, 77, 75, 77, 24, 69, 60, 82},
		{80, 52, 42, 23, 79, 54, 92, 27, 27, 30},
		{94, 74, 36, 48, 72, 79, 75, 15, 63, 85},
		{10, 37, 70, 88, 92, 39, 52, 14, 43, 44},
		{27, 91, 97, 41, 91, 93, 49, 45, 48, 17},
		{32, 17, 89, 42, 91, 95, 75, 70, 39, 92},
		{40, 99, 29, 38, 18, 41, 60, 85, 13, 18},
		{59, 48, 65, 96, 38, 36, 36, 46, 38, 67},
		{38, 14, 17, 41, 58, 83, 43, 60, 40, 20},
		{45, 51, 39, 14, 92, 89, 82, 18, 72, 94},
		{43, 42, 10, 48, 28, 65, 42, 84, 41, 46},
		{69, 85, 43, 12, 32, 47, 90, 37, 14, 12},
		{29, 50, 41, 49, 39, 68, 17, 57, 41, 85},
		{82, 78, 34, 30, 29, 59, 73, 85, 19, 88},
		{98, 51, 22, 99, 22, 11, 44, 97, 52, 21},
		{86, 49, 16, 93, 33, 13, 30, 61, 98, 82},
		{27, 52, 90, 47, 87, 13, 44, 25, 88, 91},
		{31, 28, 47, 43, 57, 83, 48, 84, 87, 13},
		{41, 84, 63, 99, 72, 16, 26, 22, 32, 42},
		{73, 26, 56, 44, 31, 54, 63, 96, 73, 28},
		{79, 26, 24, 18, 18, 59, 19, 35, 96, 57},
		{37, 65, 14, 60, 71, 38, 97, 66, 17, 62},
		{26, 38, 49, 48, 94, 24, 42, 80, 90, 32},
		{84, 27, 93, 39, 23, 54, 12, 53, 26, 39},
		{10, 12, 38, 58, 95, 55, 27, 88, 90, 66},
		{29, 82, 36, 23, 50, 99, 68, 74, 89, 72},
		{13, 12, 77, 92, 86, 77, 75, 69, 39, 47},
		{15, 74, 22, 78, 67, 92, 78, 39, 40, 83},
		{86, 60, 85, 57, 90, 61, 15, 56, 16, 39},
		{80, 41, 61, 96, 61, 10, 71, 34, 48, 94},
		{53, 60, 12, 41, 29, 86, 40, 93, 67, 22},
		{71, 11, 87, 55, 18, 68, 67, 10, 54, 67},
		{92, 26, 95, 21, 20, 94, 85, 91, 32, 97},
		{40, 93, 12, 67, 60, 58, 83, 29, 82, 94},
		{45, 90, 19, 30, 47, 86, 81, 45, 79, 65},
		{36, 67, 82, 46, 70, 34, 54, 95, 26, 78},
		{57, 86, 43, 31, 46, 42, 37, 48, 42, 34},
		{65, 16, 30, 62, 60, 13, 17, 77, 86, 11},
		{46, 26, 83, 93, 78, 17, 76, 72, 38, 71},
		{97, 61, 88, 80, 59, 87, 50, 51, 30, 97},
		{94, 80, 75, 57, 72, 54, 61, 11, 96, 37},
		{41, 91, 88, 41, 87, 84, 83, 66, 95, 38},
		{40, 25, 75, 46, 13, 86, 27, 37, 88, 51},
		{37, 76, 47, 82, 97, 97, 86, 35, 48, 73},
		{57, 84, 85, 56, 33, 58, 15, 87, 21, 74},
		{71, 92, 19, 92, 45, 30, 24, 58, 43, 25},
		{26, 13, 96, 27, 37, 82, 27, 22, 75, 39},
		{49, 45, 69, 92, 46, 49, 74, 50, 19, 51},
		{95, 41, 71, 17, 70, 48, 18, 80, 97, 26},
		{23, 10, 10, 88, 80, 36, 45, 30, 48, 95},
		{14, 89, 76, 68, 99, 35, 18, 89, 33, 24},
		{52, 12, 59, 62, 87, 54, 68, 94, 34, 17},
		{29, 50, 67, 42, 21, 11, 55, 55, 78, 54},
		{11, 14, 77, 73, 65, 48, 34, 34, 50, 49},
		{64, 37, 35, 69, 75, 85, 38, 64, 87, 74}
	},
	{
		{88, 21, 93, 32, 71, 76, 76, 54, 77, 96},
		{76, 97, 98, 34, 67, 45, 68, 40, 61, 65},
		{91, 52, 74, 43, 65, 31, 86, 20, 89, 37},
		{71, 64, 54, 54, 37, 92, 73, 50, 61, 13},
		{80, 94, 26, 11, 40, 19, 99, 35, 59, 94},
		{62, 44, 26, 55, 99, 60, 71, 79, 77, 52},
		{87, 77, 61, 32, 92, 48, 43, 67, 80, 50},
		{75, 31, 99, 68, 46, 33, 74, 86, 13, 80},
		{28, 36, 21, 18, 99, 23, 31, 35, 65, 29},
		{19, 63, 62, 17, 19, 93, 11, 71, 88, 34},
		{52, 61, 19, 35, 70, 53, 65, 15, 82, 16},
		{34, 68, 30, 59, 74, 86, 49, 45, 54, 62},
		{50, 70, 88, 15, 20, 75, 60, 31, 67, 75},
		{43, 63, 99, 16, 51, 35, 20, 66, 20, 69},
		{60, 26, 76, 57, 14, 50, 96, 35, 98, 85},
		{46, 13, 93, 40, 73, 58, 22, 77, 47, 94},
		{79, 71, 86, 25, 21, 92, 65, 65, 65, 32},
		{25, 51, 79, 66, 49, 55, 79, 68, 40, 78},
		{11, 90, 55, 83, 49, 87, 51, 61, 34, 27},
		{56, 59, 90, 37, 31, 40, 46, 86, 64, 53},
		{70, 87, 84, 25, 14, 99, 15, 50, 41, 11},
		{84, 48, 76, 83, 82, 25, 12, 88, 62, 94},
		{66, 31, 41, 24, 91, 47, 23, 74, 23, 21},
		{75, 96, 28, 36, 11, 82, 20, 41, 23, 74},
		{30, 89, 57, 49, 31, 87, 63, 37, 44, 28},
		{31, 77, 27, 11, 26, 75, 44, 83, 55, 84},
		{95, 89, 36, 69, 88, 30, 25, 83, 34, 70},
		{46, 20, 22, 36, 48, 87, 53, 12, 95, 67},
		{66, 18, 69, 78, 51, 64, 59, 73, 22, 91},
		{66, 68, 37, 14, 73, 80, 12, 25, 56, 28},
		{98, 26, 63, 48, 82, 33, 84, 36, 94, 10},
		{77, 48, 33, 36, 88, 17, 30, 63, 27, 69},
		{60, 82, 63, 48, 50, 61, 49, 15, 11, 95},
		{25, 14, 86, 60, 79, 88, 49, 94, 92, 57},
		{35, 35, 80, 19, 15, 69, 58, 34, 97, 63},
		{95, 27, 69, 29, 93, 60, 64, 67, 38, 54},
		{36, 41, 11, 75, 97, 61, 12, 32, 61, 62},
		{10, 74, 96, 96, 55, 20, 38, 28, 86, 87},
		{25, 83, 15, 74, 74, 69, 16, 15, 66, 85},
		{72, 82, 66, 77, 45, 85, 76, 72, 46, 48},
		{54, 51, 16, 20, 85, 79, 60, 97, 64, 66},
		{55, 28, 85, 77, 53, 43, 51, 69, 61, 84},
		{27, 55, 62, 62, 73, 65, 92, 10, 34, 55},
		{90, 79, 31, 77, 45, 29, 11, 48, 30, 71},
		{67, 70, 76, 55, 35, 49, 75, 56, 50, 42},
		{36, 49, 98, 50, 27, 97, 42, 29, 88, 45},
		{64, 69, 87, 17, 23, 44, 44, 10, 55, 91},
		{14, 78, 92, 92, 32, 18, 58, 21, 49, 48},
		{42, 36, 30, 14, 54, 87, 13, 86, 67, 61},
		{66, 62, 89, 97, 39, 14, 72, 37, 21, 27},
		{52, 92, 64, 82, 59, 24, 53, 51, 82, 86},
		{14, 19, 73, 26, 59, 51, 52, 69, 87, 71},
		{13, 10, 52, 14, 14, 59, 32, 85, 86, 44},
		{15, 19, 57, 90, 70, 83, 89, 33, 53, 45},
		{29, 15, 84, 64, 37, 52, 60, 87, 16, 69},
		{10, 24, 35, 37, 61, 91, 16, 42, 49, 60},
		{17, 47, 64, 85, 96, 94, 62, 42, 11, 80},
		{84, 99, 77, 59, 50, 77, 81, 45, 83, 21},
		{21, 16, 59, 91, 41, 57, 85, 24, 10, 47},
		{76, 91, 23, 37, 85, 44, 32, 55, 30, 39}
	},
	{
		{72, 84, 15, 38, 37, 62, 35, 73, 88, 21},
		{68, 22, 27, 66, 83, 62, 76, 65, 58, 13},
		{76, 24, 50, 79, 51, 30, 99, 58, 28, 43},
		{14, 55, 98, 68, 36, 46, 45, 11, 16, 42},
		{37, 42, 33, 73, 66, 51, 85, 72, 34, 17},
		{74, 96, 30, 70, 79, 99, 44, 40, 34, 49},
		{86, 20, 91, 88, 17, 29, 59, 29, 42, 13},
		{33, 63, 30, 53, 31, 62, 55, 39, 79, 42},
		{68, 51, 44, 59, 70, 91, 37, 24, 83, 13},
		{12, 84, 83, 15, 62, 37, 58, 28, 73, 30},
		{29, 81, 17, 43, 78, 75, 87, 10, 91, 75},
		{15, 47, 60, 61, 80, 31, 14, 31, 68, 11},
		{94, 59, 43, 86, 96, 91, 85, 81, 14, 26},
		{96, 87, 30, 16, 21, 70, 73, 16, 98, 63},
		{50, 16, 56, 90, 48, 89, 99, 32, 20, 11},
		{37, 41, 49, 69, 61, 45, 62, 99, 33, 57},
		{73, 77, 47, 54, 24, 40, 51, 32, 68, 28},
		{10, 81, 35, 55, 95, 34, 19, 82, 30, 20},
		{18, 37, 41, 14, 38, 33, 39, 71, 36, 93},
		{36, 84, 93, 21, 60, 63, 22, 50, 78, 56},
		{91, 81, 71, 29, 92, 86, 14, 71, 26, 19},
		{43, 55, 57, 68, 40, 71, 69, 35, 88, 23},
		{18, 12, 50, 39, 12, 29, 18, 65, 79, 37},
		{46, 55, 62, 68, 14, 66, 17, 21, 97, 95},
		{58, 11, 76, 31, 74, 66, 90, 84, 26, 77},
		{17, 12, 60, 63, 49, 10, 42, 43, 69, 51},
		{85, 87, 86, 19, 60, 35, 22, 38, 26, 27},
		{79, 24, 62, 97, 24, 24, 96, 72, 96, 36},
		{39, 74, 64, 47, 76, 27, 58, 79, 32, 72},
		{60, 89, 22, 71, 15, 26, 18, 34, 41, 18},
		{57, 41, 31, 68, 30, 61, 77, 86, 28, 15},
		{65, 98, 64, 18, 20, 82, 56, 17, 97, 73},
		{82, 24, 16, 28, 24, 15, 65, 24, 26, 29},
		{57, 76, 84, 82, 18, 75, 67, 55, 50, 17},
		{34, 27, 11, 95, 21, 34, 30, 84, 42, 73},
		{90, 28, 30, 69, 21, 66, 58, 12, 60, 99},
		{55, 73, 13, 38, 36, 29, 34, 15, 90, 30},
		{53, 34, 43, 82, 66, 57, 59, 91, 38, 48},
		{97, 31, 44, 28, 74, 66, 45, 91, 67, 42},
		{94, 60, 63, 82, 53, 67, 27, 62, 37, 68},
		{21, 69, 49, 26, 43, 47, 76, 47, 51, 59},
		{59, 40, 77, 42, 46, 82, 27, 73, 24, 39},
		{33, 39, 29, 62, 73, 39, 43, 20, 24, 92},
		{43, 51, 46, 80, 59, 41, 77, 58, 54, 31},
		{84, 62, 64, 93, 27, 99, 11, 35, 50, 24},
		{41, 44, 34, 21, 53, 86, 88, 82, 36, 47},
		{35, 49, 41, 66, 34, 49, 24, 27, 79, 79},
		{91, 69, 32, 69, 15, 46, 48, 76, 74, 99},
		{73, 78, 14, 69, 17, 82, 28, 23, 62, 60},
		{60, 14, 46, 69, 38, 94, 70, 21, 29, 17},
		{71, 71, 59, 16, 45, 41, 37, 94, 22, 76},
		{82, 30, 20, 27, 67, 31, 62, 45, 71, 78},
		{34, 10, 82, 83, 89, 13, 23, 32, 68, 86},
		{98, 96, 24, 90, 92, 93, 40, 91, 23, 17},
		{61, 35, 48, 85, 19, 60, 27, 29, 51, 62},
		{41, 27, 51, 85, 91, 64, 43, 48, 83, 17},
		{19, 85, 65, 31, 21, 96, 24, 48, 62, 38},
		{58, 17, 43, 14, 22, 18, 91, 69, 78, 79},
		{39, 48, 96, 93, 48, 42, 55, 85, 76, 55},
		{12, 22, 79, 33, 26, 53, 63, 41, 46, 39}
	},
	{
		{80, 91, 66, 89, 38, 58, 80, 93, 90, 21},
		{81, 87, 12, 23, 82, 17, 50, 73, 36, 20},
		{15, 59, 32, 40, 68, 73, 14, 19, 32, 94},
		{27, 19, 14, 69, 93, 64, 78, 50, 83, 67},
		{37, 34, 83, 53, 70, 46, 61, 30, 83, 51},
		{23, 78, 45, 63, 72, 29, 11, 53, 87, 79},
		{83, 57, 24, 10, 23, 38, 53, 32, 10, 70},
		{33, 89, 89, 63, 42, 21, 89, 15, 95, 69},
		{45, 81, 98, 61, 39, 75, 17, 98, 84, 94},
		{37, 77, 42, 89, 54, 23, 29, 37, 11, 60},
		{81, 22, 43, 23, 81, 33, 72, 53, 80, 43},
		{42, 96, 42, 88, 56, 31, 23, 55, 45, 81},
		{28, 37, 69, 69, 92, 85, 10, 94, 68, 81},
		{26, 72, 95, 45, 59, 28, 25, 97, 39, 36},
		{97, 53, 53, 58, 63, 53, 82, 96, 94, 11},
		{65, 51, 41, 81, 46, 20, 70, 12, 56, 47},
		{54, 10, 36, 48, 74, 67, 56, 87, 77, 47},
		{60, 41, 31, 95, 70, 44, 60, 42, 38, 31},
		{65, 70, 55, 82, 88, 22, 97, 95, 25, 24},
		{40, 94, 25, 95, 36, 32, 33, 42, 67, 22},
		{24, 63, 76, 62, 49, 17, 22, 84, 85, 49},
		{91, 19, 52, 32, 17, 12, 50, 32, 33, 92},
		{28, 49, 13, 62, 81, 29, 22, 61, 69, 46},
		{34, 70, 72, 19, 57, 26, 61, 89, 20, 43},
		{41, 76, 27, 78, 30, 68, 30, 80, 64, 17},
		{89, 63, 48, 96, 72, 61, 98, 10, 82, 44},
		{38, 24, 34, 57, 74, 23, 13, 46, 43, 46},
		{36, 75, 84, 42, 68, 28, 57, 30, 61, 85},
		{30, 47, 33, 74, 48, 65, 71, 89, 87, 30},
		{72, 38, 98, 77, 96, 93, 99, 77, 80, 76},
		{11, 64, 31, 35, 47, 44, 38, 52, 77, 77},
		{48, 83, 52, 47, 84, 56, 65, 35, 41, 55},
		{91, 29, 12, 23, 39, 25, 28, 83, 88, 56},
		{92, 44, 16, 83, 25, 26, 58, 80, 44, 40},
		{45, 84, 57, 78, 38, 79, 66, 56, 60, 23},
		{83, 77, 81, 46, 37, 48, 82, 51, 92, 36},
		{55, 32, 58, 55, 46, 43, 65, 36, 34, 97},
		{45, 50, 93, 70, 45, 49, 65, 73, 18, 95},
		{90, 29, 83, 53, 83, 10, 17, 71, 31, 58},
		{63, 11, 57, 59, 22, 35, 49, 29, 94, 60},
		{12, 59, 42, 70, 41, 62, 16, 19, 75, 30},
		{55, 40, 47, 92, 51, 91, 90, 53, 60, 52},
		{32, 88, 83, 66, 99, 34, 27, 25, 51, 28},
		{59, 91, 94, 29, 80, 36, 97, 96, 32, 97},
		{12, 77, 48, 22, 52, 59, 60, 29, 51, 17},
		{14, 25, 45, 30, 83, 58, 48, 29, 72, 69},
		{67, 81, 47, 59, 31, 13, 57, 95, 84, 87},
		{83, 98, 74, 16, 26, 12, 89, 76, 17, 14},
		{41, 19, 92, 17, 77, 74, 15, 22, 81, 85},
		{91, 83, 39, 29, 89, 13, 21, 62, 66, 84},
		{32, 16, 89, 78, 32, 18, 87, 45, 18, 13},
		{67, 74, 26, 43, 95, 96, 66, 72, 94, 78},
		{10, 72, 29, 62, 31, 84, 79, 13, 45, 91},
		{27, 40, 17, 94, 67, 55, 86, 28, 61, 41},
		{38, 86, 67, 55, 59, 75, 26, 94, 15, 36},
		{65, 55, 47, 51, 52, 63, 76, 17, 10, 53},
		{74, 45, 89, 50, 42, 67, 74, 91, 55, 74},
		{59, 11, 15, 40, 54, 91, 78, 34, 63, 37},
		{38, 19, 33, 71, 88, 70, 60, 78, 31, 82},
		{45, 99, 26, 20, 52, 72, 34, 38, 36, 72}
	},
	{
		{20, 64, 19, 40, 93, 96, 55, 26, 35, 60},
		{60, 87, 35, 34, 33, 13, 92, 32, 65, 77},
		{94, 42, 54, 18, 51, 35, 73, 90, 87, 95},
		{50, 99, 79, 31, 79, 59, 27, 63, 37, 29},
		{95, 45, 80, 25, 60, 33, 56, 38, 62, 54},
		{19, 84, 18, 17, 43, 56, 35, 30, 62, 11},
		{33, 62, 45, 85, 10, 56, 51, 17, 17, 74},
		{32, 42, 79, 35, 97, 91, 32, 34, 82, 18},
		{88, 42, 44, 77, 23, 85, 26, 43, 85, 30},
		{93, 19, 40, 59, 46, 90, 59, 83, 46, 26},
		{30, 12, 17, 65, 60, 46, 54, 14, 10, 66},
		{85, 95, 36, 38, 92, 68, 36, 69, 55, 46},
		{25, 94, 34, 60, 63, 32, 47, 34, 71, 63},
		{19, 87, 58, 89, 99, 95, 49, 91, 20, 58},
		{95, 80, 97, 44, 56, 79, 64, 25, 27, 35},
		{12, 95, 65, 43, 92, 76, 40, 75, 20, 86},
		{74, 70, 80, 53, 40, 48, 26, 58, 69, 94},
		{40, 86, 15, 80, 88, 96, 73, 79, 18, 91},
		{46, 72, 64, 43, 20, 75, 53, 85, 91, 78},
		{15, 45, 24, 32, 95, 20, 98, 16, 84, 16},
		{12, 72, 34, 62, 29, 54, 86, 54, 74, 49},
		{27, 44, 92, 19, 33, 54, 32, 42, 50, 43},
		{68, 45, 71, 46, 90, 18, 21, 51, 51, 52},
		{38, 30, 89, 11, 38, 36, 29, 46, 78, 94},
		{54, 21, 25, 24, 81, 76, 98, 53, 56, 83},
		{73, 91, 79, 13, 25, 99, 59, 73, 96, 68},
		{60, 95, 62, 29, 17, 43, 38, 80, 58, 81},
		{47, 16, 24, 63, 24, 72, 35, 32, 96, 57},
		{66, 78, 29, 27, 92, 17, 38, 33, 95, 88},
		{74, 12, 33, 31, 16, 86, 80, 73, 69, 11},
		{11, 92, 34, 60, 63, 26, 78, 41, 86, 27},
		{78, 22, 88, 29, 81, 37, 19, 95, 84, 54},
		{40, 92, 22, 44, 35, 69, 91, 55, 86, 77},
		{80, 73, 86, 85, 58, 41, 10, 44, 33, 71},
		{49, 79, 40, 60, 61, 25, 60, 64, 99, 26},
		{55, 67, 57, 71, 58, 85, 68, 74, 26, 25},
		{89, 72, 41, 77, 12, 36, 91, 82, 80, 28},
		{27, 19, 61, 90, 17, 44, 73, 72, 82, 16},
		{58, 22, 25, 90, 55, 55, 41, 27, 76, 49},
		{27, 45, 28, 38, 79, 67, 94, 25, 99, 72},
		{22, 51, 87, 13, 67, 38, 73, 50, 69, 81},
		{90, 13, 21, 66, 14, 23, 37, 98, 63, 99},
		{92, 28, 25, 36, 37, 34, 16, 75, 54, 92},
		{86, 64, 90, 91, 42, 38, 81, 98, 21, 50},
		{78, 56, 22, 20, 47, 49, 98, 93, 72, 62},
		{96, 34, 47, 97, 90, 60, 35, 49, 83, 50},
		{88, 22, 35, 81, 19, 63, 48, 10, 70, 13},
		{36, 15, 97, 61, 48, 70, 82, 51, 36, 17},
		{14, 77, 32, 13, 49, 62, 96, 72, 34, 31},
		{58, 82, 37, 81, 33, 78, 12, 54, 65, 99},
		{45, 56, 17, 47, 93, 27, 40, 18, 17, 72},
		{18, 85, 99, 18, 71, 57, 35, 13, 71, 14},
		{22, 33, 69, 63, 55, 23, 78, 43, 78, 99},
		{49, 66, 57, 29, 57, 78, 42, 60, 16, 83},
		{60, 46, 36, 87, 11, 15, 99, 67, 87, 10},
		{26, 97, 53, 19, 60, 99, 14, 80, 43, 82},
		{21, 95, 97, 15, 11, 22, 20, 81, 97, 35},
		{72, 56, 92, 27, 29, 77, 84, 14, 32, 28},
		{85, 39, 58, 89, 96, 37, 50, 78, 62, 46},
		{66, 57, 46, 25, 21, 38, 46, 68, 14, 24}
	},
	{
		{14, 36, 11, 51, 38, 66, 51, 74, 85, 73},
		{87, 79, 44, 82, 61, 74, 65, 80, 75, 72},
		{92, 93, 84, 78, 36, 76, 46, 64, 53, 79},
		{93, 74, 75, 82, 93, 22, 71, 96, 22, 72},
		{90, 82, 90, 47, 74, 90, 50, 15, 63, 85},
		{12, 21, 62, 13, 68, 50, 18, 67, 39, 38},
		{36, 71, 54, 23, 85, 67, 37, 72, 66, 31},
		{67, 67, 48, 87, 48, 23, 17, 78, 83, 28},
		{59, 50, 10, 17, 90, 82, 63, 45, 88, 39},
		{98, 29, 61, 49, 40, 72, 80, 18, 64, 55},
		{54, 16, 37, 59, 75, 80, 95, 97, 38, 47},
		{72, 28, 94, 76, 71, 20, 77, 80, 69, 23},
		{81, 98, 71, 47, 46, 61, 51, 95, 64, 27},
		{47, 75, 15, 51, 69, 19, 12, 85, 68, 66},
		{37, 76, 12, 78, 30, 80, 50, 90, 84, 16},
		{77, 25, 52, 67, 46, 10, 90, 83, 80, 58},
		{96, 31, 97, 39, 85, 30, 28, 59, 12, 33},
		{78, 43, 53, 53, 19, 17, 72, 42, 78, 79},
		{52, 77, 51, 18, 40, 50, 38, 60, 75, 82},
		{24, 75, 35, 12, 26, 42, 38, 81, 30, 22},
		{64, 56, 19, 74, 30, 58, 41, 51, 34, 44},
		{19, 94, 99, 44, 31, 20, 55, 61, 72, 39},
		{12, 45, 78, 42, 52, 35, 90, 61, 74, 71},
		{53, 42, 38, 13, 71, 44, 33, 84, 82, 62},
		{98, 23, 24, 94, 53, 13, 50, 35, 31, 42},
		{19, 91, 84, 75, 44, 28, 38, 63, 23, 50},
		{42, 98, 98, 89, 46, 81, 12, 31, 53, 91},
		{91, 37, 37, 37, 51, 97, 32, 62, 52, 68},
		{61, 12, 24, 90, 55, 44, 63, 46, 66, 27},
		{91, 28, 55, 38, 13, 27, 49, 28, 73, 16},
		{39, 90, 41, 38, 10, 12, 28, 27, 33, 82},
		{76, 85, 29, 78, 94, 23, 64, 93, 41, 86},
		{86, 78, 34, 28, 57, 47, 31, 92, 76, 52},
		{18, 18, 18, 51, 73, 97, 77, 35, 60, 70},
		{52, 12, 38, 20, 22, 73, 39, 55, 54, 13},
		{65, 29, 99, 89, 23, 15, 81, 20, 96, 50},
		{15, 72, 40, 12, 35, 26, 11, 96, 11, 87},
		{85, 30, 24, 75, 80, 45, 93, 66, 22, 61},
		{27, 32, 31, 22, 43, 57, 51, 80, 43, 36},
		{19, 28, 75, 36, 78, 34, 17, 35, 63, 90},
		{81, 11, 73, 25, 11, 26, 11, 15, 47, 23},
		{68, 27, 11, 58, 60, 49, 45, 75, 52, 80},
		{31, 92, 91, 93, 49, 24, 59, 46, 15, 59},
		{91, 33, 85, 79, 89, 81, 74, 24, 96, 53},
		{15, 92, 27, 58, 30, 11, 59, 86, 74, 83},
		{19, 96, 47, 38, 62, 37, 97, 93, 80, 76},
		{61, 57, 43, 33, 89, 93, 14, 30, 22, 30},
		{14, 97, 97, 43, 53, 87, 42, 91, 90, 41},
		{47, 96, 58, 41, 42, 15, 89, 62, 43, 24},
		{68, 91, 88, 66, 35, 76, 30, 70, 23, 61},
		{44, 56, 19, 28, 68, 64, 34, 12, 72, 79},
		{68, 74, 91, 35, 21, 30, 63, 14, 54, 11},
		{42, 10, 25, 76, 90, 37, 88, 33, 26, 51},
		{89, 80, 96, 51, 89, 62, 43, 25, 85, 56},
		{71, 74, 80, 65, 97, 21, 16, 74, 71, 38},
		{10, 77, 79, 85, 46, 35, 58, 11, 79, 70},
		{78, 67, 97, 59, 29, 51, 61, 82, 74, 20},
		{48, 41, 69, 10, 96, 50, 52, 83, 63, 13},
		{75, 67, 76, 30, 20, 68, 16, 50, 44, 24},
		{87, 94, 41, 96, 10, 16, 67, 69, 48, 49}
	},
	{
		{80, 31, 48, 82, 25, 10, 47, 63, 55, 48},
		{73, 64, 60, 75, 21, 10, 16, 68, 97, 50},
		{91, 48, 16, 23, 50, 87, 10, 18, 92, 36},
		{39, 21, 44, 51, 36, 80, 66, 38, 71, 26},
		{87, 41, 73, 81, 34, 69, 80, 91, 75, 99},
		{26, 69, 30, 94, 36, 82, 94, 60, 55, 13},
		{57, 88, 25, 15, 85, 16, 71, 56, 67, 17},
		{14, 75, 18, 80, 57, 44, 35, 46, 68, 59},
		{64, 48, 76, 45, 48, 18, 19, 13, 16, 27},
		{93, 51, 73, 82, 22, 62, 13, 70, 98, 31},
		{36, 46, 33, 88, 47, 66, 12, 68, 33, 26},
		{74, 15, 53, 64, 64, 77, 90, 76, 46, 11},
		{54, 74, 63, 93, 77, 10, 74, 81, 56, 66},
		{14, 11, 14, 38, 93, 51, 59, 13, 74, 22},
		{64, 13, 29, 87, 64, 70, 29, 66, 49, 36},
		{45, 52, 45, 87, 82, 72, 23, 17, 44, 92},
		{50, 37, 58, 45, 76, 78, 45, 96, 38, 47},
		{39, 74, 11, 74, 51, 77, 33, 31, 23, 47},
		{50, 97, 49, 72, 67, 72, 64, 33, 73, 51},
		{20, 85, 77, 19, 28, 94, 39, 12, 96, 98},
		{71, 72, 11, 73, 61, 25, 82, 62, 37, 54},
		{76, 32, 83, 28, 55, 57, 96, 30, 58, 87},
		{39, 39, 87, 38, 34, 14, 96, 64, 64, 16},
		{16, 23, 88, 84, 29, 39, 50, 77, 29, 68},
		{42, 76, 22, 70, 17, 11, 15, 78, 95, 43},
		{97, 35, 28, 34, 50, 67, 88, 50, 14, 48},
		{58, 11, 62, 26, 46, 14, 95, 36, 47, 77},
		{10, 37, 23, 31, 89, 39, 52, 58, 93, 17},
		{63, 40, 28, 17, 35, 52, 58, 73, 39, 52},
		{36, 60, 68, 24, 83, 56, 56, 87, 23, 25},
		{35, 67, 78, 39, 68, 43, 80, 61, 76, 16},
		{86, 83, 93, 77, 49, 82, 85, 44, 19, 18},
		{97, 23, 46, 63, 11, 88, 51, 30, 19, 30},
		{80, 34, 60, 38, 49, 52, 47, 56, 84, 39},
		{25, 72, 27, 52, 60, 77, 24, 36, 72, 75},
		{56, 98, 54, 60, 73, 27, 94, 76, 68, 12},
		{23, 25, 41, 98, 95, 64, 10, 46, 80, 52},
		{68, 58, 69, 71, 96, 83, 16, 72, 77, 17},
		{99, 98, 86, 74, 62, 78, 83, 51, 59, 88},
		{12, 40, 54, 61, 55, 67, 94, 11, 49, 14},
		{48, 43, 57, 36, 58, 43, 34, 73, 99, 84},
		{82, 15, 94, 54, 94, 93, 66, 63, 25, 55},
		{83, 97, 20, 25, 45, 81, 93, 68, 85, 63},
		{71, 53, 27, 34, 98, 65, 63, 90, 37, 74},
		{58, 97, 82, 74, 69, 41, 93, 88, 65, 72},
		{13, 40, 78, 65, 88, 24, 23, 44, 39, 52},
		{62, 90, 32, 35, 98, 80, 71, 17, 12, 11},
		{37, 62, 62, 96, 10, 29, 27, 28, 65, 35},
		{82, 98, 14, 86, 51, 73, 23, 69, 59, 58},
		{45, 56, 90, 93, 21, 30, 32, 58, 63, 82},
		{78, 95, 15, 65, 40, 26, 38, 98, 32, 37},
		{48, 16, 83, 36, 93, 92, 66, 30, 25, 70},
		{78, 38, 97, 30, 58, 25, 81, 96, 35, 32},
		{38, 95, 81, 18, 57, 38, 36, 29, 74, 35},
		{81, 65, 73, 41, 67, 36, 99, 38, 64, 82},
		{82, 52, 26, 42, 92, 79, 11, 18, 10, 45},
		{71, 46, 67, 79, 65, 70, 38, 18, 72, 13},
		{88, 78, 61, 26, 60, 31, 23, 11, 30, 49},
		{22, 25, 80, 74, 55, 35, 96, 15, 39, 59},
		{26, 57, 75, 55, 63, 10, 17, 90, 47, 47}
	},
	{
		{71, 87, 52, 22, 81, 53, 93, 35, 48, 66},
		{20, 22, 56, 97, 11, 24, 19, 36, 60, 74},
		{85, 88, 54, 54, 96, 70, 48, 24, 29, 66},
		{86, 87, 79, 49, 73, 29, 23, 69, 55, 96},
		{88, 64, 88, 98, 51, 69, 22, 85, 40, 96},
		{35, 82, 35, 52, 59, 87, 68, 18, 56, 30},
		{65, 27, 25, 12, 10, 10, 38, 38, 85, 23},
		{47, 47, 18, 31, 41, 76, 43, 73, 78, 33},
		{75, 33, 63, 25, 65, 96, 38, 76, 65, 94},
		{82, 61, 26, 30, 93, 44, 33, 58, 34, 14},
		{37, 88, 25, 54, 49, 93, 57, 58, 94, 21},
		{48, 33, 52, 22, 44, 89, 47, 78, 47, 95},
		{46, 36, 97, 94, 14, 87, 69, 73, 31, 23},
		{78, 35, 16, 95, 81, 25, 82, 13, 37, 75},
		{53, 65, 51, 32, 38, 76, 25, 15, 69, 24},
		{42, 11, 37, 26, 96, 64, 19, 52, 96, 32},
		{63, 46, 35, 32, 98, 54, 22, 99, 34, 35},
		{99, 12, 39, 46, 29, 76, 11, 42, 11, 63},
		{19, 52, 97, 57, 32, 78, 57, 74, 46, 43},
		{39, 83, 90, 39, 99, 60, 78, 72, 22, 52},
		{85, 78, 23, 81, 17, 79, 91, 71, 29, 34},
		{41, 21, 30, 49, 87, 30, 92, 22, 55, 81},
		{78, 81, 78, 78, 96, 25, 57, 61, 59, 38},
		{54, 54, 89, 21, 51, 39, 95, 68, 23, 95},
		{54, 69, 19, 49, 68, 30, 78, 56, 44, 48},
		{51, 51, 48, 91, 38, 54, 91, 71, 89, 65},
		{46, 63, 69, 99, 88, 73, 80, 18, 16, 55},
		{91, 54, 21, 53, 71, 12, 91, 95, 24, 15},
		{75, 67, 92, 45, 54, 76, 97, 57, 72, 20},
		{63, 74, 21, 99, 68, 99, 47, 71, 16, 92},
		{98, 67, 47, 54, 63, 97, 29, 11, 44, 56},
		{15, 90, 56, 98, 25, 15, 71, 37, 84, 17},
		{40, 38, 71, 85, 97, 22, 29, 77, 13, 80},
		{45, 91, 57, 28, 72, 74, 51, 96, 48, 51},
		{43, 97, 83, 51, 72, 37, 59, 89, 21, 68},
		{20, 97, 88, 78, 71, 90, 72, 62, 59, 60},
		{66, 85, 95, 24, 96, 89, 27, 31, 51, 65},
		{46, 43, 38, 37, 92, 24, 63, 23, 14, 40},
		{84, 72, 32, 87, 66, 75, 26, 90, 12, 27},
		{77, 99, 26, 84, 33, 18, 51, 35, 93, 41},
		{41, 21, 91, 96, 59, 18, 16, 68, 39, 12},
		{18, 59, 19, 48, 87, 64, 63, 85, 52, 80},
		{65, 67, 60, 68, 76, 77, 32, 75, 57, 30},
		{18, 77, 67, 39, 80, 67, 43, 16, 80, 90},
		{16, 65, 64, 16, 53, 50, 53, 97, 71, 96},
		{24, 56, 15, 23, 59, 53, 40, 51, 63, 18},
		{53, 73, 79, 47, 15, 75, 85, 51, 83, 55},
		{82, 70, 67, 56, 33, 72, 89, 53, 16, 12},
		{33, 47, 78, 82, 98, 83, 82, 94, 52, 90},
		{52, 27, 44, 51, 97, 70, 90, 41, 25, 51},
		{94, 46, 73, 15, 72, 35, 64, 35, 16, 12},
		{69, 87, 49, 55, 65, 87, 55, 10, 24, 95},
		{25, 30, 36, 41, 19, 43, 53, 54, 37, 40},
		{89, 39, 29, 87, 52, 18, 32, 68, 76, 26},
		{57, 45, 79, 10, 67, 61, 72, 91, 57, 24},
		{60, 18, 27, 99, 12, 17, 65, 14, 14, 14},
		{27, 92, 28, 86, 17, 39, 47, 71, 54, 87},
		{50, 24, 74, 88, 60, 30, 93, 64, 25, 60},
		{64, 16, 93, 66, 99, 78, 69, 63, 43, 97},
		{32, 89, 57, 19, 63, 21, 15, 67, 45, 43}
	},
	{
		{99, 92, 40, 39, 14, 44, 46, 79, 84, 44},
		{23, 56, 42, 99, 77, 83, 47, 55, 21, 60},
		{28, 43, 15, 80, 95, 43, 94, 52, 75, 78},
		{21, 39, 86, 96, 52, 28, 57, 19, 19, 19},
		{38, 55, 27, 14, 56, 88, 34, 11, 29, 66},
		{29, 32, 49, 54, 67, 56, 36, 58, 44, 85},
		{48, 50, 60, 29, 32, 40, 77, 30, 95, 94},
		{32, 59, 54, 19, 43, 45, 81, 81, 10, 12},
		{93, 71, 82, 71, 90, 87, 40, 93, 63, 93},
		{55, 55, 91, 26, 46, 75, 35, 45, 82, 65},
		{19, 44, 51, 62, 15, 99, 87, 65, 62, 54},
		{18, 50, 56, 62, 33, 13, 25, 68, 74, 95},
		{23, 83, 68, 61, 74, 81, 86, 44, 61, 74},
		{56, 24, 46, 60, 30, 96, 58, 47, 27, 46},
		{63, 58, 36, 33, 19, 70, 27, 76, 15, 32},
		{89, 56, 19, 73, 76, 34, 11, 67, 50, 41},
		{28, 28, 88, 50, 19, 95, 24, 17, 74, 69},
		{19, 70, 84, 69, 93, 93, 40, 22, 80, 94},
		{71, 49, 24, 56, 78, 88, 43, 10, 11, 50},
		{48, 13, 28, 19, 64, 85, 44, 97, 63, 77},
		{61, 87, 75, 79, 13, 23, 44, 92, 87, 83},
		{86, 46, 37, 20, 23, 41, 26, 28, 24, 54},
		{17, 73, 20, 98, 36, 66, 45, 49, 53, 40},
		{24, 30, 69, 24, 10, 83, 11, 25, 10, 67},
		{60, 90, 96, 66, 30, 53, 36, 13, 20, 84},
		{27, 69, 99, 57, 22, 81, 67, 20, 73, 22},
		{89, 82, 53, 51, 65, 26, 64, 85, 42, 45},
		{60, 92, 35, 86, 51, 35, 22, 17, 45, 92},
		{61, 73, 41, 50, 26, 41, 15, 72, 65, 28},
		{64, 14, 72, 44, 84, 43, 52, 83, 85, 44},
		{96, 31, 77, 50, 35, 52, 78, 10, 11, 21},
		{54, 90, 51, 94, 70, 10, 94, 31, 14, 40},
		{65, 17, 32, 91, 75, 57, 12, 43, 64, 14},
		{64, 95, 85, 55, 97, 85, 84, 36, 18, 79},
		{29, 34, 13, 47, 75, 53, 90, 17, 54, 85},
		{36, 78, 48, 71, 92, 93, 85, 32, 93, 11},
		{58, 98, 11, 78, 34, 43, 96, 39, 13, 85},
		{73, 56, 74, 47, 32, 67, 19, 46, 84, 97},
		{96, 31, 10, 45, 37, 59, 29, 59, 90, 95},
		{27, 28, 98, 33, 85, 32, 98, 40, 28, 24},
		{87, 15, 74, 75, 59, 74, 28, 10, 16, 29},
		{16, 67, 83, 81, 77, 65, 23, 20, 51, 80},
		{51, 95, 50, 31, 52, 76, 13, 47, 22, 19},
		{98, 20, 50, 28, 55, 79, 83, 82, 35, 54},
		{34, 37, 35, 78, 48, 57, 40, 71, 11, 45},
		{30, 97, 77, 35, 84, 52, 90, 20, 41, 25},
		{70, 40, 40, 37, 89, 82, 15, 73, 26, 48},
		{85, 67, 56, 23, 13, 25, 35, 46, 69, 67},
		{27, 79, 36, 68, 39, 22, 14, 89, 78, 77},
		{43, 89, 48, 83, 69, 48, 51, 70, 47, 57},
		{60, 84, 70, 60, 70, 47, 54, 87, 17, 40},
		{55, 76, 27, 81, 21, 44, 40, 70, 49, 18},
		{95, 75, 25, 66, 20, 24, 20, 26, 19, 16},
		{33, 13, 71, 25, 52, 39, 83, 99, 84, 69},
		{25, 50, 35, 64, 41, 10, 94, 20, 22, 64},
		{97, 10, 29, 52, 85, 42, 57, 25, 36, 75},
		{83, 57, 32, 77, 98, 27, 94, 87, 64, 42},
		{11, 76, 98, 53, 13, 75, 78, 62, 51, 12},
		{60, 94, 22, 58, 54, 91, 61, 61, 38, 97},
		{82, 90, 27, 94, 76, 64, 20, 68, 55, 92}
	},
	{
		{21, 30, 79, 44, 72, 27, 39, 94, 82, 59},
		{43, 29, 68, 44, 44, 11, 48, 18, 25, 25},
		{46, 79, 53, 67, 45, 54, 87, 53, 88, 40},
		{82, 85, 53, 88, 98, 98, 25, 26, 29, 27},
		{90, 57, 33, 15, 70, 73, 34, 13, 53, 22},
		{44, 15, 43, 83, 21, 62, 36, 81, 14, 66},
		{26, 95, 48, 90, 76, 87, 38, 16, 96, 66},
		{51, 89, 48, 21, 72, 46, 31, 92, 96, 33},
		{40, 96, 52, 96, 41, 49, 92, 97, 85, 66},
		{14, 77, 19, 50, 68, 81, 60, 57, 90, 39},
		{31, 89, 78, 10, 26, 52, 59, 16, 50, 77},
		{77, 93, 77, 69, 78, 68, 13, 81, 19, 62},
		{42, 78, 84, 61, 90, 21, 34, 79, 83, 78},
		{76, 39, 57, 94, 20, 53, 16, 74, 79, 23},
		{56, 31, 11, 99, 78, 74, 38, 83, 92, 54},
		{84, 41, 86, 20, 30, 15, 15, 10, 75, 89},
		{33, 19, 64, 32, 37, 51, 83, 22, 74, 91},
		{73, 74, 38, 67, 84, 91, 88, 82, 88, 10},
		{35, 56, 31, 80, 10, 53, 48, 68, 52, 85},
		{68, 24, 83, 90, 59, 45, 68, 77, 49, 17},
		{44, 29, 11, 70, 91, 30, 99, 83, 65, 77},
		{28, 32, 95, 92, 33, 29, 70, 47, 19, 47},
		{48, 19, 81, 85, 18, 28, 66, 74, 30, 24},
		{36, 48, 45, 99, 22, 62, 66, 58, 87, 97},
		{86, 42, 77, 15, 52, 25, 11, 78, 50, 35},
		{42, 63, 98, 27, 96, 17, 83, 57, 58, 27},
		{66, 50, 79, 72, 55, 85, 52, 31, 53, 58},
		{56, 44, 27, 59, 80, 40, 90, 85, 53, 86},
		{25, 10, 63, 61, 29, 11, 81, 62, 52, 51},
		{66, 80, 93, 97, 97, 78, 78, 99, 94, 84},
		{76, 43, 47, 69, 23, 17, 55, 96, 77, 49},
		{74, 61, 25, 23, 70, 42, 68, 49, 42, 74},
		{71, 72, 68, 89, 82, 33, 63, 82, 73, 78},
		{43, 55, 25, 89, 33, 34, 96, 38, 89, 65},
		{87, 42, 31, 72, 44, 99, 55, 73, 51, 95},
		{20, 14, 24, 50, 91, 24, 69, 31, 41, 55},
		{53, 77, 82, 43, 57, 46, 59, 24, 91, 36},
		{89, 92, 76, 19, 65, 51, 21, 32, 91, 94},
		{10, 47, 40, 99, 90, 58, 33, 76, 59, 49},
		{83, 30, 83, 57, 50, 32, 96, 45, 70, 53},
		{91, 71, 62, 98, 13, 44, 99, 88, 98, 68},
		{29, 61, 62, 50, 97, 20, 76, 67, 36, 32},
		{61, 93, 12, 25, 52, 11, 46, 48, 15, 44},
		{63, 90, 72, 79, 71, 65, 88, 47, 77, 45},
		{85, 43, 97, 75, 31, 34, 21, 43, 47, 18},
		{59, 66, 57, 58, 47, 33, 81, 53, 77, 77},
		{90, 43, 89, 97, 13, 98, 93, 80, 40, 76},
		{77, 62, 23, 86, 40, 15, 32, 76, 33, 80},
		{22, 16, 29, 13, 56, 64, 67, 91, 65, 18},
		{26, 64, 81, 71, 36, 90, 53, 76, 29, 87},
		{63, 24, 29, 44, 76, 58, 93, 41, 92, 41},
		{62, 19, 75, 60, 22, 25, 95, 74, 59, 59},
		{19, 85, 80, 27, 41, 70, 44, 99, 24, 54},
		{46, 43, 43, 76, 86, 14, 75, 53, 77, 79},
		{51, 75, 42, 33, 86, 77, 89, 68, 13, 55},
		{42, 75, 85, 34, 43, 72, 94, 73, 70, 41},
		{59, 72, 58, 19, 15, 42, 44, 84, 30, 38},
		{27, 42, 20, 52, 84, 53, 71, 55, 79, 28},
		{95, 17, 53, 71, 68, 87, 55, 64, 40, 36},
		{69, 98, 62, 38, 21, 94, 83, 79, 14, 76}
	}
}