alpha=0.2
gamma=0.6
selection_rate=1
max_gen=5000
job_num=60
machine_num=15
pop_size=100
Threshold=7044
scenario_num=20
{
	{
		{66, 58, 59, 70, 75, 54, 12, 63, 85, 77, 58, 21, 38, 29, 92},
		{52, 24, 82, 21, 76, 93, 73, 76, 42, 44, 12, 56, 45, 56, 21},
		{75, 25, 58, 95, 43, 91, 22, 15, 89, 50, 81, 47, 40, 87, 71},
		{83, 30, 67, 54, 39, 80, 94, 54, 70, 98, 77, 21, 41, 44, 48},
		{71, 21, 16, 24, 43, 83, 95, 13, 23, 72, 75, 27, 11, 48, 94},
		{74, 62, 75, 50, 39, 14, 12, 70, 92, 86, 62, 42, 58, 85, 96},
		{46, 60, 65, 33, 73, 42, 77, 97, 70, 86, 55, 74, 48, 63, 38},
		{48, 46, 67, 89, 92, 38, 96, 69, 43, 52, 31, 54, 42, 95, 99},
		{73, 69, 46, 51, 62, 43, 74, 79, 30, 47, 84, 86, 31, 61, 45},
		{54, 64, 83, 65, 70, 65, 50, 68, 93, 94, 14, 31, 88, 47, 95},
		{46, 93, 86, 47, 85, 45, 67, 40, 61, 31, 39, 71, 98, 60, 88},
		{41, 18, 18, 12, 17, 96, 80, 72, 26, 47, 27, 17, 49, 21, 13},
		{56, 39, 68, 20, 38, 90, 23, 64, 15, 97, 64, 99, 66, 78, 50},
		{12, 71, 21, 56, 42, 27, 51, 35, 95, 42, 83, 91, 74, 23, 42},
		{58, 39, 11, 81, 37, 53, 62, 69, 67, 75, 22, 62, 78, 33, 29},
		{54, 31, 33, 96, 14, 91, 97, 91, 72, 87, 23, 76, 81, 34, 25},
		{39, 10, 69, 23, 57, 38, 86, 25, 11, 58, 85, 89, 46, 21, 85},
		{48, 69, 81, 81, 11, 81, 81, 92, 54, 20, 77, 28, 82, 30, 12},
		{16, 82, 53, 45, 12, 24, 98, 41, 17, 77, 76, 62, 43, 71, 64},
		{68, 21, 85, 58, 93, 17, 23, 47, 47, 30, 26, 41, 17, 71, 98},
		{77, 35, 62, 90, 20, 71, 56, 83, 61, 63, 71, 64, 94, 84, 94},
		{49, 37, 64, 23, 41, 10, 69, 81, 16, 56, 93, 74, 83, 81, 22},
		{80, 15, 65, 57, 30, 35, 89, 87, 53, 40, 93, 88, 49, 20, 48},
		{33, 37, 30, 68, 80, 80, 85, 58, 34, 63, 61, 26, 58, 43, 99},
		{37, 13, 72, 61, 66, 82, 78, 34, 77, 86, 69, 21, 64, 92, 31},
		{12, 88, 26, 25, 72, 16, 72, 98, 33, 14, 91, 52, 70, 66, 23},
		{50, 73, 49, 42, 66, 73, 32, 84, 26, 16, 36, 48, 50, 91, 71},
		{96, 65, 47, 36, 63, 27, 80, 59, 50, 88, 49, 51, 64, 72, 30},
		{29, 24, 15, 70, 12, 97, 58, 97, 98, 10, 56, 74, 16, 89, 66},
		{81, 67, 68, 20, 34, 49, 36, 10, 42, 78, 61, 79, 76, 13, 42},
		{95, 94, 63, 55, 29, 47, 49, 28, 54, 57, 45, 51, 30, 52, 13},
		{28, 31, 59, 70, 64, 16, 72, 24, 14, 45, 29, 18, 71, 50, 56},
		{28, 28, 33, 49, 85, 29, 80, 48, 51, 36, 36, 85, 37, 96, 30},
		{72, 16, 97, 46, 52, 94, 64, 69, 40, 39, 14, 70, 79, 36, 82},
		{38, 51, 85, 68, 95, 72, 39, 47, 33, 36, 68, 17, 19, 52, 89},
		{24, 57, 55, 26, 98, 82, 24, 57, 55, 73, 95, 77, 68, 59, 97},
		{84, 78, 82, 62, 44, 62, 94, 54, 64, 14, 36, 86, 50, 13, 67},
		{93, 27, 86, 42, 83, 85, 16, 79, 34, 80, 66, 23, 32, 53, 73},
		{18, 51, 60, 94, 15, 25, 18, 78, 68, 92, 44, 43, 85, 79, 24},
		{88, 12, 94, 38, 66, 21, 40, 88, 33, 60, 68, 27, 20, 15, 42},
		{20, 96, 71, 10, 21, 50, 15, 54, 72, 55, 19, 52, 93, 65, 40},
		{38, 63, 23, 68, 82, 87, 71, 59, 36, 44, 76, 12, 63, 93, 24},
		{20, 92, 17, 31, 77, 16, 33, 11, 82, 76, 19, 10, 13, 84, 53},
		{28, 29, 80, 78, 31, 57, 24, 24, 78, 34, 39, 20, 75, 94, 32},
		{10, 56, 15, 71, 27, 81, 83, 51, 98, 21, 55, 87, 38, 79, 31},
		{49, 29, 58, 75, 35, 67, 88, 63, 70, 23, 18, 78, 87, 28, 78},
		{13, 48, 63, 38, 75, 63, 70, 93, 54, 35, 45, 41, 76, 68, 62},
		{62, 12, 77, 11, 85, 30, 40, 72, 86, 12, 59, 53, 39, 57, 97},
		{51, 77, 50, 22, 37, 27, 51, 98, 58, 70, 38, 47, 51, 63, 67},
		{89, 70, 83, 33, 80, 42, 74, 11, 68, 54, 87, 99, 52, 75, 21},
		{45, 15, 67, 61, 10, 20, 20, 28, 95, 32, 64, 44, 67, 53, 76},
		{97, 29, 16, 59, 78, 34, 45, 59, 14, 90, 90, 77, 59, 64, 87},
		{55, 66, 60, 65, 88, 64, 67, 10, 43, 95, 14, 22, 26, 85, 87},
		{50, 14, 67, 78, 81, 85, 63, 36, 79, 55, 94, 53, 35, 24, 46},
		{88, 87, 68, 53, 73, 82, 94, 85, 40, 58, 79, 61, 27, 58, 98},
		{66, 61, 68, 67, 51, 74, 31, 62, 97, 24, 58, 97, 92, 59, 63},
		{11, 37, 50, 77, 99, 30, 47, 50, 65, 86, 45, 71, 11, 12, 42},
		{83, 49, 49, 78, 84, 37, 87, 50, 47, 50, 92, 27, 36, 90, 74},
		{75, 77, 96, 13, 22, 58, 30, 20, 70, 81, 72, 62, 69, 87, 62},
		{40, 66, 20, 37, 56, 89, 41, 67, 28, 12, 34, 79, 47, 48, 46}
	},
	{
		{77, 77, 72, 21, 93, 53, 42, 28, 66, 40, 51, 56, 40, 24, 72},
		{80, 33, 62, 50, 73, 32, 14, 95, 77, 67, 34, 43, 98, 45, 53},
		{93, 64, 31, 58, 78, 83, 26, 33, 16, 88, 96, 34, 36, 58, 56},
		{60, 84, 52, 64, 89, 33, 61, 38, 44, 98, 32, 72, 51, 62, 53},
		{58, 13, 83, 90, 78, 17, 97, 92, 18, 53, 93, 69, 22, 18, 41},
		{10, 28, 18, 44, 20, 47, 21, 53, 57, 10, 34, 29, 72, 88, 72},
		{34, 83, 15, 84, 41, 50, 52, 81, 43, 40, 75, 17, 80, 69, 29},
		{63, 17, 51, 17, 41, 55, 99, 80, 89, 41, 93, 90, 13, 48, 31},
		{68, 96, 91, 31, 10, 51, 74, 77, 56, 87, 26, 17, 46, 19, 68},
		{77, 83, 83, 75, 91, 50, 33, 65, 37, 22, 29, 42, 86, 75, 72},
		{50, 17, 94, 90, 81, 55, 27, 45, 32, 90, 27, 74, 96, 21, 45},
		{72, 70, 31, 12, 94, 52, 62, 81, 65, 24, 59, 73, 20, 85, 42},
		{21, 98, 62, 63, 22, 36, 59, 52, 61, 34, 12, 89, 74, 89, 45},
		{18, 73, 54, 66, 64, 67, 21, 33, 86, 77, 14, 10, 84, 33, 39},
		{70, 98, 25, 33, 81, 45, 30, 56, 41, 21, 24, 11, 35, 96, 19},
		{98, 23, 89, 94, 30, 47, 53, 31, 24, 52, 71, 90, 44, 57, 46},
		{54, 98, 81, 10, 75, 27, 18, 38, 30, 36, 40, 13, 56, 67, 67},
		{65, 33, 60, 74, 83, 48, 72, 28, 96, 90, 50, 12, 80, 75, 83},
		{13, 98, 25, 43, 55, 47, 16, 89, 59, 31, 51, 69, 67, 87, 75},
		{60, 80, 58, 11, 53, 98, 68, 28, 77, 67, 13, 35, 47, 62, 36},
		{86, 53, 43, 58, 20, 90, 87, 72, 96, 99, 71, 15, 75, 53, 94},
		{68, 61, 56, 69, 38, 17, 37, 47, 48, 24, 23, 53, 51, 94, 46},
		{57, 54, 69, 39, 85, 57, 38, 50, 69, 24, 34, 79, 53, 15, 32},
		{31, 79, 79, 15, 57, 81, 54, 29, 84, 90, 79, 19, 80, 50, 84},
		{52, 83, 54, 64, 50, 97, 40, 43, 89, 38, 70, 28, 90, 47, 74},
		{18, 29, 30, 65, 13, 40, 17, 34, 78, 83, 45, 17, 47, 45, 60},
		{49, 17, 38, 99, 36, 81, 37, 91, 37, 11, 17, 57, 56, 57, 52},
		{94, 10, 61, 22, 11, 12, 65, 51, 91, 98, 70, 74, 89, 36, 91},
		{36, 67, 70, 89, 49, 34, 70, 51, 11, 51, 87, 64, 52, 47, 75},
		{27, 26, 88, 52, 44, 99, 52, 59, 84, 66, 90, 74, 11, 55, 58},
		{55, 35, 77, 71, 28, 91, 17, 13, 13, 40, 60, 85, 27, 34, 17},
		{70, 78, 76, 47, 59, 43, 84, 31, 67, 76, 38, 82, 64, 74, 76},
		{28, 29, 45, 58, 92, 71, 12, 67, 47, 52, 21, 84, 27, 82, 82},
		{62, 16, 48, 53, 15, 94, 31, 46, 83, 40, 31, 76, 36, 61, 41},
		{82, 77, 18, 91, 80, 96, 93, 43, 62, 11, 63, 84, 70, 87, 39},
		{44, 19, 55, 86, 63, 65, 84, 95, 40, 18, 34, 82, 52, 60, 89},
		{74, 43, 16, 69, 17, 42, 48, 40, 96, 15, 41, 64, 30, 94, 40},
		{59, 25, 94, 44, 68, 29, 43, 93, 84, 96, 70, 85, 70, 76, 63},
		{57, 65, 82, 40, 88, 51, 66, 55, 96, 53, 58, 11, 51, 89, 36},
		{20, 77, 70, 17, 50, 83, 23, 44, 44, 10, 43, 81, 84, 39, 57},
		{83, 22, 39, 39, 61, 19, 63, 16, 23, 28, 44, 95, 69, 14, 86},
		{73, 18, 25, 65, 33, 90, 53, 35, 17, 98, 24, 93, 53, 24, 18},
		{65, 35, 19, 22, 12, 18, 11, 54, 94, 33, 38, 95, 52, 15, 51},
		{54, 85, 36, 73, 80, 57, 10, 87, 92, 69, 24, 14, 84, 79, 20},
		{89, 38, 14, 79, 45, 90, 62, 17, 22, 98, 65, 71, 38, 47, 14},
		{92, 90, 73, 52, 24, 98, 21, 30, 82, 83, 82, 51, 60, 51, 43},
		{46, 77, 49, 43, 60, 83, 21, 87, 70, 24, 23, 18, 57, 11, 77},
		{64, 25, 74, 40, 73, 79, 33, 75, 43, 47, 77, 41, 53, 52, 49},
		{65, 35, 18, 97, 42, 78, 86, 22, 80, 92, 39, 26, 57, 64, 69},
		{18, 90, 59, 43, 95, 12, 68, 41, 54, 27, 69, 43, 66, 94, 85},
		{89, 64, 94, 89, 75, 40, 77, 87, 12, 63, 62, 93, 45, 75, 96},
		{63, 68, 99, 46, 18, 77, 87, 52, 91, 24, 11, 59, 37, 64, 99},
		{78, 64, 55, 35, 44, 66, 90, 68, 64, 16, 90, 19, 72, 15, 71},
		{35, 26, 75, 42, 57, 89, 80, 85, 85, 91, 27, 49, 76, 44, 61},
		{31, 34, 35, 56, 24, 52, 30, 61, 85, 27, 50, 39, 19, 91, 16},
		{57, 57, 12, 45, 38, 28, 34, 12, 94, 53, 70, 71, 81, 47, 84},
		{43, 96, 84, 49, 75, 85, 41, 12, 24, 55, 77, 23, 11, 26, 29},
		{83, 84, 66, 90, 18, 34, 46, 17, 12, 98, 14, 14, 50, 61, 40},
		{31, 59, 53, 39, 82, 31, 31, 89, 20, 59, 96, 46, 77, 22, 61},
		{86, 93, 29, 79, 14, 55, 18, 61, 70, 58, 30, 81, 17, 28, 26}
	},
	{
		{69, 32, 46, 76, 86, 56, 74, 20, 51, 39, 36, 53, 12, 66, 29},
		{23, 91, 82, 92, 41, 84, 29, 12, 93, 45, 30, 60, 64, 85, 68},
		{85, 54, 36, 47, 66, 28, 75, 65, 90, 43, 43, 93, 46, 54, 10},
		{30, 98, 36, 31, 16, 38, 22, 93, 97, 30, 89, 27, 61, 78, 70},
		{19, 52, 90, 69, 65, 33, 19, 56, 85, 82, 39, 19, 80, 91, 43},
		{23, 67, 75, 76, 50, 60, 50, 43, 88, 80, 76, 26, 59, 60, 15},
		{24, 99, 84, 85, 24, 77, 93, 46, 54, 25, 68, 61, 52, 18, 36},
		{81, 90, 13, 12, 79, 95, 14, 73, 44, 35, 35, 51, 16, 44, 22},
		{68, 51, 16, 63, 98, 90, 79, 81, 77, 33, 81, 31, 91, 61, 95},
		{22, 37, 17, 68, 67, 78, 94, 38, 51, 14, 85, 34, 10, 79, 38},
		{87, 14, 12, 77, 74, 86, 66, 72, 38, 88, 94, 68, 12, 14, 29},
		{12, 76, 72, 30, 74, 80, 47, 82, 13, 76, 71, 10, 14, 73, 75},
		{28, 86, 88, 61, 47, 71, 18, 31, 42, 88, 43, 96, 74, 58, 79},
		{20, 52, 61, 68, 50, 99, 73, 63, 78, 12, 87, 46, 20, 61, 68},
		{22, 60, 27, 74, 98, 32, 89, 92, 77, 73, 82, 23, 82, 90, 57},
		{20, 96, 17, 85, 69, 89, 78, 92, 38, 34, 41, 56, 11, 80, 34},
		{84, 32, 58, 31, 75, 50, 56, 83, 93, 72, 45, 55, 94, 96, 15},
		{95, 96, 70, 40, 19, 65, 78, 62, 70, 82, 49, 39, 49, 50, 60},
		{66, 18, 57, 72, 88, 24, 58, 18, 37, 31, 40, 58, 88, 22, 23},
		{83, 93, 20, 44, 26, 17, 22, 98, 74, 58, 75, 11, 22, 18, 31},
		{67, 72, 16, 67, 42, 12, 81, 19, 13, 88, 57, 18, 95, 33, 57},
		{63, 68, 73, 14, 99, 28, 36, 63, 59, 57, 73, 25, 70, 87, 90},
		{96, 24, 35, 47, 66, 76, 26, 99, 92, 28, 51, 50, 19, 12, 10},
		{82, 25, 74, 53, 96, 23, 61, 14, 12, 51, 86, 45, 61, 62, 13},
		{96, 22, 31, 87, 51, 20, 65, 70, 91, 26, 12, 83, 26, 57, 93},
		{63, 54, 97, 75, 79, 11, 95, 33, 30, 20, 67, 28, 66, 10, 29},
		{57, 31, 21, 57, 76, 17, 44, 34, 47, 53, 79, 97, 39, 91, 10},
		{62, 97, 60, 90, 81, 57, 89, 78, 85, 12, 26, 86, 43, 52, 55},
		{41, 43, 53, 26, 67, 78, 63, 61, 59, 96, 26, 82, 53, 63, 64},
		{51, 21, 37, 20, 38, 37, 76, 46, 27, 70, 83, 32, 10, 55, 68},
		{64, 27, 89, 61, 70, 39, 60, 25, 77, 66, 83, 18, 92, 31, 92},
		{78, 33, 23, 39, 67, 72, 53, 22, 46, 95, 85, 15, 98, 73, 62},
		{24, 58, 34, 50, 51, 35, 95, 26, 31, 31, 17, 19, 16, 96, 39},
		{56, 32, 36, 96, 49, 72, 77, 99, 58, 66, 87, 96, 58, 15, 85},
		{92, 33, 76, 14, 48, 73, 54, 83, 42, 47, 10, 76, 35, 64, 47},
		{33, 47, 65, 72, 43, 11, 78, 59, 92, 33, 84, 13, 30, 26, 76},
		{16, 97, 92, 34, 37, 39, 45, 97, 14, 97, 95, 57, 36, 41, 70},
		{20, 94, 37, 95, 81, 97, 39, 70, 93, 30, 53, 37, 89, 47, 62},
		{78, 72, 78, 53, 46, 39, 95, 83, 83, 71, 78, 70, 24, 80, 24},
		{98, 38, 12, 86, 88, 26, 11, 92, 50, 48, 51, 48, 82, 32, 10},
		{88, 70, 33, 10, 27, 61, 97, 83, 74, 96, 20, 75, 31, 70, 56},
		{59, 17, 62, 46, 82, 26, 41, 38, 30, 43, 45, 97, 65, 46, 92},
		{77, 43, 10, 21, 84, 22, 77, 40, 93, 88, 19, 61, 80, 59, 74},
		{71, 23, 95, 46, 13, 77, 85, 20, 92, 35, 91, 99, 53, 65, 45},
		{40, 61, 85, 38, 25, 72, 20, 90, 69, 75, 31, 21, 82, 28, 17},
		{66, 46, 40, 87, 13, 31, 77, 87, 30, 64, 66, 17, 83, 31, 31},
		{72, 72, 50, 29, 34, 96, 69, 77, 24, 66, 79, 57, 34, 71, 80},
		{65, 45, 22, 33, 11, 80, 67, 93, 12, 40, 34, 83, 75, 17, 32},
		{49, 63, 18, 80, 48, 78, 73, 29, 95, 16, 92, 64, 89, 39, 71},
		{43, 22, 96, 67, 70, 57, 80, 86, 60, 55, 88, 32, 52, 85, 49},
		{12, 62, 37, 22, 40, 84, 83, 59, 72, 25, 72, 30, 46, 19, 50},
		{29, 78, 66, 67, 88, 43, 74, 39, 34, 17, 45, 55, 43, 61, 13},
		{20, 41, 78, 13, 24, 49, 57, 44, 58, 94, 48, 48, 63, 97, 59},
		{96, 65, 21, 56, 14, 80, 67, 29, 59, 22, 29, 56, 90, 36, 44},
		{70, 54, 63, 23, 46, 22, 85, 23, 81, 83, 46, 63, 60, 25, 40},
		{20, 92, 91, 93, 67, 43, 83, 29, 33, 33, 19, 70, 73, 75, 34},
		{86, 36, 88, 31, 60, 44, 91, 60, 39, 64, 92, 46, 69, 16, 63},
		{65, 87, 94, 79, 59, 35, 39, 65, 20, 59, 44, 71, 83, 95, 39},
		{26, 49, 55, 68, 62, 77, 15, 26, 46, 39, 36, 75, 95, 62, 38},
		{32, 73, 36, 13, 19, 34, 14, 39, 72, 66, 50, 58, 80, 56, 86}
	},
	{
		{86, 49, 49, 29, 54, 77, 36, 54, 85, 13, 32, 65, 50, 39, 95},
		{86, 64, 84, 26, 76, 42, 37, 75, 25, 53, 27, 42, 17, 28, 74},
		{74, 58, 66, 41, 13, 52, 37, 62, 53, 29, 19, 59, 74, 30, 35},
		{86, 78, 58, 89, 55, 88, 14, 78, 95, 67, 94, 41, 15, 23, 52},
		{77, 83, 18, 86, 95, 61, 64, 40, 71, 56, 36, 16, 25, 10, 41},
		{42, 48, 69, 33, 27, 20, 52, 83, 32, 94, 36, 30, 71, 68, 22},
		{34, 28, 24, 23, 59, 15, 11, 38, 49, 15, 43, 27, 41, 38, 72},
		{91, 23, 40, 85, 41, 83, 90, 43, 66, 41, 93, 89, 57, 76, 32},
		{75, 28, 72, 70, 14, 67, 45, 55, 75, 34, 42, 32, 92, 31, 47},
		{36, 79, 29, 91, 70, 61, 85, 51, 46, 48, 50, 26, 67, 68, 36},
		{29, 16, 70, 85, 63, 40, 77, 28, 59, 12, 40, 73, 58, 39, 13},
		{71, 70, 24, 29, 30, 28, 34, 22, 35, 43, 69, 58, 35, 57, 42},
		{59, 68, 34, 56, 73, 84, 68, 34, 77, 68, 63, 56, 17, 85, 99},
		{26, 53, 74, 78, 65, 48, 87, 41, 17, 79, 49, 85, 54, 77, 92},
		{44, 56, 27, 29, 37, 26, 15, 93, 55, 91, 92, 24, 38, 15, 33},
		{68, 54, 28, 59, 50, 98, 69, 55, 27, 80, 52, 18, 39, 75, 15},
		{15, 82, 77, 45, 79, 28, 53, 59, 15, 14, 46, 39, 38, 29, 37},
		{13, 76, 24, 53, 87, 93, 97, 34, 53, 50, 92, 34, 99, 67, 55},
		{45, 90, 54, 15, 75, 21, 92, 33, 24, 76, 15, 18, 45, 35, 82},
		{29, 73, 43, 16, 10, 39, 72, 13, 32, 54, 25, 19, 48, 55, 91},
		{95, 70, 83, 55, 81, 30, 29, 33, 12, 62, 41, 24, 16, 34, 97},
		{41, 26, 77, 76, 70, 77, 55, 13, 45, 28, 98, 53, 60, 47, 45},
		{16, 42, 50, 58, 73, 55, 13, 74, 82, 15, 57, 12, 66, 71, 11},
		{47, 28, 29, 42, 87, 69, 89, 95, 72, 83, 42, 96, 96, 51, 47},
		{72, 34, 11, 90, 61, 61, 56, 96, 43, 99, 86, 83, 18, 66, 62},
		{37, 71, 85, 72, 20, 58, 39, 16, 74, 46, 94, 83, 85, 10, 11},
		{24, 86, 57, 71, 71, 23, 54, 62, 31, 29, 24, 97, 75, 15, 70},
		{54, 37, 43, 18, 20, 12, 27, 71, 55, 69, 28, 10, 42, 37, 22},
		{96, 43, 79, 91, 81, 55, 70, 82, 49, 56, 31, 35, 61, 41, 49},
		{16, 78, 86, 49, 67, 61, 23, 23, 36, 94, 97, 39, 56, 37, 29},
		{46, 71, 35, 18, 13, 83, 96, 83, 28, 21, 10, 90, 12, 34, 37},
		{31, 10, 76, 95, 25, 99, 99, 98, 83, 96, 49, 99, 32, 51, 58},
		{42, 71, 77, 44, 93, 42, 42, 83, 11, 39, 77, 46, 67, 63, 73},
		{67, 44, 52, 47, 74, 92, 15, 19, 38, 90, 23, 17, 37, 33, 36},
		{98, 36, 83, 96, 80, 20, 98, 11, 25, 27, 61, 14, 26, 94, 43},
		{75, 89, 63, 19, 74, 96, 19, 50, 13, 85, 81, 85, 87, 30, 79},
		{56, 75, 25, 98, 70, 12, 25, 78, 72, 21, 41, 83, 83, 45, 20},
		{55, 81, 47, 24, 50, 79, 31, 71, 97, 27, 26, 89, 18, 53, 36},
		{95, 88, 44, 45, 62, 84, 58, 58, 81, 76, 12, 92, 81, 71, 90},
		{57, 49, 42, 38, 44, 86, 37, 87, 10, 99, 97, 93, 87, 97, 20},
		{66, 16, 23, 38, 99, 56, 63, 69, 45, 55, 19, 52, 67, 29, 60},
		{85, 92, 27, 47, 89, 72, 92, 64, 27, 12, 88, 20, 24, 23, 57},
		{30, 21, 77, 96, 20, 21, 80, 77, 25, 95, 57, 96, 25, 41, 17},
		{72, 83, 20, 58, 70, 13, 64, 69, 52, 70, 93, 21, 32, 15, 18},
		{14, 88, 94, 30, 14, 14, 29, 29, 24, 36, 84, 39, 41, 84, 63},
		{61, 22, 92, 85, 87, 37, 67, 83, 30, 88, 56, 13, 93, 33, 10},
		{29, 94, 63, 70, 73, 64, 13, 16, 15, 11, 53, 14, 85, 32, 70},
		{14, 51, 26, 62, 35, 80, 56, 31, 33, 30, 27, 37, 97, 17, 41},
		{29, 74, 40, 36, 68, 36, 31, 44, 26, 38, 94, 49, 19, 73, 61},
		{58, 42, 65, 87, 45, 95, 57, 30, 81, 35, 87, 42, 92, 54, 63},
		{94, 81, 31, 96, 34, 83, 23, 51, 37, 25, 34, 70, 33, 15, 25},
		{75, 83, 86, 48, 69, 39, 16, 89, 26, 32, 39, 52, 56, 55, 32},
		{16, 85, 45, 79, 10, 95, 17, 38, 12, 26, 84, 20, 56, 79, 74},
		{19, 23, 73, 70, 40, 31, 20, 12, 77, 17, 74, 92, 75, 25, 75},
		{43, 33, 11, 50, 35, 94, 68, 88, 56, 75, 20, 33, 51, 96, 93},
		{52, 27, 17, 16, 92, 22, 78, 19, 76, 62, 70, 20, 76, 49, 74},
		{51, 84, 76, 27, 85, 75, 60, 58, 72, 35, 10, 24, 50, 99, 17},
		{66, 69, 29, 63, 21, 43, 29, 30, 76, 21, 12, 56, 98, 59, 94},
		{73, 31, 43, 83, 18, 20, 17, 23, 58, 64, 96, 22, 64, 86, 60},
		{74, 80, 27, 20, 56, 24, 33, 63, 33, 10, 71, 25, 28, 39, 81}
	},
	{
		{43, 75, 63, 86, 57, 32, 26, 50, 97, 51, 65, 20, 53, 16, 99},
		{14, 87, 13, 83, 51, 59, 93, 77, 48, 42, 72, 34, 30, 84, 58},
		{39, 21, 83, 93, 98, 45, 80, 56, 33, 66, 26, 71, 70, 51, 97},
		{65, 59, 61, 94, 15, 83, 14, 28, 32, 37, 14, 19, 94, 14, 12},
		{32, 44, 89, 14, 13, 27, 50, 23, 61, 41, 41, 32, 98, 36, 64},
		{81, 79, 33, 48, 77, 92, 82, 85, 40, 56, 43, 22, 34, 52, 35},
		{74, 10, 78, 96, 94, 48, 97, 28, 86, 48, 48, 57, 91, 79, 23},
		{19, 17, 99, 78, 41, 14, 32, 29, 49, 97, 43, 62, 55, 37, 36},
		{14, 76, 50, 77, 96, 27, 33, 97, 58, 10, 20, 62, 65, 67, 62},
		{34, 14, 23, 49, 42, 82, 14, 42, 81, 98, 55, 81, 47, 40, 28},
		{99, 16, 79, 87, 69, 90, 71, 77, 28, 84, 95, 96, 31, 48, 99},
		{97, 66, 96, 18, 63, 20, 24, 66, 34, 59, 36, 33, 83, 31, 92},
		{86, 93, 19, 46, 83, 34, 34, 12, 64, 69, 51, 90, 85, 11, 99},
		{49, 51, 48, 25, 71, 36, 82, 59, 21, 42, 87, 84, 37, 11, 42},
		{68, 78, 46, 83, 20, 55, 59, 30, 78, 72, 55, 42, 38, 60, 81},
		{94, 54, 63, 20, 66, 88, 46, 91, 90, 13, 33, 68, 89, 67, 94},
		{28, 86, 87, 25, 50, 80, 38, 79, 36, 51, 20, 18, 13, 90, 21},
		{95, 47, 14, 36, 98, 41, 45, 37, 83, 84, 91, 10, 76, 49, 77},
		{91, 97, 13, 93, 92, 71, 24, 16, 81, 10, 34, 39, 86, 85, 23},
		{16, 61, 26, 74, 14, 46, 44, 24, 49, 41, 19, 97, 95, 85, 41},
		{50, 99, 82, 38, 28, 72, 20, 78, 84, 54, 69, 40, 88, 47, 11},
		{11, 68, 50, 21, 98, 58, 72, 13, 46, 87, 68, 53, 27, 29, 39},
		{79, 64, 55, 14, 98, 70, 15, 65, 84, 18, 49, 36, 34, 54, 43},
		{63, 54, 27, 90, 59, 58, 33, 71, 64, 71, 11, 49, 85, 89, 87},
		{53, 86, 41, 83, 32, 66, 96, 92, 59, 57, 95, 26, 10, 34, 62},
		{65, 46, 79, 68, 64, 68, 60, 48, 43, 18, 27, 59, 46, 42, 39},
		{32, 59, 24, 49, 52, 16, 31, 69, 59, 94, 23, 89, 70, 85, 50},
		{95, 54, 33, 12, 65, 90, 43, 67, 32, 56, 39, 12, 75, 88, 35},
		{96, 70, 78, 52, 17, 12, 66, 70, 58, 88, 20, 49, 45, 67, 84},
		{70, 94, 26, 92, 96, 48, 98, 33, 92, 82, 48, 44, 83, 94, 54},
		{97, 49, 52, 61, 68, 42, 90, 10, 77, 55, 61, 57, 97, 37, 61},
		{56, 63, 36, 30, 64, 49, 96, 11, 35, 80, 28, 85, 25, 66, 24},
		{14, 11, 43, 41, 74, 23, 30, 58, 51, 16, 76, 61, 58, 12, 16},
		{14, 42, 64, 40, 25, 88, 65, 48, 79, 84, 47, 14, 95, 93, 77},
		{67, 20, 73, 60, 23, 11, 17, 85, 39, 68, 93, 94, 11, 80, 89},
		{88, 85, 58, 40, 32, 12, 98, 65, 83, 26, 18, 63, 29, 47, 59},
		{34, 47, 22, 69, 95, 89, 86, 81, 11, 88, 84, 48, 20, 40, 57},
		{46, 45, 72, 84, 49, 30, 42, 55, 53, 18, 19, 40, 32, 22, 65},
		{42, 29, 95, 67, 91, 35, 74, 25, 48, 28, 47, 37, 64, 76, 50},
		{51, 51, 56, 45, 13, 17, 22, 75, 46, 23, 85, 67, 81, 39, 70},
		{56, 99, 86, 42, 96, 16, 57, 36, 95, 60, 37, 20, 59, 70, 94},
		{75, 25, 71, 87, 55, 26, 11, 22, 90, 53, 87, 33, 61, 93, 89},
		{71, 21, 38, 67, 71, 91, 54, 72, 86, 51, 93, 86, 90, 58, 49},
		{78, 41, 32, 88, 97, 76, 73, 37, 41, 62, 30, 71, 26, 76, 22},
		{34, 94, 12, 65, 30, 14, 64, 58, 56, 31, 51, 38, 91, 70, 43},
		{80, 73, 40, 22, 35, 24, 82, 39, 45, 97, 57, 47, 16, 94, 29},
		{93, 52, 77, 66, 73, 63, 60, 26, 86, 45, 57, 65, 93, 20, 23},
		{70, 97, 25, 49, 93, 41, 63, 41, 78, 28, 95, 28, 45, 97, 89},
		{42, 54, 38, 33, 41, 77, 58, 12, 80, 10, 89, 50, 73, 41, 15},
		{49, 83, 77, 23, 86, 27, 24, 24, 99, 70, 46, 78, 47, 29, 95},
		{81, 86, 93, 75, 43, 86, 78, 80, 98, 62, 62, 56, 19, 71, 64},
		{78, 79, 73, 27, 60, 60, 54, 14, 25, 29, 61, 16, 92, 50, 74},
		{26, 64, 47, 52, 54, 33, 70, 43, 38, 39, 13, 86, 84, 37, 10},
		{30, 68, 45, 70, 86, 69, 25, 44, 40, 88, 35, 49, 93, 22, 35},
		{19, 25, 81, 12, 25, 45, 78, 88, 30, 38, 63, 23, 50, 42, 66},
		{50, 33, 76, 73, 64, 60, 45, 45, 88, 65, 78, 30, 71, 56, 57},
		{37, 44, 29, 24, 74, 75, 85, 35, 58, 56, 51, 90, 41, 26, 97},
		{11, 22, 67, 48, 83, 31, 41, 64, 24, 37, 25, 51, 51, 66, 90},
		{67, 76, 52, 38, 55, 28, 71, 17, 13, 44, 60, 10, 17, 65, 97},
		{94, 29, 75, 42, 14, 16, 82, 11, 21, 92, 30, 36, 88, 80, 10}
	},
	{
		{16, 13, 55, 76, 89, 29, 50, 25, 63, 69, 26, 57, 33, 90, 66},
		{10, 31, 93, 76, 72, 84, 79, 50, 77, 77, 34, 60, 82, 20, 68},
		{35, 76, 26, 70, 86, 24, 65, 83, 45, 66, 31, 23, 24, 93, 19},
		{55, 86, 67, 75, 71, 33, 14, 43, 12, 18, 76, 64, 45, 78, 44},
		{37, 99, 26, 22, 58, 88, 60, 58, 60, 24, 17, 30, 42, 37, 50},
		{71, 70, 49, 60, 66, 95, 42, 17, 66, 68, 60, 20, 71, 16, 19},
		{97, 81, 86, 54, 40, 55, 37, 36, 45, 66, 51, 15, 29, 53, 74},
		{17, 75, 33, 93, 53, 64, 36, 70, 69, 18, 38, 67, 97, 48, 83},
		{81, 85, 53, 68, 15, 82, 72, 74, 26, 25, 42, 46, 40, 97, 90},
		{73, 16, 77, 73, 96, 10, 86, 85, 48, 45, 96, 39, 10, 38, 95},
		{79, 47, 62, 71, 28, 87, 23, 11, 44, 71, 64, 94, 92, 56, 59},
		{31, 45, 29, 52, 80, 45, 39, 81, 93, 50, 26, 43, 56, 57, 13},
		{13, 86, 58, 41, 25, 53, 71, 42, 76, 51, 36, 71, 23, 57, 90},
		{67, 30, 37, 27, 23, 26, 64, 34, 78, 42, 17, 11, 65, 43, 62},
		{69, 57, 30, 67, 71, 36, 96, 95, 65, 21, 21, 57, 89, 77, 28},
		{36, 13, 45, 49, 34, 47, 33, 58, 63, 49, 73, 45, 47, 87, 66},
		{23, 83, 95, 36, 21, 29, 22, 22, 93, 76, 29, 72, 57, 15, 78},
		{33, 46, 35, 29, 91, 35, 87, 37, 57, 17, 65, 34, 91, 52, 23},
		{71, 10, 87, 27, 21, 88, 74, 80, 59, 49, 90, 55, 34, 72, 20},
		{51, 27, 37, 22, 71, 71, 52, 28, 68, 84, 41, 32, 14, 15, 96},
		{77, 37, 40, 35, 37, 58, 68, 55, 10, 52, 87, 97, 31, 77, 64},
		{46, 98, 50, 18, 97, 11, 16, 93, 27, 28, 77, 50, 62, 88, 36},
		{55, 49, 32, 77, 31, 92, 35, 20, 67, 75, 47, 60, 59, 84, 78},
		{62, 78, 39, 59, 47, 93, 19, 18, 72, 59, 77, 36, 21, 39, 61},
		{98, 89, 30, 26, 81, 17, 33, 24, 47, 84, 98, 60, 52, 33, 66},
		{88, 76, 47, 36, 42, 91, 38, 56, 18, 33, 78, 70, 47, 33, 64},
		{59, 49, 27, 98, 27, 14, 10, 67, 67, 55, 92, 35, 52, 58, 81},
		{76, 38, 40, 15, 44, 96, 34, 41, 57, 20, 68, 39, 44, 12, 99},
		{46, 93, 86, 67, 46, 91, 82, 50, 80, 92, 85, 72, 96, 80, 59},
		{94, 17, 66, 86, 71, 79, 27, 40, 87, 15, 60, 45, 12, 76, 84},
		{22, 69, 33, 80, 66, 87, 57, 33, 74, 33, 80, 98, 30, 86, 31},
		{25, 44, 92, 13, 42, 92, 92, 12, 80, 24, 56, 60, 91, 57, 62},
		{19, 98, 39, 63, 85, 41, 13, 65, 65, 98, 46, 43, 28, 26, 12},
		{17, 13, 98, 88, 90, 87, 85, 36, 91, 16, 61, 66, 14, 45, 63},
		{87, 17, 36, 14, 12, 92, 47, 15, 14, 46, 67, 98, 85, 45, 64},
		{92, 32, 18, 24, 18, 92, 43, 90, 82, 40, 78, 57, 27, 19, 99},
		{50, 43, 51, 71, 86, 69, 82, 39, 28, 18, 65, 95, 84, 45, 98},
		{56, 48, 57, 49, 88, 89, 91, 10, 81, 68, 55, 66, 52, 36, 46},
		{71, 70, 65, 93, 60, 26, 96, 81, 89, 83, 40, 66, 93, 94, 37},
		{88, 16, 74, 94, 23, 77, 57, 22, 57, 44, 86, 88, 59, 12, 59},
		{48, 52, 38, 24, 98, 11, 97, 54, 99, 97, 59, 86, 43, 31, 34},
		{99, 86, 63, 61, 72, 38, 79, 21, 78, 92, 62, 81, 58, 59, 88},
		{25, 15, 27, 69, 53, 96, 30, 13, 73, 77, 10, 11, 42, 79, 59},
		{29, 61, 76, 17, 19, 93, 36, 12, 53, 97, 52, 78, 70, 48, 59},
		{98, 50, 59, 59, 28, 79, 86, 92, 96, 41, 21, 92, 10, 80, 27},
		{60, 79, 96, 47, 96, 30, 23, 35, 96, 28, 57, 42, 34, 28, 12},
		{41, 80, 27, 30, 81, 41, 20, 67, 27, 73, 21, 48, 83, 87, 39},
		{97, 12, 40, 33, 27, 59, 60, 59, 86, 55, 22, 99, 95, 41, 64},
		{31, 42, 17, 46, 75, 81, 44, 61, 14, 50, 14, 39, 10, 76, 22},
		{93, 74, 12, 27, 30, 47, 66, 15, 48, 46, 30, 60, 81, 10, 74},
		{53, 40, 85, 63, 81, 50, 58, 61, 14, 10, 35, 74, 49, 47, 63},
		{75, 40, 70, 34, 56, 60, 56, 62, 76, 21, 48, 17, 14, 63, 84},
		{23, 43, 71, 42, 18, 73, 62, 18, 89, 42, 57, 12, 26, 85, 96},
		{75, 14, 57, 73, 83, 54, 43, 85, 74, 51, 86, 50, 22, 45, 39},
		{23, 26, 21, 13, 51, 17, 74, 90, 18, 37, 84, 46, 92, 67, 46},
		{41, 22, 27, 32, 43, 87, 87, 29, 47, 58, 44, 88, 94, 13, 72},
		{61, 52, 27, 36, 47, 25, 16, 96, 83, 14, 62, 86, 34, 27, 73},
		{83, 67, 58, 97, 47, 78, 39, 33, 33, 53, 72, 46, 34, 28, 48},
		{13, 93, 41, 25, 27, 30, 75, 55, 89, 71, 32, 48, 83, 60, 77},
		{25, 76, 19, 64, 82, 78, 99, 44, 28, 12, 41, 91, 90, 29, 22}
	},
	{
		{97, 90, 23, 37, 87, 13, 51, 84, 28, 57, 50, 13, 87, 93, 97},
		{87, 56, 91, 44, 24, 95, 22, 91, 35, 17, 24, 89, 19, 26, 29},
		{43, 50, 52, 18, 88, 28, 86, 52, 69, 13, 35, 16, 38, 25, 60},
		{49, 84, 35, 51, 13, 53, 91, 18, 47, 20, 20, 82, 79, 31, 98},
		{49, 61, 65, 77, 66, 33, 27, 88, 77, 39, 27, 95, 93, 23, 20},
		{64, 93, 44, 21, 61, 87, 52, 61, 19, 32, 40, 63, 96, 73, 80},
		{54, 82, 29, 81, 18, 42, 75, 22, 91, 54, 89, 34, 74, 88, 51},
		{32, 31, 11, 13, 10, 64, 40, 83, 60, 93, 67, 96, 53, 63, 60},
		{93, 13, 96, 19, 32, 69, 10, 36, 34, 28, 11, 92, 40, 29, 24},
		{91, 68, 23, 38, 48, 96, 46, 67, 91, 43, 57, 18, 64, 32, 23},
		{88, 56, 58, 29, 57, 13, 54, 74, 87, 33, 10, 54, 63, 13, 61},
		{78, 63, 86, 96, 82, 89, 69, 17, 97, 98, 21, 96, 51, 48, 63},
		{76, 33, 47, 25, 53, 53, 34, 24, 54, 61, 77, 34, 79, 70, 17},
		{59, 68, 56, 21, 74, 70, 65, 18, 90, 39, 94, 81, 98, 49, 42},
		{29, 88, 21, 73, 12, 27, 47, 65, 31, 48, 35, 51, 19, 30, 45},
		{15, 33, 17, 60, 61, 25, 15, 30, 53, 14, 12, 12, 18, 42, 72},
		{52, 72, 49, 71, 87, 26, 66, 27, 29, 72, 94, 88, 43, 21, 28},
		{12, 55, 61, 62, 67, 61, 50, 15, 71, 40, 62, 63, 92, 92, 78},
		{55, 85, 89, 95, 67, 54, 82, 94, 29, 98, 89, 95, 91, 92, 97},
		{19, 99, 87, 29, 95, 26, 56, 16, 58, 44, 60, 92, 94, 18, 43},
		{73, 38, 37, 54, 31, 50, 89, 62, 54, 69, 28, 30, 26, 48, 14},
		{49, 59, 25, 51, 84, 63, 11, 93, 98, 23, 47, 93, 95, 39, 45},
		{19, 38, 15, 67, 38, 47, 58, 94, 98, 25, 19, 92, 60, 61, 20},
		{83, 61, 63, 33, 84, 41, 82, 72, 18, 58, 10, 16, 15, 80, 40},
		{58, 95, 28, 21, 43, 76, 54, 54, 54, 24, 80, 80, 19, 34, 28},
		{11, 23, 18, 80, 85, 51, 24, 79, 88, 40, 48, 21, 49, 49, 55},
		{64, 28, 61, 15, 32, 83, 25, 35, 73, 78, 98, 81, 23, 32, 74},
		{14, 97, 42, 99, 41, 39, 79, 42, 18, 99, 96, 84, 52, 93, 53},
		{65, 28, 55, 36, 35, 96, 61, 55, 87, 93, 10, 21, 64, 58, 12},
		{20, 93, 67, 91, 73, 69, 19, 75, 47, 50, 15, 86, 64, 45, 25},
		{98, 47, 32, 11, 24, 46, 11, 28, 46, 10, 26, 91, 46, 14, 40},
		{89, 18, 14, 58, 73, 94, 52, 48, 71, 14, 64, 14, 33, 34, 51},
		{60, 15, 59, 20, 77, 40, 15, 17, 26, 73, 18, 18, 83, 40, 79},
		{91, 80, 74, 41, 80, 61, 51, 13, 47, 79, 51, 27, 50, 59, 64},
		{86, 11, 52, 88, 70, 15, 31, 79, 22, 86, 37, 79, 51, 39, 80},
		{17, 45, 30, 93, 42, 33, 35, 21, 17, 59, 91, 32, 74, 99, 20},
		{23, 62, 20, 14, 60, 73, 52, 60, 94, 84, 90, 12, 76, 27, 66},
		{31, 45, 17, 84, 62, 98, 32, 86, 97, 95, 55, 46, 77, 47, 80},
		{34, 17, 55, 85, 29, 34, 17, 75, 80, 66, 37, 73, 48, 32, 45},
		{49, 58, 90, 55, 82, 79, 91, 45, 29, 82, 84, 52, 20, 30, 10},
		{65, 81, 40, 52, 35, 71, 54, 59, 57, 68, 32, 53, 99, 27, 20},
		{71, 34, 75, 16, 59, 89, 30, 82, 99, 80, 19, 44, 56, 72, 96},
		{93, 19, 95, 68, 24, 49, 88, 68, 63, 59, 88, 10, 36, 76, 69},
		{52, 23, 86, 13, 60, 41, 53, 28, 98, 79, 40, 55, 50, 32, 35},
		{43, 67, 87, 96, 74, 60, 82, 88, 59, 22, 96, 53, 39, 91, 88},
		{24, 84, 63, 47, 67, 41, 80, 78, 15, 60, 34, 91, 62, 89, 61},
		{27, 22, 81, 56, 35, 34, 60, 16, 67, 34, 96, 35, 49, 69, 69},
		{65, 85, 50, 82, 39, 46, 86, 24, 19, 92, 80, 74, 84, 69, 22},
		{31, 55, 98, 35, 17, 43, 91, 97, 32, 44, 62, 27, 53, 68, 17},
		{74, 80, 58, 81, 81, 14, 51, 27, 47, 33, 81, 56, 32, 57, 77},
		{33, 46, 10, 19, 97, 62, 89, 35, 78, 40, 25, 84, 92, 60, 17},
		{31, 98, 58, 72, 48, 59, 48, 14, 96, 43, 41, 70, 87, 49, 49},
		{58, 73, 32, 12, 36, 63, 19, 15, 29, 11, 36, 11, 11, 29, 33},
		{91, 46, 20, 83, 98, 85, 39, 92, 17, 82, 59, 43, 19, 89, 50},
		{81, 51, 95, 12, 13, 75, 70, 53, 80, 85, 25, 90, 10, 94, 15},
		{30, 16, 29, 36, 83, 25, 45, 47, 73, 13, 22, 21, 75, 82, 76},
		{75, 47, 36, 75, 36, 87, 59, 39, 84, 42, 25, 51, 17, 14, 19},
		{18, 47, 74, 24, 89, 20, 78, 33, 65, 54, 83, 58, 96, 44, 55},
		{16, 66, 68, 41, 50, 37, 89, 46, 65, 42, 94, 48, 44, 14, 76},
		{77, 93, 18, 92, 97, 37, 61, 11, 94, 92, 13, 87, 22, 54, 56}
	},
	{
		{73, 81, 93, 76, 92, 74, 99, 81, 42, 59, 23, 80, 16, 88, 83},
		{95, 38, 17, 32, 13, 59, 24, 94, 27, 67, 69, 19, 83, 41, 39},
		{50, 45, 14, 24, 34, 27, 98, 74, 56, 93, 99, 66, 10, 98, 77},
		{93, 66, 30, 91, 83, 25, 55, 53, 31, 53, 19, 97, 44, 92, 76},
		{95, 92, 95, 27, 72, 77, 11, 28, 29, 66, 62, 13, 57, 89, 18},
		{90, 48, 36, 93, 40, 12, 42, 36, 76, 85, 60, 74, 99, 89, 72},
		{76, 65, 30, 89, 67, 13, 69, 47, 29, 64, 84, 63, 59, 58, 89},
		{50, 38, 12, 16, 89, 75, 54, 74, 58, 40, 19, 91, 73, 88, 72},
		{86, 12, 43, 83, 49, 62, 49, 34, 30, 12, 75, 87, 82, 78, 47},
		{46, 22, 56, 67, 99, 49, 59, 27, 51, 77, 41, 34, 63, 48, 67},
		{80, 31, 18, 80, 15, 49, 20, 76, 84, 75, 94, 56, 48, 42, 83},
		{44, 84, 13, 26, 57, 76, 15, 19, 65, 40, 72, 15, 98, 56, 99},
		{40, 54, 34, 58, 67, 39, 93, 16, 57, 87, 75, 32, 65, 74, 92},
		{57, 67, 77, 37, 56, 68, 11, 48, 86, 81, 92, 90, 10, 21, 93},
		{10, 95, 16, 57, 14, 77, 82, 91, 77, 21, 45, 51, 33, 41, 72},
		{98, 43, 85, 68, 14, 33, 48, 49, 22, 12, 75, 27, 31, 61, 49},
		{53, 74, 16, 67, 72, 27, 19, 13, 13, 21, 17, 16, 97, 71, 33},
		{42, 63, 92, 57, 50, 67, 63, 64, 25, 86, 16, 84, 89, 55, 17},
		{25, 38, 33, 91, 72, 91, 62, 61, 19, 41, 81, 79, 63, 58, 65},
		{96, 10, 49, 97, 77, 66, 61, 30, 47, 53, 85, 28, 72, 57, 62},
		{69, 55, 88, 57, 33, 77, 31, 98, 84, 93, 30, 99, 50, 62, 76},
		{48, 68, 85, 44, 66, 37, 20, 93, 17, 53, 31, 10, 46, 31, 55},
		{79, 80, 38, 25, 15, 24, 98, 87, 70, 62, 56, 65, 74, 18, 97},
		{79, 90, 96, 97, 59, 67, 29, 72, 15, 90, 26, 83, 56, 67, 37},
		{28, 77, 57, 97, 78, 38, 82, 46, 57, 43, 84, 40, 52, 10, 76},
		{93, 10, 34, 74, 99, 88, 29, 53, 17, 58, 98, 85, 47, 88, 59},
		{77, 95, 68, 39, 16, 30, 79, 98, 73, 94, 58, 67, 54, 74, 95},
		{23, 41, 90, 93, 68, 50, 65, 51, 91, 87, 83, 77, 99, 84, 18},
		{28, 79, 43, 71, 42, 64, 86, 74, 61, 67, 42, 92, 46, 50, 43},
		{11, 31, 15, 32, 40, 54, 75, 45, 68, 48, 51, 77, 61, 91, 35},
		{84, 86, 37, 10, 80, 38, 13, 11, 89, 84, 53, 51, 63, 37, 53},
		{78, 51, 87, 88, 58, 75, 99, 84, 88, 99, 61, 64, 78, 46, 36},
		{16, 13, 42, 29, 49, 82, 80, 56, 33, 49, 92, 21, 10, 27, 64},
		{89, 20, 69, 29, 17, 35, 85, 67, 80, 77, 85, 69, 24, 54, 81},
		{50, 74, 70, 46, 28, 44, 28, 12, 52, 26, 72, 21, 44, 86, 52},
		{82, 36, 72, 23, 24, 23, 25, 10, 27, 82, 48, 18, 83, 63, 32},
		{88, 19, 57, 45, 57, 60, 42, 76, 69, 33, 80, 22, 13, 27, 58},
		{56, 95, 83, 63, 44, 73, 56, 76, 17, 47, 90, 77, 99, 15, 74},
		{46, 23, 41, 78, 65, 77, 15, 64, 47, 84, 68, 30, 20, 78, 80},
		{86, 79, 96, 71, 14, 46, 48, 31, 12, 40, 36, 36, 74, 85, 74},
		{95, 76, 49, 86, 24, 60, 87, 12, 51, 88, 40, 21, 71, 18, 25},
		{85, 72, 93, 18, 42, 27, 28, 80, 41, 78, 78, 88, 84, 17, 46},
		{74, 48, 25, 84, 36, 22, 89, 47, 36, 24, 58, 80, 92, 25, 97},
		{64, 33, 22, 61, 24, 15, 72, 27, 78, 27, 73, 90, 79, 80, 42},
		{75, 89, 71, 85, 32, 45, 54, 22, 56, 43, 16, 19, 33, 52, 89},
		{81, 75, 37, 63, 12, 47, 86, 89, 74, 37, 64, 77, 42, 86, 30},
		{90, 41, 25, 89, 69, 21, 10, 63, 31, 64, 12, 48, 43, 41, 82},
		{35, 15, 77, 59, 59, 51, 72, 36, 99, 95, 91, 21, 36, 97, 67},
		{30, 41, 40, 51, 36, 91, 25, 74, 89, 99, 17, 64, 91, 24, 93},
		{13, 42, 15, 13, 61, 61, 17, 59, 12, 22, 97, 96, 88, 55, 11},
		{42, 77, 60, 19, 85, 31, 22, 51, 87, 51, 27, 59, 69, 31, 97},
		{84, 31, 85, 83, 31, 51, 28, 29, 54, 40, 83, 11, 81, 89, 98},
		{74, 27, 74, 68, 81, 53, 87, 30, 75, 81, 43, 97, 35, 62, 38},
		{40, 19, 59, 47, 46, 13, 14, 80, 79, 98, 26, 11, 73, 67, 29},
		{27, 46, 12, 24, 69, 10, 53, 25, 84, 80, 64, 66, 38, 71, 38},
		{87, 96, 56, 33, 94, 17, 60, 38, 13, 59, 66, 12, 17, 38, 78},
		{92, 39, 40, 86, 31, 66, 57, 98, 98, 97, 54, 77, 33, 96, 60},
		{65, 36, 28, 94, 84, 30, 12, 24, 95, 77, 63, 33, 63, 36, 68},
		{58, 79, 40, 35, 33, 96, 47, 90, 65, 39, 38, 45, 91, 80, 17},
		{34, 26, 24, 41, 73, 98, 26, 87, 68, 64, 87, 94, 64, 79, 10}
	},
	{
		{82, 58, 11, 78, 30, 66, 53, 15, 60, 12, 56, 72, 20, 82, 47},
		{32, 37, 57, 89, 20, 44, 59, 89, 12, 16, 84, 16, 56, 91, 55},
		{79, 19, 11, 93, 57, 69, 80, 94, 18, 94, 51, 31, 72, 93, 79},
		{97, 57, 89, 40, 71, 18, 15, 69, 53, 47, 44, 70, 83, 26, 80},
		{34, 36, 10, 98, 68, 98, 27, 18, 37, 86, 79, 52, 84, 49, 35},
		{39, 78, 25, 76, 81, 55, 21, 32, 34, 35, 96, 84, 39, 13, 50},
		{91, 55, 50, 93, 88, 83, 18, 39, 81, 92, 98, 17, 80, 99, 52},
		{84, 31, 21, 92, 83, 25, 36, 34, 39, 82, 50, 45, 59, 78, 50},
		{27, 23, 78, 22, 15, 91, 87, 71, 91, 84, 56, 92, 45, 54, 58},
		{79, 60, 79, 28, 26, 22, 29, 31, 88, 44, 77, 54, 55, 48, 75},
		{35, 46, 81, 13, 50, 73, 51, 64, 37, 43, 51, 85, 16, 73, 62},
		{23, 23, 70, 68, 47, 48, 98, 44, 87, 33, 92, 55, 34, 15, 84},
		{67, 95, 53, 36, 83, 67, 37, 95, 13, 92, 12, 30, 96, 59, 42},
		{39, 59, 91, 38, 41, 91, 83, 45, 67, 43, 27, 63, 12, 43, 20},
		{87, 98, 52, 62, 86, 83, 20, 47, 75, 40, 91, 60, 74, 55, 41},
		{61, 73, 67, 14, 80, 18, 96, 49, 52, 57, 59, 89, 22, 40, 41},
		{83, 63, 78, 90, 88, 25, 86, 41, 63, 36, 23, 34, 27, 59, 84},
		{77, 27, 57, 45, 49, 65, 69, 22, 89, 56, 64, 86, 22, 51, 62},
		{37, 14, 37, 22, 15, 82, 79, 48, 41, 12, 49, 25, 85, 12, 59},
		{61, 64, 54, 39, 24, 69, 55, 74, 98, 50, 86, 88, 57, 53, 29},
		{40, 24, 81, 35, 10, 99, 46, 56, 32, 10, 37, 83, 44, 33, 28},
		{60, 72, 28, 19, 40, 37, 78, 87, 93, 54, 53, 86, 21, 93, 80},
		{84, 27, 34, 18, 70, 95, 78, 85, 59, 13, 85, 57, 65, 96, 14},
		{10, 84, 90, 30, 14, 37, 86, 27, 36, 21, 81, 74, 26, 31, 82},
		{99, 18, 18, 39, 49, 19, 53, 13, 99, 72, 43, 85, 57, 97, 32},
		{83, 65, 99, 53, 96, 53, 10, 25, 10, 39, 76, 54, 22, 80, 41},
		{68, 26, 25, 54, 65, 33, 12, 61, 20, 52, 98, 86, 81, 67, 77},
		{65, 83, 16, 53, 48, 29, 11, 26, 28, 34, 62, 17, 69, 44, 33},
		{20, 81, 41, 18, 67, 63, 82, 84, 63, 19, 70, 84, 26, 44, 66},
		{45, 26, 64, 35, 82, 11, 78, 47, 82, 60, 52, 90, 91, 87, 21},
		{72, 95, 13, 34, 13, 91, 26, 96, 81, 53, 63, 31, 39, 18, 99},
		{27, 30, 82, 49, 45, 59, 72, 16, 81, 65, 18, 50, 30, 82, 48},
		{38, 26, 96, 93, 73, 66, 71, 85, 22, 23, 45, 30, 47, 27, 21},
		{90, 41, 17, 48, 70, 91, 72, 19, 72, 75, 51, 89, 89, 57, 83},
		{20, 93, 26, 93, 96, 67, 91, 22, 14, 24, 28, 69, 14, 76, 86},
		{87, 77, 65, 30, 24, 36, 51, 96, 13, 82, 95, 27, 44, 91, 80},
		{97, 96, 79, 29, 74, 57, 21, 36, 68, 28, 61, 30, 74, 23, 46},
		{10, 77, 57, 72, 41, 37, 74, 16, 82, 64, 78, 89, 51, 17, 95},
		{73, 21, 93, 85, 28, 85, 71, 91, 60, 21, 73, 35, 53, 35, 70},
		{44, 17, 57, 45, 15, 22, 51, 65, 85, 78, 29, 18, 96, 52, 53},
		{54, 95, 38, 71, 80, 91, 24, 22, 82, 99, 24, 63, 87, 25, 18},
		{26, 46, 88, 33, 91, 29, 99, 27, 25, 23, 32, 42, 61, 72, 50},
		{45, 52, 49, 23, 40, 35, 87, 46, 89, 86, 60, 62, 76, 83, 86},
		{40, 28, 11, 94, 31, 72, 42, 11, 53, 54, 75, 51, 81, 31, 26},
		{78, 30, 65, 28, 54, 79, 11, 10, 60, 89, 88, 48, 73, 58, 42},
		{70, 42, 91, 70, 29, 12, 12, 44, 92, 22, 52, 95, 10, 26, 63},
		{11, 14, 64, 26, 19, 48, 58, 93, 16, 96, 23, 55, 73, 44, 45},
		{81, 15, 89, 71, 20, 73, 92, 23, 79, 10, 64, 15, 90, 61, 23},
		{78, 24, 78, 66, 41, 41, 16, 13, 18, 73, 84, 60, 74, 78, 99},
		{16, 55, 54, 65, 65, 73, 53, 29, 57, 61, 81, 18, 64, 14, 97},
		{49, 32, 63, 11, 77, 48, 21, 67, 78, 51, 22, 92, 20, 36, 61},
		{13, 17, 61, 52, 35, 20, 62, 16, 45, 40, 22, 72, 71, 40, 34},
		{82, 86, 39, 53, 60, 23, 50, 95, 81, 75, 65, 17, 97, 35, 32},
		{95, 61, 51, 79, 23, 93, 41, 55, 10, 73, 76, 35, 75, 70, 90},
		{20, 70, 85, 65, 97, 43, 67, 17, 75, 17, 24, 81, 60, 32, 32},
		{88, 27, 91, 35, 63, 55, 75, 49, 21, 86, 26, 75, 18, 77, 66},
		{12, 14, 75, 82, 81, 64, 44, 20, 42, 10, 55, 43, 10, 94, 44},
		{58, 15, 79, 94, 87, 24, 86, 71, 25, 61, 57, 63, 58, 70, 16},
		{44, 49, 66, 55, 55, 61, 99, 83, 21, 50, 77, 16, 29, 86, 79},
		{11, 57, 62, 96, 66, 68, 13, 31, 17, 98, 26, 79, 14, 33, 16}
	},
	{
		{20, 83, 11, 26, 15, 93, 17, 54, 31, 79, 41, 42, 14, 75, 38},
		{75, 93, 92, 71, 73, 40, 13, 24, 95, 62, 98, 20, 33, 42, 86},
		{28, 96, 69, 36, 88, 47, 95, 27, 60, 18, 54, 24, 53, 29, 11},
		{21, 28, 89, 41, 32, 12, 35, 23, 44, 67, 95, 79, 46, 94, 79},
		{81, 85, 44, 39, 49, 83, 86, 12, 73, 48, 44, 81, 70, 93, 97},
		{20, 68, 39, 70, 36, 85, 47, 66, 90, 88, 72, 63, 87, 21, 66},
		{80, 63, 82, 81, 81, 76, 96, 31, 87, 64, 48, 20, 85, 94, 47},
		{14, 16, 79, 49, 22, 19, 75, 47, 78, 25, 12, 51, 53, 83, 59},
		{91, 61, 82, 42, 42, 91, 23, 29, 71, 85, 78, 38, 47, 33, 42},
		{21, 77, 51, 29, 75, 10, 73, 48, 98, 84, 85, 46, 83, 10, 19},
		{52, 30, 78, 15, 60, 22, 75, 86, 78, 63, 42, 86, 29, 37, 11},
		{39, 27, 85, 44, 74, 79, 72, 84, 48, 46, 77, 24, 36, 77, 79},
		{20, 99, 96, 64, 23, 85, 25, 15, 46, 13, 90, 61, 66, 74, 62},
		{92, 15, 49, 51, 33, 92, 80, 80, 47, 37, 51, 37, 41, 30, 49},
		{24, 61, 47, 79, 70, 14, 59, 24, 91, 51, 96, 32, 43, 74, 46},
		{86, 86, 18, 94, 85, 83, 29, 34, 74, 66, 55, 53, 72, 27, 33},
		{68, 39, 75, 29, 92, 20, 15, 64, 69, 38, 51, 96, 13, 30, 93},
		{16, 63, 14, 66, 24, 56, 41, 37, 29, 56, 33, 11, 27, 78, 68},
		{67, 81, 96, 43, 15, 23, 53, 48, 47, 21, 36, 62, 45, 77, 54},
		{54, 34, 32, 22, 49, 15, 50, 12, 32, 44, 86, 40, 71, 70, 51},
		{43, 60, 97, 47, 41, 81, 70, 83, 26, 99, 46, 70, 89, 68, 96},
		{94, 76, 48, 54, 45, 67, 95, 96, 81, 86, 75, 42, 38, 75, 51},
		{71, 88, 63, 34, 40, 58, 34, 42, 36, 55, 98, 86, 51, 39, 96},
		{63, 85, 87, 64, 95, 57, 98, 56, 43, 80, 90, 43, 28, 59, 70},
		{65, 20, 57, 67, 17, 19, 72, 45, 46, 95, 38, 40, 67, 98, 62},
		{80, 67, 23, 65, 85, 69, 95, 40, 22, 22, 58, 90, 87, 71, 39},
		{45, 46, 67, 16, 83, 67, 95, 52, 21, 35, 71, 76, 88, 30, 14},
		{79, 33, 79, 46, 39, 82, 23, 74, 90, 17, 74, 77, 42, 65, 35},
		{31, 73, 98, 16, 55, 10, 12, 28, 44, 40, 59, 49, 65, 81, 29},
		{48, 19, 19, 91, 92, 68, 47, 62, 71, 32, 65, 47, 95, 13, 28},
		{26, 56, 40, 14, 58, 85, 12, 62, 78, 61, 23, 19, 53, 45, 36},
		{32, 89, 23, 37, 46, 13, 90, 12, 78, 10, 90, 79, 81, 85, 45},
		{76, 62, 94, 26, 32, 39, 64, 55, 33, 67, 20, 29, 92, 68, 13},
		{63, 64, 95, 63, 23, 60, 72, 10, 92, 92, 83, 99, 27, 38, 76},
		{42, 28, 24, 56, 67, 38, 70, 20, 51, 32, 74, 49, 27, 78, 89},
		{63, 59, 37, 49, 84, 26, 52, 28, 20, 10, 64, 74, 25, 20, 56},
		{58, 71, 99, 46, 17, 59, 44, 72, 31, 69, 52, 30, 66, 34, 48},
		{59, 22, 50, 76, 15, 37, 20, 56, 40, 76, 75, 85, 75, 43, 95},
		{67, 89, 21, 73, 53, 84, 19, 35, 22, 17, 32, 49, 10, 76, 69},
		{44, 24, 64, 43, 68, 89, 92, 10, 27, 31, 66, 71, 41, 74, 77},
		{53, 24, 21, 82, 67, 42, 53, 45, 84, 15, 40, 67, 81, 71, 29},
		{47, 82, 78, 10, 91, 67, 34, 87, 36, 29, 81, 24, 88, 19, 13},
		{40, 27, 31, 85, 54, 11, 33, 63, 59, 97, 55, 24, 69, 39, 96},
		{11, 96, 64, 61, 39, 26, 76, 81, 42, 49, 84, 53, 56, 98, 55},
		{16, 80, 26, 98, 17, 90, 83, 33, 88, 79, 63, 27, 33, 29, 64},
		{33, 65, 23, 41, 40, 50, 98, 56, 19, 22, 28, 56, 17, 72, 80},
		{37, 50, 88, 70, 12, 13, 17, 72, 94, 62, 17, 50, 46, 37, 97},
		{18, 64, 19, 33, 69, 12, 77, 86, 50, 53, 84, 56, 43, 61, 57},
		{28, 30, 26, 94, 10, 83, 25, 42, 55, 69, 18, 57, 70, 73, 19},
		{86, 29, 11, 44, 90, 12, 16, 38, 21, 65, 10, 26, 70, 72, 15},
		{14, 82, 42, 64, 63, 80, 27, 37, 96, 33, 77, 52, 78, 28, 43},
		{31, 25, 79, 41, 89, 40, 69, 43, 76, 78, 99, 29, 98, 92, 13},
		{99, 91, 69, 14, 92, 43, 29, 44, 26, 80, 45, 26, 87, 34, 15},
		{39, 10, 30, 68, 56, 77, 54, 70, 56, 95, 51, 82, 75, 23, 84},
		{28, 50, 76, 77, 78, 14, 22, 26, 65, 49, 97, 18, 23, 15, 33},
		{13, 97, 41, 79, 89, 78, 43, 36, 85, 18, 88, 83, 14, 76, 88},
		{18, 53, 69, 42, 12, 84, 15, 97, 62, 58, 85, 51, 76, 27, 82},
		{99, 13, 73, 88, 53, 61, 46, 86, 55, 42, 14, 79, 20, 58, 80},
		{19, 58, 69, 91, 75, 63, 69, 93, 59, 58, 96, 97, 65, 47, 62},
		{47, 13, 95, 31, 85, 49, 73, 95, 26, 46, 64, 62, 85, 59, 82}
	},
	{
		{93, 19, 38, 14, 69, 73, 27, 78, 91, 10, 65, 24, 77, 13, 92},
		{15, 33, 54, 80, 22, 35, 80, 72, 58, 92, 25, 78, 40, 10, 74},
		{99, 76, 92, 13, 14, 79, 73, 35, 87, 66, 24, 94, 27, 80, 52},
		{85, 70, 27, 52, 35, 93, 50, 30, 60, 98, 35, 59, 19, 35, 70},
		{94, 74, 19, 76, 84, 11, 77, 49, 29, 26, 48, 76, 85, 88, 14},
		{52, 63, 37, 78, 35, 67, 14, 40, 97, 53, 40, 12, 12, 53, 42},
		{48, 93, 47, 88, 43, 52, 72, 61, 21, 47, 81, 75, 24, 46, 35},
		{98, 72, 26, 86, 77, 96, 26, 17, 87, 62, 43, 56, 95, 28, 18},
		{55, 25, 61, 91, 38, 53, 47, 58, 28, 24, 59, 89, 20, 44, 23},
		{86, 75, 49, 18, 90, 30, 53, 43, 70, 42, 60, 97, 59, 40, 43},
		{98, 93, 83, 33, 75, 70, 50, 77, 25, 62, 34, 57, 51, 36, 44},
		{56, 29, 78, 17, 35, 88, 37, 46, 11, 20, 84, 67, 46, 43, 75},
		{45, 77, 44, 97, 30, 15, 27, 14, 59, 84, 40, 31, 62, 10, 39},
		{31, 81, 62, 12, 38, 88, 34, 41, 22, 13, 47, 33, 58, 35, 43},
		{93, 38, 74, 14, 71, 16, 13, 65, 26, 50, 36, 83, 53, 87, 12},
		{46, 96, 98, 79, 81, 82, 10, 62, 28, 61, 23, 76, 61, 76, 73},
		{92, 95, 30, 64, 86, 52, 99, 10, 11, 66, 70, 32, 14, 55, 29},
		{81, 44, 99, 71, 41, 33, 27, 39, 31, 61, 96, 77, 80, 83, 11},
		{27, 12, 63, 32, 65, 10, 53, 70, 70, 15, 23, 32, 96, 16, 53},
		{94, 83, 16, 91, 48, 36, 85, 15, 56, 17, 41, 77, 88, 12, 35},
		{26, 98, 41, 27, 15, 34, 48, 79, 44, 18, 76, 70, 12, 69, 80},
		{91, 40, 97, 71, 59, 95, 47, 52, 65, 21, 23, 83, 65, 98, 17},
		{12, 45, 26, 52, 80, 82, 73, 72, 72, 44, 97, 25, 51, 66, 16},
		{87, 57, 72, 86, 97, 98, 55, 64, 51, 95, 79, 40, 70, 38, 87},
		{30, 57, 59, 39, 87, 55, 41, 43, 39, 87, 78, 43, 85, 76, 52},
		{90, 78, 51, 28, 38, 83, 44, 79, 71, 54, 65, 21, 85, 99, 38},
		{81, 11, 71, 73, 45, 59, 24, 69, 31, 76, 90, 51, 81, 14, 49},
		{86, 78, 77, 30, 73, 45, 88, 20, 63, 66, 84, 91, 61, 75, 44},
		{60, 41, 79, 79, 65, 72, 64, 65, 29, 72, 10, 31, 20, 67, 99},
		{34, 72, 16, 93, 69, 43, 91, 41, 31, 79, 78, 71, 87, 33, 23},
		{87, 38, 93, 52, 86, 38, 37, 46, 45, 28, 17, 43, 21, 30, 85},
		{67, 83, 52, 86, 52, 25, 11, 53, 22, 36, 16, 57, 91, 88, 55},
		{81, 36, 25, 45, 75, 29, 71, 39, 92, 54, 45, 10, 44, 14, 60},
		{96, 92, 40, 52, 12, 11, 31, 84, 46, 13, 92, 56, 42, 70, 28},
		{75, 89, 13, 98, 69, 14, 73, 46, 14, 37, 46, 83, 89, 19, 23},
		{90, 45, 50, 50, 91, 15, 89, 23, 96, 31, 73, 12, 43, 61, 96},
		{88, 25, 72, 60, 54, 82, 29, 86, 89, 16, 44, 89, 96, 27, 55},
		{95, 73, 69, 29, 29, 89, 76, 88, 46, 53, 58, 45, 75, 20, 23},
		{91, 91, 83, 28, 56, 73, 20, 78, 58, 79, 83, 67, 85, 77, 65},
		{12, 57, 16, 57, 68, 28, 24, 51, 94, 54, 13, 76, 47, 90, 99},
		{61, 57, 41, 69, 53, 45, 44, 28, 67, 51, 50, 74, 64, 46, 28},
		{34, 88, 48, 38, 81, 61, 33, 74, 93, 73, 22, 71, 56, 64, 98},
		{26, 47, 46, 18, 11, 60, 81, 89, 29, 24, 71, 30, 59, 37, 67},
		{15, 50, 83, 28, 23, 61, 49, 67, 44, 79, 89, 19, 17, 38, 69},
		{59, 84, 30, 95, 46, 52, 27, 18, 75, 77, 13, 64, 67, 35, 96},
		{66, 73, 56, 68, 85, 74, 63, 90, 88, 55, 71, 47, 20, 35, 53},
		{30, 57, 37, 37, 27, 22, 66, 87, 84, 37, 76, 66, 32, 10, 33},
		{26, 93, 28, 95, 75, 92, 16, 74, 95, 17, 37, 99, 74, 48, 93},
		{33, 22, 41, 86, 31, 25, 12, 91, 44, 57, 19, 27, 71, 57, 87},
		{47, 89, 35, 18, 31, 36, 56, 58, 38, 27, 47, 79, 63, 99, 75},
		{95, 22, 67, 75, 86, 22, 63, 44, 86, 82, 66, 16, 63, 31, 66},
		{82, 48, 13, 94, 44, 43, 66, 24, 38, 26, 17, 19, 87, 24, 34},
		{11, 67, 29, 62, 42, 81, 59, 63, 96, 12, 44, 28, 78, 17, 56},
		{85, 16, 61, 12, 87, 83, 19, 13, 92, 76, 67, 99, 62, 28, 89},
		{81, 59, 15, 40, 46, 10, 32, 23, 24, 80, 71, 56, 52, 15, 19},
		{65, 18, 97, 66, 57, 94, 31, 93, 47, 87, 79, 80, 83, 16, 41},
		{75, 59, 15, 17, 53, 77, 95, 85, 80, 82, 78, 40, 78, 67, 40},
		{11, 38, 76, 87, 27, 39, 54, 49, 87, 47, 52, 43, 82, 55, 60},
		{36, 89, 55, 55, 64, 91, 67, 87, 71, 19, 99, 90, 55, 57, 17},
		{19, 40, 48, 17, 11, 14, 42, 14, 36, 66, 41, 79, 85, 13, 10}
	},
	{
		{93, 84, 13, 83, 41, 52, 30, 26, 27, 80, 53, 52, 55, 95, 53},
		{98, 54, 83, 59, 74, 83, 81, 68, 51, 58, 44, 57, 25, 41, 66},
		{30, 67, 22, 63, 78, 90, 81, 72, 89, 36, 71, 64, 96, 27, 54},
		{18, 60, 92, 45, 58, 25, 29, 31, 56, 69, 65, 67, 49, 99, 33},
		{19, 30, 56, 86, 34, 45, 17, 20, 27, 66, 10, 33, 47, 39, 98},
		{23, 90, 86, 19, 33, 40, 48, 52, 18, 50, 18, 97, 72, 83, 60},
		{69, 24, 96, 94, 11, 31, 83, 15, 43, 16, 29, 45, 81, 81, 30},
		{42, 90, 42, 31, 17, 89, 65, 72, 83, 22, 68, 61, 37, 27, 55},
		{93, 60, 71, 14, 53, 84, 35, 50, 15, 87, 44, 87, 40, 52, 57},
		{69, 35, 51, 57, 77, 28, 68, 17, 79, 42, 26, 90, 59, 27, 13},
		{23, 46, 35, 36, 15, 50, 71, 89, 45, 84, 42, 37, 89, 91, 22},
		{54, 21, 30, 95, 44, 55, 95, 35, 54, 43, 67, 83, 24, 78, 19},
		{50, 16, 97, 58, 83, 78, 87, 24, 84, 86, 58, 91, 71, 61, 71},
		{51, 44, 84, 30, 38, 45, 66, 90, 93, 81, 99, 66, 99, 50, 20},
		{44, 23, 91, 78, 90, 20, 33, 34, 63, 78, 93, 11, 91, 25, 58},
		{61, 18, 41, 22, 70, 61, 67, 69, 16, 32, 42, 16, 70, 18, 85},
		{53, 75, 34, 45, 46, 59, 34, 21, 62, 90, 48, 10, 66, 94, 99},
		{31, 46, 74, 99, 64, 66, 68, 71, 25, 48, 70, 90, 66, 48, 47},
		{28, 40, 90, 99, 43, 27, 17, 77, 39, 95, 99, 73, 43, 68, 56},
		{26, 29, 11, 74, 95, 94, 33, 82, 20, 26, 90, 81, 11, 21, 18},
		{79, 29, 49, 19, 24, 39, 34, 22, 78, 55, 92, 68, 99, 48, 78},
		{14, 31, 64, 78, 50, 93, 55, 89, 95, 17, 47, 97, 46, 25, 15},
		{40, 29, 75, 46, 31, 73, 43, 74, 43, 97, 14, 71, 54, 86, 50},
		{34, 57, 14, 37, 65, 17, 24, 56, 89, 16, 72, 91, 18, 71, 88},
		{39, 19, 96, 77, 90, 48, 33, 92, 78, 77, 81, 29, 61, 45, 20},
		{77, 65, 30, 50, 26, 17, 56, 34, 45, 16, 40, 36, 14, 82, 94},
		{20, 70, 86, 99, 13, 35, 57, 57, 83, 91, 37, 72, 52, 61, 37},
		{55, 61, 88, 67, 57, 27, 23, 35, 23, 65, 63, 17, 49, 57, 50},
		{89, 14, 47, 80, 46, 48, 48, 30, 35, 85, 97, 38, 75, 70, 51},
		{68, 81, 23, 80, 17, 37, 10, 54, 19, 21, 27, 52, 21, 57, 92},
		{82, 27, 40, 34, 50, 38, 48, 48, 32, 29, 25, 60, 75, 17, 45},
		{84, 16, 58, 50, 30, 45, 52, 85, 51, 30, 99, 35, 11, 18, 35},
		{30, 43, 38, 71, 93, 38, 47, 49, 15, 96, 45, 47, 75, 28, 42},
		{46, 33, 35, 67, 90, 75, 38, 28, 15, 28, 34, 25, 84, 65, 27},
		{20, 25, 17, 20, 10, 37, 79, 13, 43, 20, 15, 98, 36, 61, 71},
		{96, 27, 41, 71, 41, 63, 82, 90, 27, 13, 36, 88, 39, 62, 68},
		{26, 47, 18, 30, 34, 43, 76, 37, 39, 41, 82, 66, 31, 37, 31},
		{78, 83, 89, 12, 57, 34, 90, 56, 56, 47, 55, 46, 64, 66, 65},
		{80, 33, 64, 64, 43, 60, 80, 57, 48, 32, 11, 26, 37, 26, 95},
		{33, 25, 43, 43, 55, 27, 76, 67, 28, 27, 37, 21, 30, 38, 73},
		{16, 70, 33, 44, 75, 86, 67, 50, 35, 77, 41, 56, 35, 76, 22},
		{64, 62, 34, 94, 56, 76, 14, 34, 93, 13, 57, 86, 83, 21, 27},
		{58, 93, 95, 38, 49, 82, 85, 94, 14, 74, 30, 27, 76, 28, 96},
		{92, 80, 33, 27, 14, 98, 43, 88, 11, 54, 74, 13, 29, 44, 48},
		{42, 22, 96, 85, 45, 64, 30, 22, 11, 54, 14, 13, 76, 34, 98},
		{56, 36, 86, 83, 72, 82, 59, 44, 14, 41, 29, 99, 95, 58, 15},
		{55, 34, 50, 65, 11, 28, 55, 96, 76, 54, 83, 51, 33, 77, 37},
		{42, 48, 72, 61, 25, 16, 75, 62, 45, 24, 51, 79, 34, 40, 70},
		{56, 30, 75, 92, 91, 69, 98, 93, 48, 11, 62, 67, 51, 18, 64},
		{73, 65, 73, 58, 56, 30, 15, 65, 96, 75, 15, 96, 17, 65, 81},
		{47, 61, 26, 87, 40, 33, 47, 40, 87, 52, 84, 23, 25, 51, 14},
		{28, 97, 50, 48, 68, 64, 12, 55, 32, 66, 51, 52, 39, 24, 49},
		{29, 38, 82, 22, 50, 46, 20, 83, 62, 21, 43, 64, 63, 67, 98},
		{99, 14, 19, 41, 35, 85, 88, 68, 34, 18, 46, 91, 69, 38, 87},
		{52, 71, 96, 48, 98, 11, 89, 14, 91, 67, 54, 45, 40, 40, 55},
		{12, 31, 93, 38, 15, 58, 89, 72, 12, 75, 59, 16, 46, 91, 92},
		{41, 35, 60, 74, 61, 91, 79, 36, 22, 37, 26, 22, 40, 23, 87},
		{16, 11, 39, 15, 89, 52, 91, 35, 65, 75, 48, 20, 13, 10, 30},
		{46, 47, 93, 19, 48, 35, 30, 63, 75, 96, 97, 40, 55, 60, 65},
		{80, 68, 56, 29, 56, 74, 70, 17, 10, 77, 64, 93, 47, 70, 21}
	},
	{
		{73, 95, 74, 68, 65, 91, 32, 75, 92, 65, 59, 82, 17, 35, 38},
		{95, 98, 50, 82, 34, 17, 12, 38, 44, 16, 84, 14, 73, 38, 42},
		{44, 86, 48, 31, 88, 95, 64, 36, 94, 21, 97, 97, 51, 73, 24},
		{79, 78, 73, 20, 45, 34, 16, 68, 71, 37, 61, 48, 48, 19, 20},
		{28, 84, 39, 41, 17, 25, 88, 29, 79, 25, 38, 48, 39, 73, 21},
		{19, 40, 32, 72, 20, 18, 32, 10, 84, 40, 87, 55, 69, 13, 60},
		{33, 23, 69, 33, 18, 93, 24, 42, 92, 32, 48, 53, 21, 49, 37},
		{26, 27, 47, 24, 62, 18, 18, 23, 85, 29, 98, 11, 15, 85, 52},
		{99, 54, 15, 93, 67, 21, 77, 39, 64, 63, 41, 61, 96, 92, 77},
		{94, 31, 62, 90, 34, 78, 21, 93, 33, 37, 26, 96, 18, 91, 53},
		{12, 46, 37, 20, 90, 81, 71, 94, 25, 22, 20, 48, 17, 92, 13},
		{34, 19, 63, 76, 54, 51, 75, 34, 57, 92, 17, 62, 26, 60, 24},
		{30, 53, 16, 25, 25, 56, 65, 72, 81, 54, 70, 48, 58, 73, 44},
		{16, 37, 89, 21, 59, 26, 15, 46, 28, 14, 99, 81, 59, 64, 37},
		{62, 29, 69, 91, 39, 46, 44, 36, 57, 55, 60, 61, 11, 38, 54},
		{86, 96, 15, 26, 69, 46, 31, 68, 30, 58, 99, 27, 65, 50, 29},
		{45, 12, 20, 23, 54, 88, 81, 81, 70, 55, 77, 74, 95, 36, 20},
		{33, 38, 79, 74, 15, 91, 43, 99, 52, 29, 56, 53, 10, 98, 74},
		{64, 37, 74, 98, 45, 50, 19, 59, 62, 41, 88, 98, 39, 36, 72},
		{95, 17, 15, 71, 52, 71, 74, 74, 87, 31, 11, 65, 82, 92, 13},
		{53, 17, 71, 94, 39, 81, 83, 36, 89, 44, 29, 26, 19, 70, 97},
		{87, 54, 38, 98, 45, 53, 94, 58, 77, 48, 19, 10, 79, 74, 31},
		{13, 57, 17, 94, 63, 62, 17, 62, 37, 13, 15, 94, 39, 78, 16},
		{74, 32, 60, 26, 28, 82, 45, 23, 53, 80, 72, 48, 23, 79, 88},
		{61, 45, 21, 29, 98, 12, 21, 94, 88, 79, 46, 65, 33, 77, 19},
		{43, 58, 43, 52, 22, 58, 82, 74, 65, 56, 94, 17, 58, 53, 31},
		{28, 47, 32, 20, 49, 49, 57, 79, 41, 47, 80, 95, 86, 88, 83},
		{28, 64, 76, 97, 50, 44, 91, 38, 66, 74, 29, 51, 85, 27, 29},
		{93, 66, 24, 10, 69, 72, 53, 31, 69, 63, 55, 62, 98, 42, 78},
		{88, 78, 98, 17, 63, 91, 64, 10, 81, 67, 84, 26, 54, 29, 75},
		{79, 10, 97, 59, 10, 95, 56, 64, 13, 12, 60, 91, 97, 41, 52},
		{40, 69, 54, 59, 87, 19, 56, 69, 33, 75, 48, 20, 28, 13, 30},
		{89, 55, 47, 52, 87, 92, 26, 91, 20, 94, 16, 79, 35, 50, 91},
		{93, 87, 76, 41, 79, 42, 30, 44, 33, 99, 42, 76, 17, 36, 77},
		{86, 93, 33, 42, 70, 50, 66, 43, 39, 40, 26, 71, 75, 67, 19},
		{93, 12, 29, 55, 33, 92, 89, 67, 59, 64, 28, 42, 50, 26, 90},
		{82, 25, 30, 22, 95, 66, 25, 74, 11, 19, 85, 64, 72, 55, 45},
		{99, 82, 68, 17, 27, 16, 62, 95, 84, 66, 25, 43, 83, 20, 61},
		{94, 32, 15, 54, 62, 90, 42, 82, 18, 88, 41, 64, 62, 23, 17},
		{68, 99, 49, 41, 41, 19, 29, 69, 40, 87, 45, 13, 27, 53, 52},
		{33, 79, 17, 37, 29, 92, 25, 91, 41, 43, 67, 36, 41, 54, 30},
		{69, 45, 47, 43, 32, 42, 56, 55, 23, 25, 14, 22, 68, 33, 81},
		{80, 91, 42, 44, 30, 68, 88, 63, 49, 47, 72, 52, 71, 72, 13},
		{19, 52, 48, 94, 25, 17, 45, 86, 40, 93, 59, 41, 61, 41, 68},
		{84, 67, 87, 81, 97, 34, 85, 60, 74, 66, 69, 89, 23, 11, 44},
		{14, 66, 68, 43, 44, 11, 19, 31, 96, 60, 34, 51, 84, 36, 90},
		{22, 35, 45, 22, 78, 36, 57, 62, 76, 51, 69, 96, 54, 80, 86},
		{19, 62, 24, 16, 19, 24, 33, 60, 27, 79, 42, 91, 61, 69, 60},
		{28, 59, 48, 44, 53, 31, 52, 75, 32, 44, 19, 81, 80, 35, 95},
		{52, 42, 22, 31, 42, 40, 17, 83, 55, 55, 73, 65, 89, 24, 41},
		{31, 94, 63, 48, 44, 90, 44, 53, 64, 70, 42, 26, 43, 70, 16},
		{24, 10, 95, 26, 92, 77, 79, 39, 83, 28, 78, 93, 73, 36, 10},
		{60, 26, 25, 48, 20, 59, 53, 84, 35, 34, 64, 55, 87, 54, 74},
		{44, 40, 91, 93, 39, 22, 42, 95, 28, 49, 29, 51, 14, 46, 36},
		{30, 47, 30, 91, 61, 61, 18, 49, 71, 72, 76, 79, 16, 58, 89},
		{30, 16, 98, 31, 88, 93, 59, 39, 42, 88, 13, 10, 36, 79, 61},
		{36, 14, 80, 97, 35, 27, 18, 40, 62, 50, 29, 27, 44, 48, 94},
		{78, 44, 77, 16, 79, 42, 61, 56, 75, 85, 42, 36, 30, 84, 21},
		{59, 17, 37, 79, 28, 88, 31, 38, 16, 15, 46, 86, 88, 63, 18},
		{79, 46, 30, 72, 71, 15, 66, 94, 50, 77, 77, 21, 80, 71, 66}
	},
	{
		{94, 78, 78, 43, 57, 81, 26, 67, 21, 94, 16, 43, 82, 69, 17},
		{44, 71, 47, 98, 63, 10, 75, 30, 83, 12, 62, 36, 81, 97, 38},
		{25, 81, 58, 64, 77, 62, 68, 86, 67, 86, 39, 70, 25, 56, 70},
		{47, 29, 82, 62, 48, 49, 73, 58, 52, 95, 18, 42, 78, 87, 55},
		{69, 46, 93, 16, 44, 75, 29, 49, 15, 30, 24, 41, 79, 41, 47},
		{36, 52, 63, 91, 46, 73, 46, 60, 41, 17, 71, 36, 78, 74, 43},
		{43, 91, 78, 68, 23, 23, 51, 36, 11, 22, 37, 40, 66, 62, 27},
		{19, 12, 42, 77, 83, 83, 22, 33, 56, 87, 13, 51, 69, 62, 20},
		{81, 63, 79, 75, 67, 24, 94, 60, 76, 45, 28, 58, 54, 10, 23},
		{77, 26, 22, 30, 65, 51, 49, 43, 30, 34, 94, 49, 65, 62, 24},
		{62, 37, 86, 19, 99, 27, 66, 85, 70, 17, 51, 47, 14, 96, 37},
		{67, 11, 45, 18, 91, 53, 32, 17, 16, 90, 58, 62, 78, 95, 65},
		{38, 64, 41, 39, 71, 20, 36, 31, 42, 47, 42, 78, 20, 60, 96},
		{76, 72, 41, 97, 14, 37, 98, 20, 12, 43, 39, 34, 60, 28, 76},
		{13, 34, 16, 96, 82, 14, 21, 67, 87, 45, 29, 90, 36, 63, 75},
		{80, 70, 79, 64, 69, 71, 80, 46, 29, 59, 31, 86, 63, 66, 28},
		{76, 77, 95, 47, 15, 92, 12, 52, 25, 74, 14, 86, 11, 53, 14},
		{43, 57, 97, 20, 34, 41, 29, 30, 42, 47, 69, 16, 43, 38, 54},
		{78, 46, 66, 32, 75, 21, 86, 98, 95, 11, 53, 67, 82, 30, 63},
		{39, 87, 97, 64, 12, 90, 38, 16, 20, 40, 48, 36, 62, 58, 57},
		{97, 25, 87, 73, 65, 72, 41, 77, 90, 17, 67, 32, 92, 49, 27},
		{90, 32, 87, 70, 91, 35, 53, 42, 57, 50, 14, 73, 73, 52, 13},
		{96, 85, 45, 84, 11, 38, 61, 19, 26, 60, 34, 87, 63, 59, 62},
		{77, 84, 53, 82, 97, 22, 14, 25, 23, 91, 39, 63, 70, 45, 63},
		{16, 49, 18, 71, 53, 28, 81, 22, 21, 62, 33, 56, 90, 30, 49},
		{39, 34, 35, 73, 68, 50, 54, 89, 56, 38, 64, 47, 47, 69, 11},
		{21, 92, 87, 20, 10, 41, 94, 10, 97, 47, 83, 87, 40, 86, 18},
		{79, 97, 63, 64, 60, 96, 83, 48, 20, 82, 32, 23, 59, 69, 21},
		{55, 18, 24, 54, 34, 53, 78, 84, 33, 65, 82, 55, 85, 95, 86},
		{35, 23, 77, 90, 84, 60, 58, 75, 91, 91, 57, 27, 13, 88, 41},
		{31, 30, 97, 48, 89, 74, 79, 11, 61, 97, 58, 17, 62, 58, 24},
		{53, 32, 41, 34, 53, 66, 37, 63, 18, 34, 67, 16, 61, 78, 59},
		{92, 97, 59, 80, 54, 46, 59, 96, 44, 71, 83, 56, 24, 15, 85},
		{19, 68, 58, 34, 51, 64, 39, 18, 59, 58, 75, 73, 96, 57, 73},
		{53, 29, 31, 30, 20, 89, 51, 27, 72, 91, 73, 89, 17, 61, 80},
		{14, 25, 69, 62, 31, 51, 36, 98, 95, 82, 19, 41, 15, 26, 85},
		{30, 57, 52, 56, 37, 74, 10, 88, 25, 69, 15, 84, 14, 17, 25},
		{17, 91, 74, 36, 19, 41, 89, 19, 89, 59, 97, 50, 12, 41, 88},
		{46, 58, 80, 81, 68, 58, 66, 92, 33, 34, 62, 23, 43, 42, 70},
		{50, 44, 18, 71, 78, 46, 83, 39, 64, 61, 64, 65, 50, 76, 66},
		{24, 69, 51, 16, 70, 90, 13, 43, 56, 40, 25, 57, 25, 46, 39},
		{59, 90, 18, 83, 86, 59, 52, 54, 68, 24, 17, 87, 88, 99, 39},
		{21, 83, 36, 52, 14, 70, 35, 97, 49, 65, 46, 92, 85, 42, 85},
		{19, 47, 35, 21, 78, 33, 78, 60, 46, 34, 40, 73, 10, 93, 37},
		{94, 48, 92, 61, 69, 64, 65, 68, 32, 13, 49, 32, 19, 45, 16},
		{96, 34, 38, 89, 61, 48, 16, 89, 63, 35, 90, 96, 70, 80, 33},
		{51, 99, 14, 20, 38, 51, 44, 85, 82, 95, 82, 18, 95, 25, 69},
		{53, 35, 26, 85, 43, 82, 33, 21, 14, 36, 40, 84, 55, 90, 20},
		{71, 15, 85, 53, 28, 98, 40, 58, 77, 44, 24, 99, 67, 30, 91},
		{64, 15, 21, 38, 80, 48, 78, 55, 55, 12, 75, 83, 99, 13, 55},
		{96, 98, 68, 68, 16, 90, 95, 92, 62, 66, 30, 84, 64, 50, 26},
		{19, 78, 79, 94, 31, 67, 39, 89, 61, 11, 49, 61, 78, 66, 98},
		{37, 64, 13, 91, 74, 26, 37, 61, 59, 70, 37, 65, 83, 63, 93},
		{99, 48, 34, 95, 36, 94, 28, 86, 17, 31, 27, 27, 41, 14, 89},
		{33, 34, 76, 34, 96, 39, 76, 77, 88, 18, 24, 43, 95, 49, 51},
		{80, 69, 13, 80, 28, 40, 17, 55, 94, 85, 43, 55, 69, 83, 76},
		{85, 53, 33, 54, 46, 85, 17, 89, 71, 69, 34, 34, 34, 83, 78},
		{69, 21, 35, 36, 13, 76, 17, 48, 14, 24, 49, 42, 44, 35, 24},
		{50, 91, 43, 52, 32, 34, 40, 79, 85, 22, 66, 24, 11, 83, 22},
		{21, 60, 37, 83, 99, 82, 25, 19, 24, 82, 10, 74, 28, 73, 37}
	},
	{
		{65, 31, 55, 70, 13, 70, 66, 50, 40, 73, 15, 21, 40, 92, 99},
		{30, 52, 34, 43, 74, 24, 34, 87, 17, 33, 32, 77, 14, 77, 52},
		{55, 41, 36, 20, 13, 96, 87, 48, 11, 98, 12, 80, 31, 32, 56},
		{55, 21, 62, 29, 27, 53, 56, 84, 58, 72, 59, 41, 26, 96, 37},
		{64, 17, 76, 93, 25, 39, 64, 28, 52, 20, 33, 94, 77, 25, 26},
		{14, 24, 77, 23, 20, 41, 63, 93, 89, 72, 11, 56, 49, 42, 65},
		{84, 37, 94, 29, 87, 70, 23, 50, 90, 69, 65, 40, 10, 12, 88},
		{53, 25, 49, 70, 55, 40, 65, 45, 46, 56, 12, 37, 60, 80, 88},
		{85, 47, 48, 70, 42, 73, 68, 17, 53, 55, 32, 99, 87, 57, 36},
		{94, 29, 67, 21, 43, 14, 17, 12, 13, 50, 25, 18, 82, 69, 53},
		{46, 21, 69, 57, 33, 16, 84, 31, 50, 28, 57, 18, 37, 30, 51},
		{78, 54, 28, 85, 39, 52, 38, 48, 11, 11, 90, 20, 16, 97, 96},
		{99, 48, 79, 59, 21, 51, 47, 53, 76, 51, 43, 47, 89, 65, 13},
		{34, 59, 50, 39, 72, 89, 97, 80, 92, 58, 68, 84, 19, 40, 16},
		{84, 56, 90, 18, 31, 64, 29, 50, 36, 23, 83, 90, 73, 96, 25},
		{82, 25, 53, 32, 61, 13, 75, 95, 28, 20, 44, 20, 18, 92, 64},
		{79, 28, 25, 52, 20, 11, 26, 13, 38, 12, 92, 70, 55, 87, 67},
		{97, 96, 60, 68, 19, 97, 35, 34, 58, 82, 42, 54, 26, 79, 66},
		{38, 82, 55, 16, 84, 81, 15, 94, 33, 85, 35, 45, 40, 78, 32},
		{13, 59, 12, 35, 78, 47, 60, 18, 52, 30, 11, 61, 53, 41, 33},
		{40, 91, 68, 26, 37, 87, 51, 41, 58, 79, 71, 22, 78, 68, 41},
		{74, 75, 62, 27, 51, 69, 38, 37, 68, 96, 28, 97, 66, 25, 90},
		{74, 16, 61, 14, 63, 53, 40, 66, 75, 30, 97, 40, 11, 36, 69},
		{66, 50, 58, 92, 98, 46, 19, 26, 73, 34, 98, 52, 93, 69, 98},
		{11, 42, 69, 83, 58, 94, 78, 48, 19, 74, 90, 19, 36, 87, 52},
		{13, 24, 22, 83, 63, 18, 68, 32, 22, 25, 64, 42, 31, 34, 18},
		{68, 52, 25, 64, 88, 39, 63, 73, 53, 33, 66, 43, 98, 64, 41},
		{46, 33, 91, 30, 60, 74, 49, 24, 14, 68, 77, 97, 92, 81, 68},
		{84, 44, 60, 20, 41, 81, 24, 90, 45, 44, 55, 29, 58, 22, 43},
		{98, 80, 19, 87, 94, 90, 41, 61, 32, 41, 47, 95, 83, 71, 91},
		{46, 77, 23, 37, 75, 12, 52, 91, 31, 53, 88, 35, 90, 45, 41},
		{53, 50, 52, 21, 93, 65, 90, 14, 44, 73, 32, 49, 10, 75, 79},
		{15, 35, 71, 13, 44, 77, 43, 11, 86, 89, 91, 95, 32, 61, 43},
		{38, 72, 30, 24, 48, 62, 76, 28, 28, 49, 97, 95, 71, 50, 88},
		{92, 38, 30, 73, 41, 87, 76, 98, 84, 61, 70, 81, 19, 27, 84},
		{32, 78, 95, 19, 75, 66, 36, 62, 16, 63, 28, 90, 75, 96, 79},
		{38, 56, 22, 80, 40, 96, 42, 74, 23, 77, 51, 86, 94, 49, 99},
		{28, 19, 43, 52, 43, 60, 82, 90, 29, 78, 37, 73, 55, 63, 52},
		{30, 33, 98, 37, 51, 77, 63, 29, 47, 18, 81, 48, 87, 33, 76},
		{79, 94, 99, 42, 79, 72, 39, 61, 98, 44, 83, 43, 97, 49, 82},
		{56, 37, 72, 68, 42, 66, 85, 31, 70, 77, 72, 40, 91, 25, 82},
		{29, 12, 67, 79, 43, 32, 22, 57, 81, 59, 97, 33, 92, 69, 16},
		{67, 67, 21, 82, 95, 22, 75, 70, 34, 34, 85, 89, 87, 44, 31},
		{84, 41, 83, 37, 52, 96, 40, 66, 35, 15, 15, 24, 63, 79, 96},
		{74, 67, 40, 23, 81, 84, 33, 57, 47, 18, 17, 43, 55, 97, 58},
		{81, 14, 79, 82, 45, 86, 53, 79, 28, 57, 31, 90, 92, 81, 39},
		{94, 51, 18, 26, 23, 20, 84, 54, 74, 97, 62, 37, 83, 16, 59},
		{82, 62, 73, 22, 65, 58, 20, 51, 70, 79, 36, 66, 19, 57, 24},
		{58, 88, 49, 40, 42, 38, 98, 11, 49, 26, 73, 19, 15, 15, 96},
		{69, 91, 38, 34, 60, 73, 67, 33, 47, 83, 33, 19, 85, 51, 88},
		{50, 10, 91, 49, 41, 97, 89, 69, 44, 67, 64, 25, 14, 71, 47},
		{84, 78, 70, 55, 99, 60, 36, 94, 45, 11, 64, 95, 20, 21, 98},
		{80, 80, 64, 79, 75, 26, 55, 81, 68, 55, 19, 49, 80, 38, 98},
		{57, 65, 21, 85, 82, 13, 88, 85, 46, 68, 90, 65, 13, 75, 71},
		{46, 12, 11, 26, 67, 52, 31, 77, 84, 66, 88, 76, 59, 31, 82},
		{91, 90, 68, 60, 93, 86, 61, 86, 90, 76, 60, 93, 27, 11, 18},
		{83, 35, 75, 43, 89, 55, 13, 47, 97, 74, 20, 79, 10, 27, 72},
		{73, 81, 98, 46, 27, 53, 51, 51, 80, 14, 88, 75, 48, 34, 71},
		{73, 85, 69, 93, 30, 14, 43, 90, 65, 56, 23, 26, 90, 89, 77},
		{22, 73, 81, 13, 12, 64, 41, 29, 47, 95, 27, 84, 44, 24, 30}
	},
	{
		{99, 95, 35, 63, 82, 15, 71, 24, 86, 78, 60, 89, 59, 18, 43},
		{69, 93, 50, 73, 86, 82, 53, 62, 99, 85, 13, 36, 80, 64, 56},
		{14, 16, 12, 73, 40, 27, 66, 47, 23, 68, 24, 84, 98, 66, 77},
		{35, 24, 91, 78, 25, 59, 30, 83, 81, 16, 64, 88, 19, 76, 93},
		{56, 27, 73, 99, 41, 28, 30, 95, 29, 12, 89, 60, 89, 98, 65},
		{19, 78, 85, 17, 96, 80, 58, 93, 36, 55, 54, 14, 96, 13, 69},
		{75, 72, 13, 10, 25, 70, 21, 37, 27, 58, 70, 67, 75, 35, 22},
		{49, 26, 48, 34, 96, 61, 72, 90, 50, 89, 78, 27, 52, 99, 10},
		{11, 46, 23, 81, 19, 41, 90, 71, 68, 19, 12, 18, 39, 72, 62},
		{32, 29, 41, 79, 60, 97, 97, 96, 88, 43, 38, 13, 86, 41, 61},
		{63, 74, 41, 29, 13, 32, 90, 97, 77, 23, 30, 25, 83, 45, 65},
		{67, 29, 46, 81, 72, 99, 29, 47, 70, 71, 68, 54, 75, 81, 85},
		{47, 72, 15, 47, 17, 19, 87, 54, 21, 98, 85, 14, 30, 82, 31},
		{40, 88, 68, 25, 27, 22, 54, 94, 95, 16, 76, 79, 28, 12, 71},
		{32, 15, 98, 29, 19, 61, 89, 33, 97, 73, 54, 26, 12, 95, 70},
		{82, 99, 96, 59, 45, 27, 67, 26, 48, 31, 11, 91, 29, 86, 21},
		{54, 13, 85, 44, 10, 60, 46, 64, 90, 25, 99, 73, 45, 18, 67},
		{74, 51, 81, 46, 48, 62, 83, 10, 43, 78, 64, 25, 40, 15, 95},
		{16, 50, 43, 24, 94, 54, 93, 82, 56, 22, 98, 30, 24, 33, 66},
		{66, 43, 68, 43, 84, 54, 39, 74, 94, 11, 95, 92, 50, 83, 73},
		{70, 90, 52, 21, 12, 92, 85, 55, 53, 81, 11, 79, 21, 28, 31},
		{15, 55, 53, 30, 33, 81, 30, 40, 16, 44, 58, 60, 72, 35, 25},
		{49, 98, 83, 25, 98, 26, 70, 35, 40, 69, 76, 22, 87, 12, 44},
		{68, 85, 87, 79, 99, 57, 90, 10, 53, 52, 63, 26, 25, 56, 96},
		{47, 97, 41, 32, 83, 67, 28, 10, 40, 73, 19, 27, 14, 23, 98},
		{53, 53, 22, 41, 35, 70, 46, 33, 87, 37, 40, 11, 74, 56, 34},
		{20, 12, 91, 20, 10, 82, 24, 53, 98, 40, 46, 57, 97, 12, 25},
		{44, 86, 62, 81, 86, 79, 81, 31, 83, 19, 10, 76, 62, 70, 88},
		{78, 29, 21, 20, 95, 32, 27, 12, 50, 23, 67, 27, 13, 19, 95},
		{87, 87, 37, 86, 44, 90, 65, 74, 59, 46, 10, 17, 82, 15, 88},
		{32, 91, 98, 52, 12, 50, 48, 59, 38, 92, 71, 24, 21, 56, 72},
		{76, 75, 43, 17, 34, 29, 79, 65, 85, 50, 17, 88, 61, 47, 53},
		{63, 21, 53, 98, 74, 53, 33, 87, 65, 48, 57, 42, 68, 90, 55},
		{31, 63, 79, 25, 30, 33, 86, 31, 78, 16, 91, 23, 97, 56, 66},
		{98, 91, 71, 40, 12, 23, 53, 86, 22, 10, 34, 22, 37, 25, 43},
		{25, 83, 34, 21, 39, 21, 76, 90, 86, 71, 30, 40, 97, 21, 76},
		{92, 97, 73, 41, 34, 93, 60, 35, 98, 35, 35, 20, 96, 33, 29},
		{63, 23, 80, 69, 92, 48, 75, 64, 15, 64, 33, 34, 67, 58, 85},
		{16, 41, 17, 39, 27, 18, 47, 52, 80, 20, 94, 67, 81, 56, 54},
		{88, 63, 54, 33, 76, 59, 79, 17, 48, 59, 76, 53, 93, 46, 49},
		{90, 24, 48, 80, 41, 97, 12, 78, 48, 37, 37, 64, 26, 75, 32},
		{56, 72, 50, 88, 93, 53, 32, 43, 37, 35, 45, 11, 56, 89, 48},
		{18, 94, 57, 10, 51, 46, 84, 53, 93, 25, 12, 88, 13, 17, 63},
		{90, 30, 46, 47, 37, 17, 57, 22, 55, 15, 33, 15, 18, 63, 48},
		{42, 41, 17, 77, 91, 39, 54, 43, 33, 55, 91, 48, 39, 38, 12},
		{85, 25, 53, 52, 12, 23, 35, 49, 78, 83, 95, 67, 75, 53, 46},
		{66, 18, 49, 83, 34, 53, 11, 31, 61, 91, 62, 25, 85, 88, 29},
		{25, 97, 53, 44, 88, 50, 54, 90, 70, 32, 22, 61, 25, 67, 60},
		{26, 83, 56, 39, 70, 88, 18, 55, 78, 79, 32, 88, 97, 65, 26},
		{91, 18, 74, 35, 98, 88, 84, 67, 23, 25, 45, 83, 45, 83, 36},
		{14, 96, 66, 77, 82, 61, 27, 95, 57, 74, 99, 84, 21, 48, 82},
		{71, 22, 38, 64, 35, 22, 30, 37, 81, 14, 11, 57, 27, 41, 28},
		{59, 84, 64, 14, 48, 15, 24, 77, 86, 84, 56, 52, 11, 32, 31},
		{78, 70, 81, 97, 36, 88, 77, 97, 80, 80, 26, 39, 62, 85, 93},
		{34, 70, 56, 52, 97, 36, 43, 38, 48, 12, 25, 17, 30, 84, 60},
		{35, 41, 10, 27, 95, 50, 88, 51, 44, 59, 86, 33, 79, 38, 33},
		{61, 12, 16, 99, 62, 63, 45, 57, 89, 34, 61, 67, 53, 25, 95},
		{26, 25, 84, 27, 56, 59, 61, 94, 45, 79, 75, 80, 26, 35, 11},
		{70, 11, 39, 35, 71, 95, 27, 75, 30, 14, 50, 64, 81, 76, 12},
		{89, 22, 69, 78, 56, 61, 82, 58, 85, 34, 60, 55, 80, 31, 85}
	},
	{
		{77, 39, 47, 64, 60, 83, 26, 16, 72, 28, 69, 71, 58, 57, 84},
		{41, 95, 98, 85, 26, 35, 53, 31, 64, 24, 17, 36, 59, 93, 12},
		{10, 23, 39, 72, 87, 61, 86, 16, 38, 57, 40, 54, 32, 99, 28},
		{90, 87, 81, 70, 36, 87, 43, 41, 29, 81, 79, 55, 90, 72, 21},
		{78, 25, 47, 58, 20, 53, 51, 79, 44, 75, 59, 59, 74, 39, 91},
		{97, 36, 96, 42, 66, 61, 49, 92, 83, 79, 72, 26, 91, 85, 83},
		{79, 21, 50, 64, 65, 71, 59, 90, 87, 91, 34, 59, 28, 26, 70},
		{68, 73, 75, 99, 58, 39, 98, 57, 42, 74, 86, 22, 51, 98, 51},
		{85, 77, 92, 12, 35, 86, 99, 67, 18, 34, 56, 89, 34, 68, 52},
		{99, 96, 45, 15, 97, 23, 68, 92, 79, 67, 89, 35, 75, 13, 83},
		{80, 57, 68, 33, 94, 54, 58, 67, 22, 35, 14, 59, 97, 33, 53},
		{42, 80, 66, 43, 70, 77, 73, 85, 11, 44, 56, 77, 72, 43, 12},
		{54, 51, 97, 55, 63, 24, 32, 36, 42, 53, 10, 98, 78, 15, 72},
		{13, 44, 51, 80, 51, 54, 44, 47, 60, 50, 62, 82, 43, 39, 26},
		{48, 92, 94, 88, 19, 72, 40, 29, 27, 86, 21, 13, 93, 39, 62},
		{88, 99, 15, 85, 62, 17, 50, 22, 87, 36, 33, 91, 12, 66, 71},
		{15, 29, 22, 20, 95, 76, 77, 97, 67, 64, 22, 57, 74, 52, 60},
		{83, 93, 62, 27, 60, 96, 40, 75, 64, 49, 13, 17, 73, 44, 25},
		{79, 15, 39, 91, 26, 87, 86, 79, 85, 51, 28, 17, 94, 55, 20},
		{68, 99, 43, 95, 90, 97, 75, 97, 92, 91, 40, 35, 41, 62, 32},
		{29, 93, 51, 15, 29, 97, 63, 13, 27, 20, 50, 78, 18, 56, 54},
		{51, 13, 90, 88, 40, 90, 23, 27, 29, 84, 20, 17, 64, 35, 83},
		{91, 58, 11, 87, 20, 41, 58, 29, 21, 92, 10, 69, 35, 70, 69},
		{72, 30, 92, 94, 54, 29, 18, 97, 92, 39, 85, 33, 19, 86, 27},
		{34, 20, 48, 65, 93, 20, 88, 31, 79, 64, 91, 14, 41, 64, 21},
		{23, 67, 29, 17, 79, 18, 57, 60, 11, 24, 46, 98, 26, 83, 56},
		{35, 92, 59, 25, 56, 54, 49, 88, 38, 10, 95, 97, 76, 70, 23},
		{58, 59, 74, 75, 30, 60, 72, 11, 75, 80, 16, 57, 70, 13, 96},
		{39, 49, 33, 95, 50, 20, 53, 10, 29, 81, 74, 33, 91, 22, 87},
		{89, 24, 63, 33, 15, 70, 19, 97, 93, 15, 70, 23, 46, 21, 95},
		{32, 76, 25, 30, 36, 95, 77, 33, 18, 73, 34, 78, 29, 28, 39},
		{90, 63, 24, 58, 68, 62, 49, 32, 92, 72, 53, 60, 75, 94, 87},
		{72, 49, 58, 31, 72, 90, 76, 96, 54, 39, 75, 71, 46, 77, 36},
		{88, 91, 74, 49, 27, 39, 47, 85, 87, 65, 50, 13, 64, 20, 34},
		{29, 96, 53, 43, 75, 95, 98, 65, 99, 59, 82, 72, 63, 48, 19},
		{88, 51, 36, 66, 59, 10, 93, 96, 10, 88, 11, 47, 55, 19, 24},
		{35, 35, 12, 11, 63, 61, 39, 59, 15, 65, 93, 17, 85, 62, 76},
		{80, 98, 92, 29, 27, 55, 90, 95, 87, 51, 28, 63, 16, 86, 89},
		{53, 58, 43, 89, 19, 17, 20, 60, 69, 62, 71, 67, 37, 57, 79},
		{77, 21, 92, 60, 53, 76, 77, 14, 59, 81, 51, 58, 84, 60, 73},
		{60, 10, 86, 82, 39, 35, 49, 71, 52, 20, 14, 36, 63, 52, 68},
		{42, 42, 60, 52, 66, 93, 88, 34, 37, 41, 19, 85, 76, 18, 28},
		{85, 58, 21, 25, 36, 20, 66, 73, 66, 17, 82, 22, 97, 10, 66},
		{44, 14, 56, 94, 36, 77, 59, 23, 97, 70, 23, 15, 17, 43, 24},
		{86, 22, 85, 20, 33, 78, 48, 55, 97, 16, 43, 26, 31, 13, 42},
		{16, 69, 12, 68, 72, 20, 57, 86, 22, 45, 15, 91, 25, 59, 96},
		{40, 53, 52, 48, 18, 18, 46, 15, 35, 71, 64, 80, 87, 68, 86},
		{66, 24, 57, 87, 17, 87, 82, 93, 80, 64, 88, 83, 83, 53, 39},
		{14, 94, 73, 19, 37, 87, 62, 87, 72, 90, 81, 22, 67, 97, 88},
		{65, 69, 63, 38, 61, 60, 16, 30, 10, 20, 51, 82, 52, 31, 89},
		{52, 59, 20, 85, 91, 49, 98, 54, 52, 65, 81, 74, 83, 75, 34},
		{39, 25, 58, 77, 84, 79, 35, 62, 40, 64, 23, 72, 38, 58, 61},
		{50, 75, 65, 50, 40, 24, 10, 66, 53, 50, 51, 16, 69, 25, 77},
		{97, 50, 45, 44, 30, 56, 55, 39, 26, 53, 22, 88, 88, 20, 45},
		{62, 61, 86, 38, 62, 92, 49, 26, 19, 21, 22, 98, 77, 81, 64},
		{63, 50, 69, 20, 69, 73, 62, 63, 94, 63, 72, 10, 18, 64, 91},
		{31, 19, 50, 50, 33, 98, 89, 64, 10, 64, 28, 48, 29, 37, 95},
		{88, 65, 14, 86, 15, 60, 97, 15, 13, 27, 92, 26, 71, 54, 70},
		{83, 79, 16, 43, 40, 58, 71, 36, 57, 14, 14, 48, 80, 70, 15},
		{32, 89, 22, 49, 66, 10, 57, 86, 29, 47, 54, 78, 53, 43, 49}
	},
	{
		{40, 84, 80, 26, 94, 60, 85, 39, 75, 15, 71, 74, 51, 28, 62},
		{77, 66, 43, 40, 24, 35, 24, 43, 71, 48, 23, 89, 64, 90, 62},
		{38, 63, 97, 17, 73, 94, 67, 23, 76, 80, 62, 89, 83, 63, 37},
		{44, 70, 27, 62, 65, 54, 13, 23, 60, 87, 55, 26, 53, 24, 39},
		{90, 47, 17, 75, 11, 92, 57, 12, 31, 56, 97, 10, 94, 62, 76},
		{94, 27, 60, 51, 20, 77, 67, 41, 17, 83, 76, 76, 58, 27, 22},
		{80, 83, 45, 14, 61, 14, 74, 22, 59, 60, 72, 35, 12, 14, 90},
		{16, 32, 41, 16, 50, 37, 24, 41, 56, 21, 48, 68, 84, 98, 89},
		{59, 10, 71, 24, 57, 24, 11, 10, 69, 99, 72, 55, 57, 81, 86},
		{78, 56, 73, 40, 85, 83, 45, 87, 21, 10, 42, 76, 44, 96, 73},
		{40, 62, 42, 97, 96, 31, 78, 72, 53, 63, 84, 84, 89, 97, 60},
		{13, 35, 67, 14, 48, 45, 28, 27, 89, 74, 12, 52, 39, 24, 12},
		{49, 82, 10, 28, 11, 52, 83, 58, 18, 75, 80, 58, 33, 40, 21},
		{44, 34, 45, 60, 46, 59, 30, 83, 93, 29, 75, 59, 67, 81, 75},
		{20, 82, 85, 50, 12, 77, 95, 49, 78, 16, 80, 35, 49, 88, 60},
		{46, 92, 94, 28, 90, 20, 31, 77, 92, 89, 43, 65, 61, 12, 13},
		{48, 74, 42, 67, 87, 40, 44, 61, 62, 56, 40, 94, 50, 16, 17},
		{41, 29, 98, 28, 90, 14, 99, 26, 72, 30, 26, 56, 75, 49, 65},
		{92, 71, 34, 33, 87, 31, 88, 81, 88, 87, 62, 72, 70, 51, 81},
		{69, 25, 98, 23, 86, 74, 22, 85, 30, 94, 60, 59, 68, 38, 95},
		{20, 37, 72, 68, 67, 66, 51, 48, 31, 93, 87, 78, 48, 24, 20},
		{96, 67, 51, 99, 43, 14, 46, 61, 38, 34, 30, 46, 51, 18, 42},
		{75, 94, 43, 72, 28, 37, 46, 33, 60, 24, 70, 23, 29, 30, 99},
		{57, 42, 94, 38, 67, 94, 26, 50, 83, 16, 41, 45, 87, 88, 43},
		{15, 33, 11, 68, 57, 84, 10, 68, 81, 56, 34, 43, 50, 20, 64},
		{74, 73, 55, 27, 56, 53, 20, 12, 24, 43, 72, 82, 54, 74, 26},
		{52, 53, 26, 24, 77, 70, 82, 51, 30, 33, 81, 43, 54, 55, 92},
		{70, 64, 86, 46, 71, 32, 39, 61, 21, 68, 55, 23, 37, 29, 73},
		{22, 66, 91, 22, 15, 57, 86, 50, 33, 83, 35, 74, 71, 10, 66},
		{64, 38, 38, 76, 67, 84, 59, 87, 59, 70, 24, 17, 14, 85, 94},
		{98, 77, 93, 30, 13, 87, 22, 89, 63, 70, 26, 93, 70, 48, 21},
		{66, 18, 98, 48, 29, 89, 89, 20, 46, 71, 22, 39, 13, 60, 23},
		{88, 21, 90, 90, 84, 61, 64, 93, 10, 98, 15, 28, 30, 56, 40},
		{99, 71, 22, 79, 41, 70, 92, 42, 13, 57, 48, 92, 14, 96, 94},
		{33, 40, 50, 62, 63, 26, 44, 52, 29, 38, 45, 57, 19, 18, 88},
		{85, 54, 79, 87, 95, 45, 83, 39, 29, 49, 10, 35, 78, 19, 44},
		{48, 56, 46, 59, 87, 23, 63, 94, 42, 71, 25, 83, 53, 90, 98},
		{48, 35, 61, 70, 45, 93, 97, 63, 66, 64, 73, 25, 73, 79, 35},
		{68, 83, 32, 52, 44, 45, 38, 41, 13, 49, 39, 45, 39, 30, 75},
		{34, 10, 39, 76, 72, 51, 96, 12, 65, 41, 51, 22, 79, 71, 81},
		{40, 11, 75, 52, 85, 54, 49, 63, 78, 33, 73, 60, 49, 12, 64},
		{39, 35, 17, 93, 57, 50, 21, 49, 65, 94, 12, 54, 55, 12, 77},
		{34, 86, 76, 75, 68, 15, 34, 80, 58, 31, 93, 63, 28, 91, 95},
		{24, 17, 43, 24, 93, 59, 59, 85, 70, 46, 94, 71, 29, 69, 34},
		{89, 57, 66, 80, 63, 28, 98, 72, 17, 63, 98, 60, 10, 47, 87},
		{82, 85, 49, 79, 49, 44, 42, 57, 77, 29, 33, 84, 31, 28, 75},
		{19, 23, 17, 22, 82, 98, 31, 99, 48, 43, 64, 75, 73, 92, 10},
		{66, 87, 95, 42, 42, 35, 67, 15, 13, 53, 75, 51, 45, 55, 38},
		{85, 14, 87, 58, 36, 27, 49, 48, 62, 69, 74, 39, 90, 31, 15},
		{44, 93, 38, 55, 78, 29, 21, 71, 47, 50, 44, 58, 39, 64, 82},
		{21, 74, 51, 11, 30, 44, 70, 24, 56, 77, 62, 59, 75, 87, 41},
		{35, 99, 21, 61, 54, 83, 25, 31, 55, 38, 15, 36, 75, 72, 80},
		{71, 95, 50, 83, 48, 48, 39, 18, 68, 92, 59, 50, 46, 66, 41},
		{49, 82, 56, 18, 76, 66, 24, 78, 10, 69, 88, 18, 20, 32, 91},
		{15, 90, 55, 52, 11, 76, 19, 43, 27, 52, 28, 50, 78, 45, 91},
		{41, 88, 95, 46, 27, 20, 82, 32, 56, 98, 45, 47, 64, 74, 94},
		{11, 52, 65, 20, 14, 73, 16, 49, 80, 21, 62, 58, 28, 76, 82},
		{14, 36, 36, 10, 27, 10, 89, 70, 62, 37, 98, 81, 35, 27, 70},
		{16, 29, 82, 37, 63, 14, 87, 32, 56, 58, 68, 37, 44, 26, 73},
		{12, 94, 71, 20, 30, 32, 22, 36, 28, 30, 81, 88, 17, 29, 18}
	},
	{
		{21, 82, 65, 92, 27, 53, 43, 14, 13, 91, 22, 36, 37, 70, 87},
		{41, 36, 96, 73, 22, 74, 14, 86, 23, 92, 92, 58, 36, 65, 60},
		{93, 64, 53, 76, 90, 65, 57, 52, 18, 32, 21, 88, 74, 54, 98},
		{24, 48, 66, 26, 10, 39, 84, 11, 66, 20, 44, 21, 91, 80, 91},
		{54, 68, 11, 62, 52, 41, 94, 10, 57, 11, 17, 42, 95, 68, 27},
		{98, 50, 90, 88, 22, 45, 76, 68, 86, 68, 28, 86, 98, 66, 78},
		{18, 95, 28, 19, 46, 34, 64, 13, 14, 50, 17, 85, 56, 45, 92},
		{82, 63, 41, 46, 10, 90, 67, 72, 35, 28, 80, 45, 50, 89, 59},
		{93, 24, 77, 37, 99, 98, 56, 70, 75, 43, 27, 83, 55, 73, 34},
		{89, 73, 29, 93, 16, 36, 11, 22, 67, 84, 41, 52, 94, 15, 34},
		{50, 48, 86, 70, 61, 71, 32, 91, 29, 75, 46, 85, 34, 21, 99},
		{47, 37, 92, 39, 18, 71, 72, 89, 31, 60, 71, 86, 30, 51, 93},
		{23, 34, 66, 63, 21, 99, 59, 50, 42, 78, 78, 95, 84, 69, 87},
		{59, 76, 71, 12, 92, 56, 15, 94, 45, 11, 29, 23, 84, 19, 56},
		{38, 55, 70, 33, 28, 28, 39, 20, 18, 25, 92, 27, 49, 17, 29},
		{64, 55, 36, 97, 94, 55, 27, 15, 24, 84, 27, 34, 33, 14, 11},
		{93, 86, 20, 86, 43, 14, 62, 52, 85, 44, 52, 96, 36, 16, 88},
		{25, 42, 61, 45, 24, 96, 56, 70, 36, 31, 11, 37, 36, 31, 43},
		{65, 51, 39, 77, 94, 61, 34, 80, 76, 30, 17, 39, 57, 19, 66},
		{21, 73, 24, 22, 64, 27, 39, 86, 84, 36, 53, 79, 76, 86, 55},
		{37, 73, 76, 45, 29, 19, 72, 34, 12, 38, 57, 45, 93, 60, 88},
		{75, 88, 75, 29, 61, 62, 38, 58, 14, 86, 61, 53, 86, 15, 77},
		{88, 82, 15, 59, 12, 16, 50, 70, 70, 97, 71, 50, 54, 14, 29},
		{54, 98, 72, 67, 14, 90, 13, 94, 75, 86, 29, 23, 77, 32, 25},
		{24, 83, 42, 39, 66, 79, 27, 92, 66, 80, 96, 33, 65, 90, 53},
		{83, 84, 65, 89, 28, 89, 54, 95, 83, 50, 76, 77, 30, 66, 67},
		{38, 12, 85, 23, 28, 76, 85, 62, 42, 45, 46, 14, 72, 29, 72},
		{78, 64, 78, 42, 20, 30, 31, 66, 18, 50, 67, 98, 89, 89, 95},
		{72, 98, 11, 92, 88, 96, 14, 39, 53, 81, 14, 52, 67, 15, 93},
		{30, 96, 41, 61, 82, 77, 21, 66, 73, 67, 31, 58, 80, 97, 62},
		{43, 39, 78, 84, 52, 10, 66, 32, 42, 66, 36, 87, 54, 48, 80},
		{26, 14, 24, 67, 18, 91, 42, 86, 22, 26, 89, 36, 54, 36, 65},
		{78, 20, 51, 56, 69, 72, 85, 59, 37, 32, 18, 62, 35, 75, 26},
		{42, 64, 55, 30, 12, 53, 72, 38, 69, 95, 76, 45, 95, 40, 67},
		{18, 68, 68, 62, 23, 31, 24, 14, 12, 86, 86, 36, 60, 59, 83},
		{37, 37, 39, 76, 34, 13, 35, 95, 19, 15, 24, 16, 15, 73, 67},
		{60, 56, 52, 76, 23, 36, 45, 56, 23, 13, 42, 37, 77, 66, 93},
		{70, 85, 59, 54, 43, 17, 13, 86, 62, 11, 13, 44, 62, 84, 19},
		{49, 57, 85, 71, 46, 24, 78, 70, 11, 19, 57, 88, 73, 58, 94},
		{82, 39, 25, 69, 10, 10, 49, 10, 17, 61, 18, 34, 88, 85, 24},
		{46, 92, 62, 83, 27, 23, 42, 75, 13, 23, 33, 35, 59, 11, 49},
		{34, 83, 73, 46, 35, 93, 43, 77, 14, 40, 58, 32, 91, 70, 45},
		{29, 55, 42, 16, 79, 17, 64, 12, 10, 92, 21, 37, 81, 34, 99},
		{44, 71, 91, 89, 25, 95, 28, 44, 26, 10, 15, 13, 89, 56, 47},
		{47, 36, 83, 24, 80, 16, 16, 83, 73, 34, 68, 31, 16, 21, 53},
		{38, 40, 24, 69, 70, 44, 51, 95, 28, 19, 60, 47, 73, 72, 54},
		{89, 88, 27, 29, 70, 44, 23, 52, 98, 58, 73, 72, 17, 28, 46},
		{37, 88, 52, 97, 33, 40, 28, 97, 55, 13, 18, 71, 77, 83, 34},
		{74, 83, 48, 57, 41, 75, 36, 12, 20, 62, 14, 86, 55, 78, 67},
		{83, 57, 66, 54, 87, 90, 60, 15, 21, 31, 46, 39, 59, 86, 21},
		{97, 75, 44, 63, 52, 24, 86, 19, 50, 18, 38, 64, 69, 49, 66},
		{83, 69, 87, 20, 86, 84, 60, 40, 11, 43, 12, 34, 44, 23, 93},
		{11, 56, 52, 33, 52, 61, 47, 29, 64, 96, 64, 36, 66, 46, 99},
		{21, 41, 51, 11, 88, 78, 63, 18, 32, 56, 99, 49, 73, 40, 38},
		{82, 76, 99, 77, 12, 20, 88, 94, 88, 61, 90, 85, 84, 68, 46},
		{56, 21, 75, 94, 20, 37, 78, 64, 83, 86, 96, 34, 22, 79, 85},
		{45, 96, 17, 90, 89, 86, 52, 82, 30, 80, 97, 26, 36, 91, 20},
		{11, 38, 47, 57, 68, 63, 75, 93, 18, 75, 14, 20, 24, 63, 46},
		{46, 53, 46, 49, 53, 52, 74, 78, 44, 50, 17, 62, 71, 24, 37},
		{91, 11, 88, 83, 93, 39, 48, 83, 34, 70, 26, 73, 12, 73, 74}
	},
	{
		{34, 35, 45, 62, 72, 16, 60, 82, 78, 59, 35, 29, 40, 42, 80},
		{75, 61, 58, 50, 63, 96, 54, 47, 36, 35, 32, 40, 92, 53, 50},
		{67, 84, 38, 32, 59, 14, 41, 35, 37, 67, 53, 52, 67, 29, 34},
		{88, 94, 59, 66, 14, 96, 28, 98, 61, 15, 80, 97, 48, 29, 36},
		{77, 76, 86, 81, 22, 38, 21, 12, 45, 88, 88, 73, 16, 49, 88},
		{17, 61, 91, 82, 90, 47, 22, 25, 55, 30, 67, 15, 11, 85, 28},
		{68, 32, 97, 66, 92, 89, 73, 42, 59, 23, 48, 64, 96, 75, 51},
		{25, 84, 75, 39, 89, 96, 15, 24, 97, 72, 41, 65, 13, 97, 51},
		{69, 35, 16, 53, 47, 84, 57, 39, 80, 58, 14, 96, 18, 60, 42},
		{18, 52, 39, 45, 66, 33, 72, 91, 71, 44, 86, 52, 21, 80, 46},
		{71, 65, 42, 70, 84, 60, 71, 20, 12, 55, 45, 76, 31, 90, 26},
		{44, 21, 27, 85, 44, 16, 19, 65, 68, 94, 93, 27, 44, 57, 51},
		{91, 92, 44, 68, 85, 95, 28, 60, 46, 96, 47, 10, 73, 66, 71},
		{37, 80, 25, 83, 15, 40, 46, 81, 80, 93, 37, 38, 29, 29, 50},
		{30, 10, 16, 27, 88, 41, 34, 94, 46, 74, 43, 63, 54, 82, 56},
		{42, 49, 18, 55, 78, 59, 90, 79, 58, 27, 98, 43, 76, 79, 11},
		{41, 23, 73, 36, 47, 87, 58, 65, 70, 20, 47, 93, 19, 11, 73},
		{18, 66, 11, 88, 92, 75, 48, 63, 14, 31, 44, 81, 95, 48, 84},
		{10, 73, 13, 16, 41, 50, 11, 95, 80, 22, 78, 82, 96, 21, 30},
		{11, 95, 68, 67, 16, 23, 66, 12, 48, 96, 32, 55, 45, 10, 35},
		{10, 37, 68, 79, 22, 77, 52, 84, 71, 19, 94, 98, 56, 82, 19},
		{84, 95, 47, 22, 22, 72, 65, 75, 81, 23, 44, 14, 19, 99, 45},
		{67, 65, 33, 31, 42, 10, 76, 55, 81, 60, 88, 60, 92, 60, 19},
		{84, 67, 76, 49, 31, 71, 16, 56, 65, 52, 97, 18, 11, 78, 75},
		{83, 30, 79, 69, 64, 66, 35, 44, 31, 51, 80, 49, 12, 38, 40},
		{42, 20, 77, 74, 10, 14, 99, 88, 33, 20, 49, 52, 74, 48, 50},
		{38, 76, 17, 28, 52, 44, 80, 69, 87, 42, 66, 84, 79, 84, 76},
		{43, 13, 84, 26, 41, 76, 37, 69, 53, 57, 27, 64, 65, 37, 16},
		{36, 90, 63, 54, 73, 27, 40, 24, 39, 54, 68, 84, 11, 94, 74},
		{49, 71, 85, 87, 12, 59, 80, 30, 72, 75, 29, 68, 73, 29, 38},
		{25, 16, 16, 13, 90, 59, 31, 64, 13, 35, 81, 54, 12, 76, 59},
		{83, 21, 35, 38, 37, 51, 33, 76, 33, 81, 80, 86, 71, 96, 89},
		{61, 84, 28, 90, 80, 43, 39, 43, 12, 30, 24, 28, 44, 71, 65},
		{76, 98, 49, 23, 80, 48, 72, 94, 41, 74, 85, 26, 83, 86, 49},
		{20, 98, 83, 66, 12, 12, 14, 59, 76, 42, 20, 77, 46, 25, 17},
		{14, 44, 31, 25, 52, 80, 20, 92, 41, 17, 91, 93, 74, 30, 92},
		{10, 49, 53, 70, 76, 45, 74, 38, 77, 75, 12, 62, 83, 27, 67},
		{33, 42, 62, 70, 33, 92, 45, 81, 43, 26, 63, 75, 55, 81, 42},
		{39, 16, 46, 59, 92, 96, 46, 79, 11, 77, 53, 48, 98, 35, 37},
		{89, 33, 59, 71, 13, 91, 30, 47, 87, 50, 72, 87, 53, 62, 72},
		{55, 80, 40, 56, 90, 25, 60, 66, 96, 64, 84, 23, 99, 23, 56},
		{14, 68, 85, 98, 18, 90, 65, 55, 57, 27, 57, 48, 50, 78, 50},
		{21, 74, 95, 79, 65, 51, 59, 29, 43, 42, 93, 50, 35, 58, 38},
		{24, 25, 80, 97, 10, 61, 45, 44, 35, 85, 67, 94, 48, 71, 12},
		{32, 48, 10, 17, 18, 67, 22, 41, 26, 97, 89, 35, 36, 13, 78},
		{15, 64, 57, 28, 59, 94, 36, 71, 98, 75, 88, 54, 73, 20, 72},
		{50, 37, 63, 27, 23, 73, 39, 95, 55, 34, 55, 29, 86, 20, 19},
		{66, 91, 39, 67, 96, 23, 61, 79, 32, 54, 96, 18, 23, 12, 68},
		{32, 96, 54, 29, 21, 93, 44, 62, 32, 85, 98, 86, 69, 69, 85},
		{97, 19, 99, 65, 84, 32, 57, 96, 50, 95, 28, 51, 10, 84, 93},
		{11, 23, 88, 65, 67, 48, 38, 78, 16, 90, 65, 85, 25, 49, 42},
		{13, 94, 69, 63, 66, 49, 69, 12, 59, 19, 22, 32, 45, 65, 95},
		{10, 78, 49, 21, 99, 45, 24, 45, 94, 73, 86, 50, 42, 47, 37},
		{58, 27, 54, 30, 26, 39, 66, 93, 36, 52, 19, 41, 22, 13, 39},
		{41, 96, 61, 91, 99, 59, 86, 57, 46, 25, 65, 95, 64, 31, 55},
		{49, 52, 17, 25, 78, 20, 98, 54, 79, 31, 88, 51, 45, 77, 19},
		{96, 64, 32, 64, 36, 15, 37, 67, 79, 60, 55, 70, 55, 89, 39},
		{73, 84, 86, 81, 85, 67, 53, 33, 64, 22, 15, 55, 57, 88, 10},
		{31, 43, 29, 13, 96, 34, 76, 65, 91, 84, 36, 83, 12, 23, 10},
		{73, 17, 81, 37, 65, 82, 97, 14, 29, 16, 58, 65, 95, 81, 20}
	}
}