alpha=0.2
gamma=0.6
selection_rate=1
max_gen=2000
job_num=80
machine_num=10
pop_size=100
Threshold=9883
scenario_num=20
{
	{
		{44, 28, 96, 45, 11, 19, 11, 79, 30, 52},
		{73, 65, 49, 14, 15, 46, 81, 31, 52, 83},
		{32, 18, 10, 11, 17, 53, 43, 67, 64, 92},
		{38, 33, 41, 50, 94, 95, 84, 34, 28, 91},
		{84, 67, 96, 45, 92, 60, 55, 67, 70, 68},
		{13, 53, 32, 95, 70, 37, 85, 66, 44, 51},
		{87, 53, 55, 42, 72, 28, 87, 78, 34, 93},
		{92, 40, 79, 81, 32, 94, 61, 11, 56, 82},
		{78, 40, 67, 68, 36, 85, 94, 80, 90, 41},
		{30, 58, 49, 82, 40, 65, 57, 24, 87, 87},
		{97, 78, 74, 46, 71, 79, 16, 64, 97, 94},
		{76, 83, 68, 37, 45, 77, 55, 32, 25, 93},
		{20, 27, 75, 23, 29, 82, 65, 77, 21, 99},
		{37, 78, 37, 62, 59, 70, 53, 51, 77, 24},
		{79, 25, 71, 99, 46, 71, 76, 91, 73, 70},
		{22, 95, 28, 39, 68, 66, 92, 89, 17, 20},
		{68, 18, 62, 82, 32, 95, 61, 40, 99, 32},
		{51, 61, 17, 52, 56, 99, 22, 13, 13, 88},
		{83, 42, 23, 63, 13, 16, 19, 87, 75, 87},
		{28, 67, 36, 49, 40, 36, 69, 35, 38, 66},
		{58, 80, 34, 42, 72, 78, 84, 84, 99, 58},
		{18, 31, 40, 79, 34, 28, 99, 87, 43, 20},
		{39, 72, 95, 29, 41, 20, 82, 75, 66, 59},
		{15, 21, 92, 12, 82, 89, 46, 71, 99, 27},
		{19, 33, 79, 38, 87, 14, 22, 73, 77, 26},
		{82, 14, 46, 25, 76, 36, 95, 87, 13, 43},
		{96, 98, 38, 98, 30, 91, 83, 94, 47, 49},
		{43, 39, 44, 79, 47, 32, 97, 73, 74, 36},
		{39, 70, 56, 96, 20, 48, 68, 44, 39, 84},
		{88, 21, 13, 58, 24, 46, 80, 48, 35, 43},
		{38, 28, 83, 84, 28, 14, 47, 61, 77, 19},
		{72, 98, 50, 46, 42, 30, 47, 99, 79, 59},
		{43, 39, 73, 17, 36, 35, 16, 63, 40, 31},
		{21, 52, 75, 20, 74, 15, 28, 85, 48, 47},
		{85, 63, 38, 50, 69, 54, 10, 21, 87, 19},
		{59, 66, 13, 71, 13, 46, 69, 83, 96, 66},
		{31, 60, 28, 13, 36, 21, 30, 14, 24, 80},
		{49, 10, 50, 11, 55, 81, 84, 29, 97, 81},
		{43, 32, 65, 19, 18, 47, 45, 20, 65, 63},
		{24, 58, 47, 29, 12, 41, 89, 80, 96, 51},
		{25, 70, 25, 63, 74, 13, 68, 90, 40, 25},
		{10, 18, 85, 62, 81, 74, 70, 89, 66, 61},
		{43, 37, 99, 98, 38, 62, 28, 54, 65, 44},
		{99, 59, 20, 49, 54, 95, 89, 85, 20, 94},
		{61, 35, 91, 84, 35, 84, 56, 90, 33, 21},
		{73, 19, 96, 52, 10, 56, 76, 70, 79, 18},
		{12, 92, 38, 40, 84, 94, 69, 37, 17, 50},
		{58, 95, 76, 62, 17, 20, 99, 58, 11, 12},
		{88, 82, 45, 99, 99, 50, 52, 80, 20, 29},
		{86, 77, 21, 83, 99, 71, 61, 40, 84, 31},
		{56, 63, 72, 56, 97, 40, 14, 18, 31, 47},
		{89, 43, 72, 56, 89, 82, 29, 78, 50, 22},
		{68, 94, 19, 84, 81, 29, 97, 65, 22, 77},
		{47, 48, 47, 16, 35, 78, 90, 44, 82, 55},
		{44, 10, 34, 10, 41, 42, 88, 50, 66, 62},
		{84, 65, 72, 67, 36, 30, 23, 74, 93, 45},
		{56, 74, 14, 32, 30, 55, 79, 18, 13, 52},
		{81, 22, 73, 49, 32, 27, 68, 26, 64, 84},
		{76, 39, 28, 82, 39, 34, 20, 58, 64, 43},
		{34, 85, 96, 79, 92, 10, 17, 82, 28, 23},
		{52, 36, 72, 34, 38, 48, 16, 12, 30, 60},
		{96, 68, 75, 41, 45, 38, 86, 38, 90, 99},
		{37, 94, 17, 16, 76, 49, 12, 69, 64, 82},
		{78, 95, 77, 34, 92, 70, 91, 37, 88, 98},
		{33, 22, 68, 21, 20, 50, 90, 58, 84, 24},
		{15, 87, 63, 11, 82, 53, 32, 78, 13, 58},
		{88, 89, 67, 96, 79, 42, 90, 35, 20, 10},
		{94, 21, 62, 81, 42, 19, 52, 67, 51, 38},
		{31, 41, 68, 60, 22, 47, 29, 80, 64, 14},
		{99, 45, 81, 93, 59, 32, 43, 73, 49, 89},
		{74, 76, 63, 35, 75, 41, 31, 47, 86, 55},
		{50, 33, 81, 49, 16, 46, 29, 31, 29, 48},
		{15, 48, 73, 58, 65, 74, 51, 11, 74, 67},
		{18, 28, 27, 99, 95, 59, 81, 72, 12, 90},
		{62, 87, 34, 19, 19, 83, 63, 82, 23, 31},
		{64, 33, 26, 16, 63, 10, 23, 89, 16, 12},
		{43, 58, 76, 28, 18, 29, 25, 44, 53, 84},
		{97, 90, 23, 54, 29, 76, 28, 78, 46, 66},
		{31, 23, 75, 16, 69, 79, 81, 50, 70, 95},
		{93, 87, 93, 26, 38, 19, 31, 90, 29, 52}
	},
	{
		{90, 37, 34, 95, 31, 93, 14, 15, 59, 21},
		{37, 64, 70, 93, 31, 78, 30, 27, 90, 12},
		{47, 92, 81, 59, 50, 58, 94, 66, 75, 40},
		{96, 84, 40, 77, 55, 14, 77, 99, 60, 48},
		{47, 13, 56, 47, 67, 50, 54, 60, 76, 66},
		{23, 12, 13, 81, 83, 73, 70, 66, 15, 24},
		{99, 79, 65, 90, 97, 43, 14, 63, 82, 60},
		{14, 49, 33, 94, 72, 89, 59, 88, 55, 36},
		{68, 45, 21, 89, 66, 44, 20, 51, 50, 92},
		{94, 46, 85, 70, 87, 88, 20, 18, 60, 96},
		{50, 37, 79, 64, 41, 83, 11, 17, 25, 16},
		{29, 43, 38, 12, 54, 83, 60, 25, 74, 47},
		{99, 96, 61, 66, 23, 23, 83, 52, 73, 12},
		{16, 29, 47, 48, 83, 74, 20, 22, 21, 10},
		{90, 33, 11, 81, 99, 24, 13, 26, 78, 13},
		{75, 88, 18, 93, 91, 75, 39, 81, 73, 94},
		{74, 73, 61, 71, 87, 98, 61, 53, 14, 92},
		{83, 81, 81, 74, 84, 92, 29, 52, 24, 87},
		{55, 19, 19, 52, 32, 74, 49, 73, 56, 40},
		{96, 15, 65, 70, 62, 56, 77, 84, 97, 66},
		{73, 51, 65, 59, 21, 41, 80, 91, 16, 81},
		{78, 28, 90, 76, 47, 46, 94, 71, 81, 52},
		{95, 15, 47, 78, 13, 52, 27, 41, 95, 79},
		{44, 38, 74, 86, 33, 73, 89, 25, 41, 92},
		{49, 17, 11, 50, 30, 63, 38, 80, 48, 72},
		{38, 83, 24, 14, 84, 84, 28, 29, 93, 94},
		{41, 98, 60, 80, 58, 81, 13, 46, 37, 66},
		{65, 86, 31, 52, 51, 72, 43, 30, 43, 45},
		{97, 44, 16, 70, 75, 96, 27, 27, 21, 36},
		{13, 74, 78, 49, 94, 47, 66, 75, 38, 92},
		{32, 23, 24, 28, 29, 30, 45, 47, 45, 77},
		{24, 51, 23, 72, 97, 15, 95, 87, 48, 13},
		{66, 81, 17, 77, 86, 74, 26, 67, 28, 80},
		{96, 40, 57, 63, 76, 93, 58, 30, 98, 87},
		{16, 94, 81, 77, 62, 38, 79, 54, 54, 40},
		{48, 78, 28, 50, 74, 83, 88, 94, 25, 20},
		{80, 14, 30, 86, 63, 39, 15, 68, 50, 67},
		{31, 91, 43, 42, 79, 28, 86, 35, 64, 67},
		{17, 34, 20, 47, 54, 71, 46, 27, 91, 40},
		{62, 87, 61, 34, 47, 56, 24, 20, 37, 24},
		{79, 93, 11, 90, 22, 99, 64, 69, 31, 23},
		{24, 55, 64, 19, 19, 40, 36, 23, 93, 64},
		{87, 79, 51, 92, 98, 22, 37, 16, 15, 36},
		{89, 69, 99, 33, 59, 14, 39, 86, 58, 55},
		{43, 83, 45, 18, 96, 95, 87, 75, 88, 17},
		{62, 11, 18, 37, 44, 12, 71, 81, 53, 49},
		{10, 92, 97, 32, 50, 73, 49, 98, 42, 51},
		{52, 36, 16, 67, 36, 83, 24, 16, 66, 84},
		{36, 28, 11, 30, 72, 90, 71, 45, 33, 15},
		{42, 48, 62, 15, 94, 48, 83, 51, 33, 32},
		{14, 69, 30, 28, 33, 84, 96, 66, 54, 94},
		{32, 75, 99, 31, 96, 69, 80, 93, 56, 71},
		{47, 65, 60, 34, 25, 32, 53, 29, 34, 28},
		{58, 59, 89, 27, 24, 13, 18, 21, 40, 53},
		{37, 74, 88, 41, 45, 80, 98, 40, 73, 46},
		{18, 68, 42, 15, 57, 87, 95, 57, 31, 94},
		{19, 14, 75, 58, 86, 60, 47, 26, 60, 88},
		{59, 84, 95, 57, 35, 29, 53, 68, 85, 42},
		{47, 14, 88, 42, 76, 12, 67, 33, 73, 95},
		{88, 97, 77, 91, 71, 23, 38, 78, 91, 57},
		{33, 29, 88, 82, 82, 66, 10, 24, 64, 15},
		{65, 62, 83, 68, 95, 47, 44, 75, 42, 45},
		{85, 55, 97, 55, 68, 91, 22, 95, 76, 15},
		{27, 97, 33, 69, 20, 80, 16, 64, 16, 52},
		{72, 68, 33, 93, 89, 12, 74, 50, 51, 65},
		{40, 42, 17, 75, 45, 26, 33, 12, 97, 60},
		{51, 31, 30, 39, 57, 35, 43, 43, 75, 61},
		{71, 34, 29, 61, 87, 89, 47, 15, 39, 51},
		{99, 30, 91, 50, 78, 89, 67, 10, 22, 41},
		{68, 44, 59, 59, 42, 55, 56, 44, 88, 49},
		{30, 65, 44, 30, 27, 38, 51, 96, 60, 91},
		{37, 46, 78, 99, 93, 90, 33, 20, 94, 45},
		{86, 78, 49, 64, 16, 89, 84, 55, 46, 73},
		{94, 12, 68, 80, 53, 48, 24, 27, 52, 26},
		{73, 52, 78, 96, 84, 33, 13, 53, 13, 94},
		{83, 53, 75, 38, 38, 81, 34, 29, 80, 17},
		{96, 14, 92, 54, 85, 38, 43, 23, 48, 45},
		{89, 79, 35, 30, 80, 84, 18, 55, 81, 29},
		{22, 67, 75, 74, 72, 42, 24, 28, 31, 76},
		{21, 36, 70, 79, 95, 79, 34, 87, 88, 70}
	},
	{
		{29, 98, 34, 62, 28, 36, 97, 68, 85, 70},
		{67, 72, 98, 35, 13, 47, 14, 85, 38, 39},
		{15, 67, 69, 31, 83, 18, 78, 44, 31, 46},
		{85, 86, 10, 69, 15, 45, 32, 21, 13, 59},
		{86, 39, 12, 88, 41, 16, 67, 46, 29, 91},
		{62, 94, 92, 69, 92, 43, 10, 25, 96, 58},
		{43, 37, 57, 53, 74, 25, 39, 28, 90, 53},
		{67, 89, 70, 47, 93, 91, 68, 93, 86, 91},
		{61, 42, 58, 36, 41, 83, 60, 97, 64, 14},
		{88, 27, 48, 65, 92, 90, 33, 26, 87, 76},
		{39, 83, 27, 34, 71, 47, 21, 24, 95, 89},
		{84, 19, 40, 79, 98, 54, 43, 35, 32, 12},
		{78, 97, 75, 97, 76, 47, 76, 99, 20, 44},
		{80, 68, 66, 90, 48, 72, 84, 85, 56, 74},
		{57, 86, 60, 80, 14, 13, 54, 64, 91, 26},
		{52, 87, 96, 87, 49, 28, 74, 27, 97, 97},
		{25, 20, 74, 24, 69, 93, 83, 14, 69, 87},
		{89, 78, 43, 73, 62, 15, 92, 46, 42, 95},
		{13, 44, 94, 85, 81, 22, 93, 97, 94, 99},
		{88, 14, 88, 97, 76, 81, 64, 96, 60, 31},
		{31, 37, 29, 40, 95, 86, 63, 72, 43, 41},
		{84, 64, 51, 39, 63, 13, 91, 18, 83, 80},
		{75, 23, 44, 72, 22, 19, 81, 73, 95, 96},
		{15, 28, 81, 66, 84, 38, 50, 97, 30, 56},
		{38, 10, 10, 10, 57, 51, 11, 62, 35, 71},
		{81, 25, 26, 82, 77, 80, 96, 90, 47, 38},
		{84, 21, 89, 15, 33, 14, 28, 76, 16, 46},
		{19, 12, 88, 20, 12, 61, 36, 19, 91, 42},
		{72, 13, 13, 71, 54, 77, 59, 29, 40, 67},
		{30, 77, 56, 51, 28, 70, 90, 35, 28, 47},
		{31, 34, 81, 85, 93, 88, 39, 56, 19, 34},
		{26, 30, 67, 94, 62, 31, 25, 62, 50, 38},
		{34, 65, 75, 41, 88, 31, 60, 43, 13, 74},
		{12, 64, 79, 48, 88, 31, 64, 34, 93, 93},
		{98, 58, 56, 20, 78, 23, 65, 22, 40, 10},
		{50, 37, 88, 69, 50, 16, 72, 85, 94, 56},
		{29, 79, 29, 35, 26, 17, 24, 58, 44, 70},
		{19, 77, 78, 80, 44, 41, 43, 94, 13, 38},
		{88, 27, 39, 35, 75, 31, 11, 91, 13, 66},
		{25, 18, 97, 78, 87, 87, 20, 97, 36, 25},
		{87, 94, 76, 61, 35, 12, 67, 24, 56, 62},
		{11, 60, 83, 22, 39, 94, 26, 48, 34, 47},
		{44, 75, 81, 43, 40, 75, 45, 69, 68, 18},
		{97, 75, 92, 91, 67, 57, 84, 93, 62, 81},
		{11, 94, 83, 64, 25, 36, 43, 72, 88, 61},
		{52, 13, 67, 15, 91, 35, 98, 50, 12, 26},
		{17, 32, 14, 40, 18, 93, 92, 69, 31, 65},
		{94, 80, 88, 76, 32, 88, 23, 94, 78, 10},
		{79, 94, 74, 95, 25, 14, 13, 86, 58, 35},
		{66, 58, 13, 45, 28, 45, 65, 45, 53, 34},
		{82, 83, 97, 29, 57, 52, 75, 54, 80, 82},
		{93, 64, 68, 64, 50, 59, 45, 85, 73, 31},
		{28, 49, 69, 19, 13, 88, 41, 77, 14, 83},
		{52, 31, 55, 44, 61, 35, 97, 99, 52, 92},
		{61, 34, 85, 42, 32, 69, 89, 79, 15, 99},
		{91, 42, 83, 53, 30, 47, 36, 81, 60, 86},
		{99, 53, 35, 29, 73, 23, 15, 80, 24, 60},
		{96, 67, 24, 26, 15, 31, 65, 56, 47, 73},
		{32, 64, 62, 91, 82, 54, 53, 44, 69, 89},
		{51, 30, 68, 17, 67, 49, 29, 81, 34, 61},
		{58, 36, 19, 74, 54, 33, 96, 82, 32, 14},
		{66, 64, 55, 43, 41, 96, 43, 38, 83, 97},
		{37, 10, 49, 47, 36, 49, 72, 77, 83, 39},
		{81, 87, 24, 20, 44, 82, 95, 26, 10, 68},
		{55, 91, 55, 90, 25, 94, 27, 67, 65, 31},
		{29, 38, 63, 35, 78, 75, 12, 91, 48, 48},
		{11, 92, 71, 99, 50, 26, 43, 84, 87, 61},
		{93, 91, 23, 87, 16, 20, 98, 16, 57, 24},
		{55, 37, 38, 77, 70, 50, 87, 16, 12, 98},
		{51, 49, 23, 22, 79, 77, 22, 37, 56, 59},
		{22, 53, 94, 86, 23, 10, 36, 62, 28, 61},
		{98, 24, 31, 66, 68, 51, 47, 61, 53, 94},
		{39, 56, 28, 11, 76, 38, 75, 97, 13, 54},
		{65, 67, 52, 75, 96, 37, 90, 52, 77, 43},
		{68, 58, 61, 35, 34, 60, 99, 27, 15, 25},
		{53, 44, 81, 94, 82, 85, 68, 81, 85, 72},
		{97, 48, 62, 46, 60, 43, 60, 53, 95, 89},
		{15, 94, 83, 62, 52, 21, 25, 89, 69, 99},
		{16, 94, 66, 95, 46, 63, 67, 82, 82, 90},
		{90, 81, 21, 27, 63, 64, 55, 77, 84, 29}
	},
	{
		{34, 41, 17, 23, 87, 19, 64, 48, 14, 10},
		{33, 83, 42, 25, 42, 41, 38, 30, 11, 89},
		{99, 58, 82, 94, 40, 40, 77, 51, 95, 71},
		{10, 59, 62, 28, 84, 14, 97, 48, 81, 87},
		{87, 83, 40, 16, 50, 90, 72, 80, 82, 80},
		{24, 46, 31, 44, 63, 33, 78, 91, 51, 97},
		{97, 88, 91, 22, 10, 50, 82, 43, 83, 22},
		{54, 67, 55, 86, 65, 12, 78, 70, 54, 40},
		{95, 58, 57, 35, 26, 44, 72, 55, 46, 28},
		{70, 84, 70, 56, 98, 58, 43, 47, 46, 76},
		{72, 94, 94, 79, 81, 81, 56, 53, 47, 59},
		{48, 38, 25, 74, 71, 15, 30, 13, 75, 28},
		{62, 66, 89, 63, 38, 90, 39, 58, 31, 63},
		{70, 49, 18, 67, 32, 81, 13, 30, 42, 35},
		{63, 99, 51, 33, 41, 32, 25, 16, 39, 89},
		{41, 64, 38, 26, 71, 11, 62, 57, 43, 64},
		{49, 34, 10, 82, 22, 82, 72, 35, 99, 42},
		{34, 70, 34, 73, 70, 24, 47, 99, 23, 31},
		{65, 71, 83, 16, 68, 61, 86, 80, 33, 76},
		{71, 38, 11, 88, 73, 52, 37, 36, 37, 67},
		{92, 43, 14, 83, 55, 91, 20, 47, 55, 38},
		{99, 94, 17, 84, 90, 61, 44, 87, 47, 23},
		{37, 56, 61, 37, 52, 95, 98, 42, 36, 20},
		{25, 53, 44, 51, 29, 92, 36, 71, 31, 79},
		{38, 42, 30, 20, 97, 43, 14, 40, 82, 58},
		{91, 93, 26, 72, 88, 37, 64, 83, 91, 84},
		{88, 61, 76, 36, 18, 99, 89, 52, 98, 57},
		{19, 50, 25, 71, 47, 82, 35, 60, 12, 22},
		{81, 69, 13, 47, 86, 52, 97, 67, 74, 21},
		{58, 92, 23, 53, 29, 25, 89, 57, 94, 51},
		{16, 17, 66, 58, 22, 77, 54, 57, 97, 62},
		{75, 65, 82, 38, 86, 95, 80, 27, 31, 18},
		{78, 72, 54, 18, 52, 54, 15, 50, 49, 49},
		{92, 26, 60, 83, 64, 91, 84, 55, 64, 54},
		{16, 39, 34, 50, 40, 63, 80, 90, 19, 99},
		{96, 22, 99, 77, 71, 91, 24, 53, 63, 69},
		{64, 94, 28, 52, 64, 15, 96, 33, 85, 37},
		{51, 15, 38, 64, 50, 32, 59, 81, 29, 85},
		{74, 15, 96, 62, 18, 86, 44, 70, 76, 67},
		{10, 78, 27, 49, 35, 97, 87, 29, 83, 80},
		{34, 95, 49, 23, 51, 94, 28, 11, 73, 74},
		{24, 37, 39, 23, 47, 95, 30, 39, 10, 60},
		{92, 92, 84, 86, 74, 26, 45, 15, 10, 22},
		{60, 70, 57, 36, 98, 26, 52, 50, 97, 31},
		{81, 49, 40, 62, 73, 91, 24, 28, 20, 59},
		{58, 87, 41, 81, 18, 70, 99, 52, 82, 49},
		{97, 27, 65, 52, 31, 45, 40, 14, 31, 23},
		{40, 37, 32, 52, 61, 14, 65, 46, 31, 79},
		{54, 79, 70, 35, 65, 65, 53, 57, 36, 98},
		{94, 73, 48, 18, 85, 28, 62, 49, 16, 18},
		{55, 43, 82, 73, 70, 56, 85, 13, 55, 22},
		{72, 65, 55, 73, 51, 91, 28, 86, 73, 33},
		{10, 41, 91, 80, 40, 96, 39, 90, 56, 27},
		{92, 75, 89, 34, 81, 98, 83, 29, 67, 73},
		{31, 23, 79, 94, 97, 96, 86, 58, 17, 12},
		{37, 27, 12, 18, 41, 86, 36, 81, 95, 93},
		{23, 56, 12, 34, 20, 55, 36, 17, 94, 10},
		{31, 25, 85, 45, 14, 65, 53, 86, 38, 42},
		{48, 95, 76, 10, 30, 19, 58, 40, 79, 43},
		{62, 61, 94, 73, 27, 66, 28, 80, 61, 56},
		{61, 65, 49, 35, 57, 57, 17, 19, 46, 56},
		{12, 95, 45, 28, 84, 89, 52, 95, 63, 75},
		{10, 36, 11, 10, 87, 75, 59, 25, 29, 33},
		{48, 49, 87, 15, 67, 19, 43, 69, 90, 65},
		{99, 16, 68, 88, 84, 65, 46, 92, 65, 15},
		{65, 24, 17, 95, 80, 66, 16, 35, 23, 77},
		{55, 97, 92, 17, 55, 33, 96, 71, 98, 82},
		{48, 89, 71, 43, 74, 64, 50, 85, 74, 73},
		{94, 87, 65, 33, 19, 73, 83, 69, 17, 95},
		{41, 69, 65, 86, 87, 17, 61, 80, 98, 12},
		{62, 31, 26, 60, 67, 43, 39, 95, 11, 67},
		{66, 51, 43, 44, 14, 30, 89, 72, 86, 12},
		{60, 62, 43, 73, 70, 34, 48, 53, 41, 57},
		{79, 32, 14, 10, 22, 41, 38, 56, 16, 60},
		{44, 95, 53, 40, 57, 77, 63, 92, 92, 99},
		{49, 74, 19, 88, 81, 38, 96, 71, 51, 79},
		{30, 31, 53, 19, 15, 22, 51, 53, 12, 84},
		{97, 36, 43, 59, 46, 62, 59, 51, 59, 94},
		{50, 17, 55, 38, 80, 59, 72, 51, 39, 11},
		{41, 71, 56, 77, 71, 60, 69, 34, 40, 33}
	},
	{
		{58, 89, 84, 55, 88, 72, 37, 64, 48, 39},
		{17, 78, 59, 77, 63, 72, 28, 14, 47, 84},
		{43, 87, 25, 28, 29, 59, 54, 73, 92, 85},
		{70, 59, 16, 30, 84, 25, 60, 26, 48, 85},
		{81, 45, 86, 46, 15, 98, 43, 48, 49, 96},
		{95, 59, 14, 14, 41, 56, 47, 96, 43, 43},
		{18, 49, 99, 94, 94, 11, 60, 78, 36, 58},
		{59, 80, 56, 91, 75, 88, 23, 83, 33, 60},
		{29, 95, 76, 88, 77, 34, 78, 18, 57, 64},
		{36, 34, 86, 35, 14, 25, 50, 32, 18, 79},
		{96, 82, 36, 48, 22, 71, 21, 17, 88, 61},
		{62, 73, 84, 15, 67, 95, 87, 97, 89, 51},
		{73, 58, 10, 17, 53, 34, 13, 42, 73, 18},
		{63, 45, 42, 94, 17, 87, 68, 84, 68, 59},
		{98, 80, 62, 34, 58, 97, 32, 47, 73, 66},
		{12, 89, 15, 53, 92, 99, 31, 25, 74, 52},
		{97, 99, 93, 47, 53, 76, 63, 92, 83, 77},
		{76, 47, 64, 31, 93, 27, 82, 63, 41, 29},
		{84, 87, 53, 18, 31, 14, 92, 16, 24, 90},
		{97, 76, 24, 20, 17, 92, 70, 10, 69, 84},
		{93, 45, 38, 85, 69, 67, 11, 34, 80, 37},
		{56, 96, 80, 23, 90, 45, 30, 17, 86, 83},
		{21, 83, 89, 39, 47, 20, 24, 86, 63, 20},
		{50, 45, 91, 68, 96, 52, 89, 59, 29, 57},
		{84, 13, 53, 51, 69, 87, 39, 56, 82, 85},
		{47, 66, 23, 33, 26, 43, 64, 65, 56, 41},
		{27, 34, 96, 81, 42, 43, 75, 47, 93, 73},
		{43, 60, 69, 11, 77, 23, 35, 37, 66, 16},
		{29, 68, 34, 38, 58, 96, 82, 67, 31, 47},
		{56, 78, 95, 34, 62, 95, 75, 68, 90, 76},
		{73, 26, 95, 29, 87, 25, 64, 51, 34, 99},
		{70, 43, 35, 16, 95, 51, 78, 36, 84, 78},
		{82, 23, 49, 89, 30, 21, 68, 10, 62, 43},
		{59, 37, 19, 13, 59, 18, 40, 21, 77, 26},
		{88, 89, 76, 50, 78, 67, 46, 26, 63, 99},
		{96, 21, 67, 68, 54, 87, 86, 58, 94, 47},
		{30, 13, 89, 61, 17, 45, 64, 95, 58, 49},
		{10, 71, 33, 33, 21, 68, 58, 62, 81, 10},
		{89, 83, 15, 81, 15, 91, 88, 14, 14, 87},
		{43, 31, 76, 65, 97, 67, 91, 32, 67, 15},
		{20, 89, 91, 87, 93, 84, 73, 96, 28, 66},
		{66, 43, 53, 48, 55, 38, 22, 36, 51, 74},
		{74, 28, 49, 31, 24, 85, 25, 55, 41, 22},
		{14, 96, 19, 26, 43, 80, 78, 82, 54, 50},
		{76, 65, 34, 88, 21, 49, 85, 30, 89, 98},
		{62, 33, 57, 19, 49, 49, 18, 62, 77, 78},
		{44, 27, 75, 63, 36, 90, 33, 78, 42, 85},
		{94, 27, 92, 96, 58, 23, 56, 49, 65, 27},
		{23, 83, 24, 51, 24, 51, 43, 27, 83, 34},
		{69, 99, 20, 17, 75, 22, 74, 94, 43, 20},
		{78, 94, 89, 17, 49, 32, 93, 48, 46, 96},
		{88, 17, 80, 30, 36, 12, 94, 47, 19, 99},
		{10, 87, 69, 53, 92, 67, 28, 82, 69, 32},
		{80, 56, 34, 74, 65, 47, 28, 64, 17, 77},
		{30, 53, 93, 18, 77, 74, 23, 39, 84, 84},
		{27, 65, 56, 75, 33, 26, 90, 28, 25, 89},
		{94, 36, 73, 13, 66, 54, 94, 58, 52, 86},
		{19, 31, 26, 25, 67, 73, 74, 82, 74, 13},
		{14, 71, 95, 97, 95, 94, 28, 53, 81, 81},
		{70, 43, 70, 37, 56, 80, 72, 64, 51, 31},
		{27, 57, 84, 53, 46, 45, 51, 76, 49, 42},
		{98, 34, 55, 99, 56, 83, 96, 10, 77, 72},
		{56, 86, 67, 90, 18, 96, 36, 29, 96, 80},
		{66, 84, 64, 91, 83, 12, 76, 19, 62, 52},
		{38, 38, 40, 76, 37, 82, 12, 93, 41, 48},
		{82, 19, 24, 87, 98, 35, 37, 21, 97, 14},
		{51, 89, 45, 50, 22, 70, 27, 22, 92, 90},
		{42, 38, 14, 68, 49, 60, 17, 12, 89, 49},
		{41, 70, 76, 31, 41, 57, 13, 92, 34, 86},
		{62, 43, 61, 97, 21, 68, 37, 82, 95, 72},
		{57, 27, 41, 23, 99, 86, 42, 89, 64, 61},
		{33, 60, 78, 83, 43, 89, 27, 73, 73, 56},
		{40, 84, 26, 53, 56, 71, 20, 45, 58, 37},
		{72, 27, 87, 81, 57, 53, 32, 20, 73, 52},
		{87, 10, 50, 63, 60, 81, 39, 71, 63, 69},
		{85, 20, 99, 38, 81, 45, 12, 58, 58, 43},
		{90, 68, 28, 84, 76, 36, 13, 93, 41, 46},
		{53, 75, 22, 77, 64, 76, 83, 22, 33, 96},
		{73, 47, 44, 32, 94, 74, 87, 62, 10, 91},
		{93, 12, 72, 82, 96, 67, 30, 53, 57, 75}
	},
	{
		{65, 83, 66, 66, 90, 92, 19, 82, 90, 82},
		{38, 26, 12, 24, 18, 18, 16, 69, 24, 62},
		{64, 79, 36, 65, 40, 45, 73, 60, 76, 47},
		{98, 60, 58, 15, 80, 43, 50, 18, 74, 92},
		{72, 17, 57, 49, 26, 15, 16, 41, 54, 27},
		{86, 26, 33, 58, 35, 50, 10, 14, 69, 64},
		{20, 49, 32, 26, 80, 71, 19, 24, 69, 55},
		{28, 19, 79, 60, 59, 10, 83, 26, 61, 77},
		{29, 88, 17, 98, 55, 92, 79, 35, 94, 41},
		{66, 38, 31, 58, 78, 62, 84, 43, 47, 33},
		{11, 84, 73, 54, 86, 15, 34, 37, 97, 74},
		{76, 32, 18, 28, 19, 60, 32, 91, 44, 71},
		{57, 45, 95, 91, 51, 99, 62, 69, 57, 83},
		{50, 50, 39, 34, 43, 89, 73, 46, 16, 68},
		{74, 72, 95, 61, 98, 76, 30, 69, 93, 17},
		{50, 41, 77, 30, 49, 72, 61, 62, 16, 66},
		{72, 33, 48, 44, 47, 64, 72, 65, 27, 47},
		{94, 28, 18, 75, 20, 82, 47, 75, 78, 44},
		{41, 80, 76, 31, 89, 53, 53, 86, 77, 98},
		{45, 52, 18, 55, 65, 55, 36, 34, 85, 94},
		{25, 54, 46, 10, 88, 75, 59, 16, 54, 18},
		{73, 34, 98, 23, 55, 18, 75, 72, 58, 31},
		{14, 48, 65, 96, 99, 97, 95, 37, 91, 60},
		{35, 89, 79, 68, 11, 43, 71, 83, 38, 98},
		{95, 63, 44, 63, 78, 10, 59, 30, 87, 91},
		{52, 32, 84, 58, 57, 61, 42, 61, 40, 87},
		{52, 12, 43, 65, 64, 12, 86, 81, 48, 75},
		{34, 16, 90, 23, 90, 52, 34, 67, 59, 39},
		{32, 22, 22, 62, 21, 71, 35, 70, 27, 56},
		{29, 47, 95, 29, 45, 24, 73, 61, 61, 55},
		{38, 51, 90, 48, 31, 24, 32, 40, 34, 22},
		{48, 31, 28, 76, 46, 72, 34, 40, 65, 22},
		{54, 19, 46, 72, 17, 97, 63, 15, 12, 31},
		{20, 19, 67, 18, 72, 87, 14, 94, 17, 54},
		{79, 60, 97, 38, 48, 25, 79, 37, 87, 12},
		{64, 48, 15, 78, 70, 45, 68, 97, 99, 20},
		{45, 65, 37, 17, 30, 89, 99, 31, 32, 62},
		{39, 51, 49, 17, 95, 52, 37, 24, 77, 57},
		{35, 85, 94, 54, 78, 62, 24, 47, 87, 41},
		{23, 59, 85, 57, 61, 66, 86, 79, 86, 39},
		{44, 79, 33, 12, 98, 67, 78, 54, 26, 68},
		{86, 53, 71, 75, 95, 24, 97, 57, 20, 65},
		{42, 99, 63, 10, 26, 31, 51, 53, 58, 78},
		{42, 35, 37, 97, 24, 86, 25, 39, 55, 69},
		{95, 52, 53, 87, 47, 79, 32, 74, 40, 50},
		{81, 46, 25, 82, 24, 58, 56, 19, 66, 84},
		{86, 78, 70, 67, 69, 36, 89, 81, 92, 54},
		{32, 27, 68, 67, 33, 93, 14, 36, 99, 13},
		{93, 34, 60, 12, 55, 56, 69, 46, 49, 89},
		{22, 81, 15, 28, 20, 17, 88, 81, 53, 49},
		{23, 43, 84, 16, 69, 19, 67, 89, 72, 64},
		{98, 22, 92, 64, 82, 87, 41, 50, 10, 97},
		{83, 95, 38, 31, 54, 74, 38, 40, 13, 90},
		{43, 93, 50, 99, 19, 22, 91, 47, 73, 89},
		{82, 63, 24, 31, 66, 18, 67, 93, 97, 86},
		{26, 75, 32, 29, 55, 20, 15, 86, 99, 11},
		{34, 76, 77, 61, 91, 82, 70, 67, 87, 32},
		{65, 77, 35, 84, 75, 15, 94, 82, 62, 35},
		{75, 16, 19, 78, 52, 20, 33, 36, 80, 19},
		{93, 34, 60, 27, 81, 44, 85, 80, 47, 70},
		{13, 59, 22, 71, 93, 38, 90, 93, 78, 11},
		{10, 44, 37, 84, 19, 13, 11, 85, 34, 93},
		{45, 40, 29, 98, 67, 68, 81, 27, 73, 77},
		{55, 76, 67, 88, 14, 62, 37, 96, 48, 11},
		{91, 11, 37, 45, 64, 88, 85, 21, 40, 35},
		{38, 53, 98, 99, 37, 73, 99, 39, 88, 82},
		{20, 36, 87, 78, 51, 20, 65, 12, 36, 98},
		{30, 95, 57, 97, 94, 26, 17, 16, 88, 24},
		{51, 19, 43, 94, 21, 53, 23, 97, 10, 71},
		{74, 22, 11, 53, 77, 40, 55, 86, 36, 46},
		{24, 99, 87, 45, 82, 62, 91, 28, 83, 21},
		{10, 45, 91, 16, 24, 73, 21, 11, 67, 62},
		{42, 12, 18, 12, 94, 25, 97, 84, 56, 59},
		{34, 93, 53, 83, 74, 93, 65, 48, 87, 89},
		{52, 42, 58, 53, 80, 25, 12, 16, 46, 78},
		{89, 78, 12, 26, 88, 26, 95, 62, 63, 44},
		{22, 18, 93, 69, 17, 84, 20, 63, 97, 17},
		{90, 91, 76, 37, 11, 45, 14, 42, 50, 24},
		{85, 79, 41, 17, 29, 43, 40, 50, 27, 77},
		{60, 25, 28, 32, 43, 81, 26, 64, 65, 80}
	},
	{
		{99, 82, 40, 17, 92, 69, 69, 53, 47, 45},
		{76, 36, 98, 31, 10, 65, 57, 13, 69, 56},
		{41, 66, 92, 47, 23, 99, 39, 74, 72, 39},
		{29, 26, 38, 44, 20, 11, 72, 13, 34, 91},
		{42, 65, 82, 15, 29, 27, 64, 49, 72, 23},
		{88, 77, 73, 26, 19, 10, 79, 31, 88, 48},
		{30, 76, 52, 13, 55, 18, 27, 35, 61, 68},
		{12, 40, 82, 50, 24, 48, 75, 64, 97, 60},
		{48, 80, 56, 41, 80, 41, 64, 13, 97, 81},
		{71, 48, 53, 98, 44, 91, 12, 47, 85, 29},
		{45, 68, 34, 70, 93, 19, 91, 66, 15, 25},
		{34, 63, 42, 69, 95, 75, 27, 61, 24, 82},
		{89, 94, 35, 56, 66, 77, 63, 43, 47, 71},
		{22, 20, 12, 70, 79, 14, 69, 88, 30, 36},
		{92, 38, 67, 60, 85, 47, 73, 79, 37, 26},
		{88, 59, 43, 92, 89, 73, 19, 62, 34, 26},
		{28, 37, 49, 90, 80, 98, 67, 90, 81, 46},
		{77, 54, 44, 54, 53, 35, 34, 23, 63, 56},
		{14, 96, 37, 82, 31, 81, 54, 65, 48, 96},
		{36, 71, 93, 35, 66, 32, 99, 50, 55, 95},
		{54, 92, 10, 91, 41, 71, 53, 39, 49, 47},
		{25, 73, 36, 23, 91, 35, 55, 30, 73, 44},
		{51, 13, 36, 58, 13, 92, 17, 68, 46, 45},
		{86, 34, 96, 39, 61, 38, 48, 73, 79, 50},
		{54, 28, 34, 73, 76, 74, 90, 57, 21, 88},
		{48, 30, 83, 84, 77, 22, 84, 24, 68, 37},
		{96, 61, 66, 79, 96, 94, 95, 97, 63, 45},
		{39, 55, 77, 38, 63, 83, 20, 54, 89, 91},
		{85, 50, 74, 35, 10, 52, 20, 25, 52, 28},
		{19, 94, 87, 69, 58, 88, 76, 54, 47, 75},
		{36, 67, 88, 38, 94, 24, 85, 86, 94, 71},
		{22, 24, 22, 59, 12, 63, 46, 90, 91, 77},
		{75, 93, 18, 72, 23, 49, 77, 15, 86, 92},
		{78, 16, 39, 17, 62, 78, 17, 45, 87, 75},
		{91, 79, 12, 71, 18, 20, 85, 40, 36, 86},
		{96, 32, 14, 94, 62, 85, 55, 34, 57, 42},
		{61, 78, 85, 18, 54, 39, 63, 82, 65, 38},
		{83, 59, 75, 58, 92, 14, 43, 11, 74, 13},
		{36, 40, 14, 77, 64, 43, 13, 71, 43, 89},
		{18, 61, 99, 93, 31, 21, 99, 80, 74, 62},
		{61, 11, 39, 25, 10, 40, 92, 81, 46, 34},
		{98, 97, 22, 26, 15, 30, 85, 74, 60, 45},
		{45, 14, 28, 53, 26, 31, 28, 72, 95, 38},
		{65, 76, 56, 25, 99, 46, 10, 54, 29, 23},
		{33, 68, 80, 33, 47, 87, 94, 55, 31, 19},
		{28, 35, 69, 19, 49, 51, 78, 76, 21, 73},
		{69, 67, 30, 86, 19, 77, 53, 30, 40, 97},
		{83, 61, 22, 12, 58, 18, 81, 99, 14, 68},
		{43, 62, 78, 98, 26, 34, 65, 53, 90, 23},
		{15, 98, 75, 69, 22, 79, 91, 81, 71, 99},
		{41, 63, 96, 13, 46, 64, 91, 39, 18, 48},
		{18, 39, 19, 82, 34, 57, 39, 60, 48, 35},
		{83, 19, 57, 36, 36, 99, 85, 11, 69, 63},
		{72, 57, 53, 90, 32, 20, 74, 19, 52, 60},
		{23, 49, 67, 71, 88, 64, 75, 70, 24, 21},
		{23, 93, 70, 34, 31, 38, 95, 55, 33, 44},
		{19, 27, 18, 65, 25, 68, 17, 64, 86, 63},
		{65, 60, 48, 27, 56, 41, 50, 86, 50, 39},
		{35, 86, 14, 93, 69, 69, 75, 13, 12, 29},
		{93, 58, 82, 84, 60, 54, 40, 63, 40, 51},
		{31, 12, 26, 99, 98, 95, 88, 34, 17, 87},
		{32, 54, 87, 91, 28, 16, 90, 62, 56, 59},
		{64, 99, 96, 34, 25, 40, 31, 74, 74, 10},
		{76, 77, 69, 92, 20, 22, 69, 61, 43, 48},
		{39, 51, 16, 84, 75, 34, 44, 22, 18, 73},
		{34, 69, 36, 28, 53, 32, 66, 82, 41, 30},
		{90, 15, 90, 74, 65, 76, 76, 80, 28, 90},
		{70, 63, 51, 92, 45, 40, 67, 92, 77, 11},
		{47, 14, 96, 29, 47, 28, 57, 91, 30, 24},
		{71, 87, 99, 50, 94, 65, 22, 70, 33, 78},
		{45, 93, 25, 58, 91, 12, 56, 96, 65, 12},
		{69, 91, 83, 38, 61, 78, 64, 79, 24, 58},
		{78, 28, 68, 85, 14, 60, 86, 42, 45, 99},
		{65, 34, 37, 22, 99, 48, 34, 26, 14, 67},
		{65, 21, 46, 85, 44, 53, 62, 18, 30, 52},
		{46, 18, 20, 49, 74, 13, 58, 24, 60, 61},
		{19, 92, 55, 63, 89, 61, 88, 24, 53, 57},
		{28, 55, 64, 85, 75, 71, 23, 24, 26, 92},
		{74, 60, 45, 61, 45, 62, 37, 35, 41, 88},
		{23, 73, 53, 64, 57, 15, 85, 68, 52, 56}
	},
	{
		{48, 27, 26, 66, 29, 77, 37, 55, 43, 64},
		{15, 72, 19, 49, 38, 56, 71, 28, 37, 41},
		{75, 67, 30, 97, 35, 45, 62, 65, 34, 28},
		{93, 97, 94, 38, 99, 25, 27, 79, 57, 63},
		{60, 82, 21, 81, 74, 33, 80, 68, 28, 21},
		{49, 73, 29, 91, 67, 41, 26, 59, 93, 93},
		{40, 94, 62, 61, 84, 77, 54, 70, 42, 16},
		{59, 45, 58, 97, 42, 80, 20, 63, 18, 78},
		{84, 24, 58, 43, 14, 93, 17, 88, 76, 91},
		{96, 92, 11, 52, 18, 26, 13, 41, 93, 38},
		{83, 51, 10, 97, 28, 63, 90, 40, 53, 44},
		{57, 81, 52, 39, 24, 34, 43, 68, 80, 46},
		{34, 49, 10, 66, 51, 77, 90, 37, 16, 52},
		{59, 36, 31, 95, 18, 92, 84, 49, 21, 76},
		{80, 80, 34, 23, 92, 17, 22, 63, 74, 90},
		{98, 54, 66, 42, 63, 18, 85, 25, 67, 93},
		{14, 76, 96, 41, 21, 12, 25, 17, 14, 14},
		{10, 25, 45, 94, 48, 43, 81, 51, 19, 46},
		{40, 45, 58, 59, 89, 45, 61, 10, 97, 47},
		{26, 17, 14, 58, 76, 59, 76, 65, 54, 63},
		{26, 78, 39, 56, 23, 96, 94, 14, 17, 98},
		{32, 57, 95, 12, 80, 23, 97, 11, 21, 72},
		{15, 99, 98, 61, 67, 82, 58, 36, 85, 97},
		{81, 62, 30, 17, 49, 34, 98, 76, 30, 47},
		{40, 53, 37, 41, 77, 75, 57, 72, 88, 49},
		{37, 63, 36, 30, 75, 26, 11, 44, 70, 73},
		{33, 86, 36, 19, 53, 35, 12, 24, 27, 17},
		{23, 53, 84, 92, 60, 99, 24, 69, 98, 24},
		{31, 24, 49, 21, 77, 35, 14, 52, 42, 27},
		{66, 42, 39, 83, 81, 43, 19, 77, 68, 46},
		{95, 56, 18, 18, 26, 79, 49, 51, 12, 80},
		{78, 69, 59, 37, 21, 71, 30, 63, 62, 50},
		{14, 67, 19, 88, 71, 84, 47, 45, 45, 68},
		{18, 63, 57, 67, 57, 30, 73, 73, 47, 64},
		{69, 16, 60, 82, 21, 93, 52, 15, 12, 16},
		{99, 50, 28, 12, 33, 41, 32, 57, 20, 31},
		{84, 80, 55, 28, 57, 74, 97, 67, 35, 31},
		{66, 31, 74, 92, 98, 95, 11, 87, 82, 45},
		{40, 24, 33, 61, 12, 75, 15, 33, 84, 89},
		{49, 43, 20, 55, 54, 12, 74, 59, 23, 14},
		{28, 29, 70, 70, 11, 46, 40, 34, 95, 55},
		{75, 94, 20, 93, 37, 58, 61, 60, 76, 79},
		{97, 46, 64, 63, 66, 35, 85, 94, 15, 99},
		{47, 89, 58, 53, 22, 90, 29, 74, 85, 15},
		{94, 38, 27, 27, 92, 83, 49, 75, 67, 68},
		{48, 41, 50, 32, 47, 22, 67, 71, 74, 33},
		{24, 80, 69, 22, 69, 32, 99, 48, 29, 56},
		{38, 60, 11, 73, 11, 64, 93, 54, 79, 87},
		{43, 35, 24, 83, 95, 42, 71, 65, 54, 73},
		{85, 25, 87, 62, 26, 67, 57, 14, 28, 51},
		{56, 50, 37, 91, 36, 43, 74, 69, 19, 31},
		{86, 64, 63, 11, 77, 42, 75, 83, 50, 75},
		{19, 19, 11, 39, 29, 82, 18, 80, 46, 70},
		{63, 14, 28, 30, 28, 21, 81, 77, 88, 12},
		{85, 21, 65, 41, 33, 33, 85, 48, 73, 21},
		{55, 79, 84, 78, 50, 90, 23, 28, 23, 49},
		{36, 15, 24, 78, 65, 36, 88, 53, 94, 57},
		{86, 69, 46, 32, 93, 60, 88, 63, 84, 20},
		{95, 36, 61, 78, 36, 16, 66, 71, 95, 85},
		{37, 67, 64, 93, 33, 68, 47, 26, 92, 10},
		{36, 88, 36, 69, 46, 28, 45, 74, 84, 10},
		{33, 76, 13, 68, 86, 46, 38, 12, 11, 26},
		{59, 61, 72, 56, 58, 18, 53, 90, 93, 95},
		{41, 28, 67, 56, 31, 61, 79, 81, 80, 43},
		{11, 15, 51, 15, 31, 32, 82, 34, 92, 10},
		{68, 94, 61, 44, 15, 32, 68, 54, 40, 48},
		{65, 66, 89, 30, 13, 19, 49, 28, 55, 42},
		{43, 15, 62, 55, 88, 63, 61, 12, 55, 83},
		{43, 93, 28, 31, 71, 58, 64, 55, 65, 57},
		{47, 38, 68, 56, 40, 19, 43, 77, 68, 45},
		{48, 13, 79, 90, 42, 41, 75, 37, 11, 88},
		{37, 22, 59, 16, 89, 81, 69, 72, 31, 51},
		{24, 97, 91, 25, 87, 68, 64, 20, 89, 92},
		{36, 84, 69, 79, 59, 31, 93, 32, 78, 73},
		{11, 40, 36, 84, 81, 26, 24, 42, 97, 74},
		{97, 78, 10, 86, 13, 74, 91, 69, 17, 89},
		{78, 37, 66, 84, 50, 35, 89, 35, 42, 46},
		{27, 92, 97, 75, 25, 33, 63, 74, 43, 11},
		{87, 28, 58, 50, 96, 42, 17, 76, 45, 42},
		{64, 19, 46, 79, 29, 97, 73, 69, 75, 33}
	},
	{
		{86, 87, 31, 53, 88, 80, 55, 29, 17, 92},
		{24, 23, 49, 46, 61, 20, 65, 20, 43, 46},
		{72, 95, 38, 20, 35, 14, 74, 40, 41, 13},
		{34, 92, 14, 10, 61, 83, 94, 97, 76, 88},
		{51, 66, 86, 22, 30, 82, 49, 84, 29, 58},
		{58, 82, 22, 14, 46, 63, 36, 98, 76, 79},
		{84, 67, 37, 50, 79, 76, 75, 85, 65, 24},
		{15, 50, 70, 46, 92, 20, 70, 98, 52, 64},
		{70, 38, 22, 68, 10, 50, 83, 15, 31, 11},
		{28, 51, 65, 77, 79, 83, 33, 43, 23, 65},
		{41, 81, 36, 68, 45, 71, 40, 25, 21, 81},
		{96, 16, 32, 76, 30, 30, 19, 70, 76, 12},
		{86, 57, 91, 56, 67, 77, 80, 98, 69, 34},
		{53, 25, 97, 43, 56, 45, 57, 78, 58, 75},
		{17, 78, 82, 20, 16, 37, 20, 22, 65, 18},
		{12, 82, 83, 91, 46, 52, 50, 83, 18, 70},
		{14, 94, 81, 73, 78, 33, 95, 86, 18, 76},
		{18, 90, 81, 90, 23, 30, 84, 87, 32, 48},
		{69, 45, 25, 76, 43, 37, 50, 48, 98, 38},
		{92, 90, 97, 55, 71, 40, 29, 66, 46, 60},
		{71, 97, 20, 74, 77, 61, 39, 60, 30, 51},
		{14, 29, 25, 90, 81, 25, 64, 76, 39, 70},
		{77, 46, 95, 12, 38, 57, 21, 32, 18, 47},
		{94, 81, 71, 89, 50, 96, 25, 19, 95, 79},
		{64, 63, 31, 69, 24, 97, 18, 47, 24, 86},
		{25, 18, 11, 90, 31, 64, 40, 45, 29, 95},
		{23, 25, 88, 88, 70, 22, 74, 98, 95, 87},
		{65, 75, 37, 13, 59, 49, 25, 20, 61, 55},
		{39, 58, 31, 57, 73, 44, 49, 75, 71, 78},
		{31, 98, 55, 63, 13, 34, 42, 52, 48, 82},
		{73, 23, 26, 31, 59, 57, 37, 91, 42, 14},
		{68, 58, 50, 89, 99, 33, 53, 88, 81, 70},
		{20, 86, 44, 92, 53, 96, 86, 68, 29, 81},
		{64, 19, 31, 72, 55, 53, 51, 82, 31, 53},
		{45, 15, 75, 72, 51, 67, 63, 87, 18, 89},
		{86, 60, 13, 23, 43, 65, 42, 15, 84, 27},
		{43, 89, 11, 29, 34, 65, 57, 89, 12, 48},
		{99, 70, 45, 98, 35, 87, 76, 14, 88, 72},
		{37, 34, 60, 43, 31, 36, 22, 58, 56, 87},
		{73, 57, 12, 20, 40, 46, 92, 47, 55, 82},
		{18, 22, 99, 91, 37, 28, 59, 63, 84, 12},
		{74, 74, 19, 43, 63, 39, 24, 56, 57, 68},
		{57, 93, 22, 14, 95, 68, 31, 80, 48, 67},
		{67, 71, 54, 96, 92, 11, 11, 70, 88, 62},
		{74, 59, 69, 34, 48, 37, 91, 28, 45, 84},
		{25, 68, 81, 19, 63, 93, 33, 11, 12, 77},
		{24, 47, 15, 29, 49, 74, 84, 99, 45, 67},
		{57, 68, 31, 60, 28, 61, 93, 71, 85, 24},
		{32, 70, 96, 99, 63, 36, 66, 22, 18, 60},
		{36, 60, 36, 26, 19, 97, 40, 61, 86, 21},
		{63, 77, 31, 79, 69, 27, 49, 55, 77, 10},
		{40, 32, 85, 91, 87, 74, 76, 42, 26, 90},
		{15, 38, 87, 57, 82, 25, 44, 62, 50, 24},
		{96, 17, 16, 14, 64, 69, 32, 96, 39, 77},
		{26, 24, 28, 52, 32, 51, 33, 20, 84, 77},
		{62, 76, 52, 13, 84, 96, 39, 10, 16, 75},
		{75, 59, 94, 10, 47, 19, 51, 38, 79, 59},
		{34, 99, 41, 22, 85, 45, 92, 69, 87, 25},
		{32, 36, 88, 51, 42, 70, 19, 24, 14, 73},
		{97, 77, 37, 45, 95, 30, 27, 61, 67, 99},
		{94, 10, 12, 44, 21, 94, 59, 30, 83, 32},
		{18, 71, 79, 98, 18, 92, 15, 60, 82, 90},
		{97, 15, 20, 46, 94, 27, 60, 73, 23, 43},
		{20, 34, 25, 49, 52, 49, 69, 29, 85, 52},
		{81, 76, 59, 51, 21, 48, 15, 31, 29, 97},
		{55, 29, 47, 55, 92, 54, 81, 63, 15, 73},
		{18, 85, 37, 80, 64, 87, 97, 73, 31, 30},
		{33, 86, 37, 45, 24, 19, 65, 76, 21, 22},
		{59, 81, 88, 70, 65, 54, 96, 51, 23, 26},
		{69, 83, 27, 30, 97, 37, 91, 84, 43, 17},
		{33, 26, 35, 79, 43, 35, 49, 54, 24, 25},
		{40, 72, 43, 30, 85, 44, 38, 79, 23, 57},
		{41, 28, 74, 25, 19, 81, 23, 19, 10, 23},
		{42, 85, 44, 83, 72, 89, 78, 57, 56, 12},
		{28, 81, 93, 14, 68, 66, 44, 54, 23, 72},
		{29, 30, 14, 26, 31, 27, 18, 47, 71, 43},
		{24, 91, 13, 32, 89, 96, 96, 51, 50, 89},
		{66, 63, 52, 93, 94, 34, 70, 40, 25, 83},
		{72, 91, 21, 82, 24, 93, 83, 56, 73, 19},
		{65, 36, 54, 84, 93, 31, 80, 55, 75, 18}
	},
	{
		{38, 81, 59, 87, 79, 31, 33, 48, 61, 59},
		{72, 82, 96, 41, 17, 82, 86, 52, 22, 53},
		{35, 29, 92, 86, 68, 64, 85, 52, 56, 74},
		{93, 71, 28, 98, 65, 20, 69, 13, 41, 26},
		{62, 53, 22, 36, 41, 40, 51, 76, 35, 42},
		{26, 16, 52, 65, 71, 22, 50, 35, 92, 33},
		{94, 50, 25, 76, 64, 86, 27, 30, 85, 63},
		{11, 84, 61, 57, 17, 13, 83, 27, 30, 45},
		{99, 88, 13, 56, 27, 17, 94, 19, 47, 64},
		{10, 76, 60, 20, 90, 88, 38, 18, 39, 37},
		{10, 99, 28, 82, 51, 88, 77, 22, 13, 82},
		{94, 41, 44, 55, 95, 29, 14, 37, 76, 62},
		{81, 92, 59, 48, 31, 96, 71, 78, 69, 81},
		{46, 90, 10, 83, 38, 18, 26, 78, 76, 31},
		{33, 15, 97, 99, 19, 22, 31, 39, 28, 53},
		{57, 46, 95, 83, 78, 53, 92, 53, 34, 65},
		{90, 25, 20, 66, 52, 22, 90, 28, 46, 31},
		{20, 63, 22, 66, 14, 45, 41, 81, 96, 77},
		{74, 31, 40, 20, 67, 30, 16, 49, 88, 42},
		{27, 87, 84, 44, 64, 52, 72, 82, 51, 93},
		{95, 40, 30, 22, 68, 23, 91, 91, 97, 53},
		{16, 97, 65, 99, 83, 87, 73, 63, 97, 33},
		{70, 37, 65, 63, 90, 19, 76, 14, 17, 35},
		{65, 83, 53, 69, 16, 98, 38, 73, 17, 67},
		{65, 80, 74, 33, 34, 27, 37, 29, 66, 19},
		{82, 84, 10, 32, 70, 45, 20, 58, 36, 32},
		{35, 69, 60, 45, 50, 68, 52, 26, 60, 60},
		{45, 76, 65, 60, 87, 67, 68, 61, 30, 51},
		{42, 40, 41, 29, 75, 40, 31, 34, 87, 13},
		{91, 32, 97, 65, 22, 73, 88, 91, 79, 94},
		{54, 16, 10, 30, 77, 66, 34, 41, 83, 97},
		{21, 81, 45, 36, 96, 87, 61, 87, 29, 98},
		{75, 80, 21, 90, 40, 65, 53, 29, 32, 17},
		{22, 22, 57, 62, 81, 88, 11, 88, 54, 63},
		{71, 24, 45, 41, 50, 97, 14, 13, 13, 69},
		{29, 85, 39, 44, 67, 86, 73, 75, 76, 21},
		{50, 62, 21, 56, 68, 41, 87, 44, 23, 44},
		{62, 66, 74, 62, 63, 42, 75, 70, 75, 27},
		{73, 55, 63, 99, 83, 85, 10, 94, 33, 82},
		{40, 25, 42, 25, 93, 97, 43, 33, 19, 38},
		{50, 58, 61, 48, 23, 62, 91, 49, 27, 64},
		{24, 50, 35, 45, 88, 41, 73, 35, 36, 13},
		{66, 58, 18, 82, 62, 68, 51, 76, 50, 33},
		{69, 91, 27, 69, 51, 78, 49, 36, 14, 12},
		{86, 31, 56, 96, 84, 63, 19, 11, 80, 72},
		{17, 54, 48, 72, 13, 34, 58, 53, 33, 79},
		{87, 53, 86, 99, 42, 77, 31, 25, 85, 61},
		{13, 60, 30, 29, 88, 19, 66, 85, 48, 35},
		{41, 63, 72, 51, 17, 48, 11, 45, 42, 92},
		{11, 31, 97, 49, 32, 25, 29, 47, 38, 86},
		{87, 34, 30, 23, 54, 76, 65, 45, 94, 35},
		{67, 34, 93, 29, 26, 12, 20, 47, 12, 78},
		{92, 57, 67, 58, 88, 94, 32, 59, 76, 73},
		{17, 65, 97, 33, 45, 36, 12, 44, 58, 65},
		{87, 32, 12, 36, 13, 50, 68, 37, 46, 56},
		{99, 57, 10, 49, 95, 21, 74, 31, 53, 50},
		{72, 11, 26, 33, 40, 31, 62, 49, 26, 93},
		{42, 46, 58, 92, 51, 84, 49, 75, 60, 43},
		{96, 23, 80, 11, 45, 11, 11, 35, 41, 82},
		{78, 31, 35, 76, 21, 84, 38, 82, 69, 42},
		{89, 70, 26, 21, 16, 51, 82, 69, 23, 66},
		{94, 43, 45, 53, 32, 35, 90, 90, 84, 80},
		{88, 69, 62, 15, 20, 33, 69, 83, 41, 30},
		{96, 37, 66, 22, 63, 73, 34, 90, 41, 36},
		{39, 29, 28, 64, 61, 67, 15, 37, 95, 33},
		{34, 81, 13, 53, 70, 90, 12, 41, 93, 90},
		{51, 57, 68, 49, 47, 21, 96, 69, 52, 54},
		{46, 50, 39, 85, 58, 55, 24, 91, 28, 75},
		{69, 34, 26, 70, 78, 18, 94, 74, 70, 82},
		{37, 38, 27, 94, 18, 36, 32, 86, 67, 12},
		{36, 67, 54, 97, 54, 93, 74, 19, 53, 33},
		{74, 56, 24, 50, 31, 64, 24, 38, 72, 52},
		{98, 80, 94, 89, 60, 36, 70, 46, 17, 50},
		{50, 91, 51, 34, 65, 38, 71, 52, 83, 45},
		{21, 60, 38, 12, 92, 18, 57, 78, 37, 25},
		{63, 59, 59, 18, 79, 66, 94, 53, 77, 77},
		{35, 28, 54, 71, 36, 96, 81, 33, 87, 10},
		{58, 80, 97, 77, 68, 66, 75, 49, 58, 62},
		{18, 97, 47, 54, 74, 74, 55, 87, 10, 33},
		{36, 90, 29, 54, 78, 21, 72, 66, 68, 70}
	},
	{
		{14, 83, 26, 67, 26, 78, 76, 41, 14, 73},
		{94, 75, 82, 19, 41, 44, 80, 69, 78, 47},
		{63, 28, 71, 18, 52, 81, 64, 55, 71, 79},
		{58, 28, 97, 23, 50, 85, 32, 58, 39, 99},
		{85, 99, 23, 52, 19, 61, 77, 51, 43, 98},
		{58, 14, 27, 69, 58, 44, 72, 65, 87, 56},
		{63, 94, 57, 69, 14, 91, 55, 37, 81, 31},
		{26, 30, 25, 74, 17, 58, 46, 36, 66, 79},
		{95, 24, 96, 30, 95, 28, 34, 78, 25, 96},
		{15, 79, 16, 11, 57, 73, 81, 15, 78, 67},
		{16, 36, 91, 34, 39, 72, 90, 76, 62, 82},
		{32, 52, 29, 55, 99, 54, 14, 45, 99, 20},
		{83, 21, 29, 83, 23, 28, 29, 62, 75, 53},
		{77, 81, 41, 90, 44, 49, 19, 99, 81, 73},
		{36, 62, 54, 59, 91, 95, 89, 98, 95, 36},
		{82, 49, 87, 31, 12, 90, 59, 94, 43, 52},
		{34, 33, 64, 83, 64, 38, 20, 14, 17, 22},
		{47, 65, 21, 49, 23, 65, 83, 74, 53, 95},
		{29, 37, 95, 35, 37, 17, 41, 40, 57, 27},
		{70, 58, 16, 41, 47, 45, 24, 51, 41, 52},
		{31, 17, 94, 45, 86, 93, 54, 51, 28, 76},
		{42, 33, 43, 71, 69, 62, 58, 73, 91, 30},
		{18, 36, 51, 24, 52, 27, 43, 58, 69, 42},
		{14, 52, 99, 40, 14, 27, 32, 62, 52, 98},
		{42, 99, 98, 86, 92, 15, 35, 72, 68, 94},
		{14, 37, 15, 75, 98, 99, 46, 91, 98, 16},
		{73, 95, 99, 36, 66, 56, 80, 55, 95, 48},
		{34, 29, 61, 89, 68, 37, 80, 56, 59, 53},
		{13, 99, 81, 29, 37, 45, 18, 46, 23, 85},
		{24, 12, 69, 54, 52, 40, 83, 78, 41, 42},
		{69, 99, 37, 50, 70, 11, 56, 20, 59, 72},
		{89, 66, 21, 76, 35, 63, 55, 54, 76, 53},
		{11, 62, 85, 50, 37, 68, 67, 12, 54, 87},
		{13, 80, 40, 55, 55, 41, 87, 71, 40, 75},
		{95, 60, 54, 59, 48, 63, 85, 17, 10, 48},
		{86, 24, 79, 35, 64, 29, 56, 50, 64, 88},
		{59, 11, 56, 93, 35, 13, 31, 18, 81, 47},
		{54, 49, 36, 91, 11, 83, 89, 20, 35, 19},
		{47, 16, 37, 32, 53, 33, 92, 50, 48, 54},
		{79, 99, 79, 65, 74, 52, 22, 80, 24, 44},
		{27, 10, 89, 56, 28, 42, 27, 33, 46, 96},
		{91, 31, 98, 23, 63, 96, 79, 88, 11, 82},
		{13, 92, 18, 97, 57, 17, 61, 26, 46, 30},
		{88, 13, 30, 79, 73, 79, 31, 15, 97, 59},
		{32, 22, 40, 21, 12, 66, 73, 58, 93, 63},
		{72, 11, 69, 19, 44, 17, 88, 69, 33, 31},
		{10, 20, 34, 62, 22, 35, 11, 30, 91, 29},
		{93, 70, 74, 10, 69, 92, 66, 93, 62, 28},
		{53, 22, 49, 79, 58, 38, 59, 89, 95, 84},
		{31, 94, 23, 50, 42, 58, 22, 39, 33, 68},
		{13, 93, 57, 65, 49, 85, 11, 84, 99, 91},
		{72, 38, 26, 52, 19, 15, 34, 44, 99, 40},
		{22, 37, 51, 96, 65, 84, 34, 49, 39, 47},
		{56, 71, 10, 57, 11, 37, 36, 70, 97, 75},
		{44, 44, 97, 61, 94, 32, 93, 75, 53, 87},
		{57, 82, 19, 21, 79, 28, 34, 48, 61, 94},
		{22, 12, 83, 14, 80, 77, 71, 79, 10, 60},
		{97, 59, 35, 39, 76, 61, 13, 54, 88, 24},
		{65, 77, 63, 75, 82, 17, 78, 93, 59, 31},
		{59, 65, 84, 87, 31, 15, 24, 46, 80, 30},
		{24, 83, 79, 89, 21, 43, 61, 27, 36, 81},
		{39, 84, 79, 22, 85, 92, 23, 58, 75, 28},
		{82, 14, 12, 37, 13, 14, 37, 32, 68, 10},
		{52, 60, 76, 15, 73, 25, 57, 73, 40, 61},
		{20, 18, 72, 58, 25, 95, 10, 59, 92, 65},
		{12, 83, 43, 29, 28, 65, 19, 48, 64, 61},
		{96, 82, 77, 51, 43, 41, 37, 75, 49, 57},
		{80, 87, 33, 11, 36, 79, 53, 61, 26, 14},
		{71, 44, 39, 85, 34, 98, 56, 70, 75, 52},
		{72, 99, 33, 83, 86, 55, 16, 33, 82, 10},
		{52, 47, 81, 16, 65, 59, 95, 99, 50, 18},
		{24, 96, 90, 16, 65, 72, 28, 61, 98, 58},
		{67, 66, 89, 67, 80, 81, 44, 37, 14, 60},
		{89, 56, 67, 33, 49, 35, 24, 42, 15, 65},
		{37, 47, 19, 21, 46, 60, 34, 93, 67, 36},
		{28, 70, 67, 35, 13, 93, 12, 34, 61, 63},
		{75, 78, 60, 64, 53, 98, 52, 21, 97, 57},
		{77, 11, 49, 35, 55, 79, 74, 80, 51, 43},
		{44, 19, 95, 23, 44, 99, 91, 38, 38, 86},
		{39, 51, 25, 12, 65, 48, 36, 60, 84, 32}
	},
	{
		{67, 80, 80, 54, 80, 25, 75, 92, 26, 66},
		{16, 32, 64, 35, 19, 61, 16, 89, 95, 72},
		{25, 23, 35, 92, 53, 95, 74, 11, 44, 67},
		{15, 27, 85, 53, 81, 20, 98, 44, 79, 52},
		{73, 60, 82, 29, 64, 68, 82, 10, 28, 58},
		{23, 76, 53, 81, 40, 22, 86, 27, 28, 96},
		{61, 35, 28, 81, 12, 45, 18, 83, 23, 85},
		{62, 87, 26, 42, 80, 82, 20, 57, 35, 20},
		{16, 81, 93, 61, 19, 47, 76, 25, 93, 99},
		{65, 98, 37, 66, 81, 67, 70, 10, 67, 80},
		{13, 16, 21, 28, 65, 89, 46, 14, 44, 90},
		{75, 93, 39, 56, 79, 81, 81, 89, 22, 89},
		{17, 71, 53, 43, 46, 45, 33, 10, 94, 90},
		{87, 32, 88, 61, 34, 31, 38, 96, 52, 16},
		{58, 99, 59, 52, 32, 22, 70, 25, 86, 11},
		{79, 15, 57, 89, 63, 13, 23, 31, 24, 23},
		{61, 71, 42, 76, 24, 46, 84, 46, 62, 54},
		{23, 59, 92, 42, 26, 43, 42, 24, 38, 22},
		{40, 19, 74, 98, 57, 94, 44, 34, 21, 78},
		{89, 35, 74, 11, 31, 60, 54, 37, 21, 29},
		{46, 44, 51, 20, 60, 76, 36, 93, 50, 20},
		{54, 65, 99, 76, 37, 81, 37, 55, 83, 62},
		{24, 59, 21, 62, 21, 16, 89, 52, 91, 48},
		{93, 88, 56, 91, 33, 97, 40, 29, 96, 94},
		{66, 66, 61, 40, 11, 63, 90, 94, 48, 17},
		{78, 19, 94, 34, 75, 71, 93, 39, 49, 85},
		{94, 25, 11, 55, 80, 60, 99, 52, 87, 68},
		{24, 37, 24, 55, 25, 25, 59, 60, 96, 65},
		{35, 95, 58, 94, 12, 39, 79, 43, 54, 49},
		{88, 32, 49, 92, 34, 88, 30, 81, 15, 99},
		{78, 82, 98, 23, 25, 63, 49, 96, 23, 80},
		{47, 21, 74, 74, 13, 88, 47, 78, 65, 81},
		{84, 67, 93, 72, 38, 21, 95, 57, 24, 70},
		{62, 71, 79, 55, 83, 98, 90, 88, 31, 58},
		{88, 75, 73, 17, 44, 28, 71, 47, 61, 25},
		{23, 73, 88, 67, 19, 65, 69, 81, 88, 24},
		{84, 25, 12, 69, 49, 52, 58, 96, 24, 64},
		{42, 66, 15, 42, 83, 70, 17, 86, 24, 90},
		{38, 83, 52, 97, 84, 68, 25, 34, 67, 65},
		{69, 73, 42, 21, 82, 83, 33, 43, 94, 67},
		{43, 83, 28, 59, 56, 13, 96, 79, 99, 80},
		{23, 88, 87, 63, 14, 32, 55, 56, 11, 74},
		{32, 57, 13, 32, 22, 52, 49, 14, 39, 13},
		{86, 10, 27, 89, 88, 50, 23, 28, 80, 53},
		{45, 63, 86, 53, 75, 51, 17, 39, 17, 16},
		{33, 88, 63, 78, 11, 73, 57, 17, 26, 47},
		{35, 36, 34, 91, 70, 29, 47, 57, 32, 80},
		{15, 72, 68, 84, 12, 60, 23, 47, 52, 28},
		{56, 72, 96, 52, 47, 98, 90, 11, 71, 44},
		{54, 37, 30, 21, 94, 93, 13, 40, 50, 99},
		{25, 92, 11, 83, 33, 15, 77, 56, 65, 49},
		{62, 40, 28, 67, 88, 24, 67, 95, 97, 23},
		{39, 58, 34, 32, 38, 33, 60, 68, 65, 62},
		{98, 62, 90, 93, 94, 18, 67, 95, 63, 65},
		{72, 21, 61, 58, 10, 35, 34, 32, 22, 96},
		{55, 48, 78, 21, 43, 11, 37, 80, 52, 61},
		{57, 22, 99, 36, 56, 65, 76, 53, 60, 75},
		{75, 15, 84, 54, 45, 53, 71, 94, 32, 16},
		{12, 69, 69, 31, 77, 45, 36, 47, 57, 81},
		{34, 57, 98, 61, 12, 62, 18, 24, 14, 46},
		{72, 61, 96, 52, 44, 91, 70, 15, 69, 77},
		{25, 84, 62, 95, 99, 93, 41, 86, 95, 16},
		{66, 22, 31, 95, 15, 53, 99, 64, 86, 84},
		{65, 28, 12, 35, 72, 10, 56, 14, 13, 32},
		{16, 75, 63, 72, 50, 38, 14, 95, 30, 16},
		{84, 43, 84, 95, 84, 72, 73, 23, 50, 96},
		{50, 24, 55, 61, 13, 56, 38, 61, 52, 26},
		{36, 98, 90, 12, 33, 80, 53, 16, 42, 95},
		{71, 17, 50, 61, 45, 84, 55, 56, 98, 81},
		{37, 58, 57, 39, 87, 61, 40, 90, 15, 60},
		{58, 66, 49, 22, 33, 53, 59, 63, 36, 52},
		{44, 27, 38, 80, 23, 84, 19, 33, 91, 97},
		{68, 25, 67, 81, 60, 33, 46, 76, 32, 96},
		{79, 80, 88, 99, 23, 99, 99, 64, 39, 11},
		{15, 69, 93, 87, 55, 26, 92, 12, 19, 52},
		{77, 93, 32, 81, 39, 40, 46, 69, 55, 69},
		{64, 31, 46, 72, 95, 88, 74, 45, 24, 62},
		{33, 27, 48, 96, 56, 54, 89, 81, 71, 64},
		{94, 23, 92, 78, 49, 74, 57, 79, 21, 52},
		{27, 76, 70, 39, 63, 54, 81, 40, 71, 48}
	},
	{
		{24, 16, 43, 83, 82, 62, 59, 71, 55, 92},
		{22, 69, 74, 22, 87, 15, 58, 97, 88, 72},
		{84, 32, 67, 47, 96, 91, 18, 55, 16, 50},
		{24, 33, 16, 80, 61, 70, 12, 62, 24, 85},
		{97, 17, 77, 40, 97, 36, 95, 24, 14, 67},
		{52, 17, 33, 21, 91, 85, 62, 39, 69, 50},
		{28, 66, 92, 34, 45, 32, 13, 70, 81, 26},
		{78, 53, 82, 65, 50, 84, 54, 72, 57, 23},
		{23, 13, 82, 57, 96, 51, 38, 72, 32, 83},
		{44, 75, 33, 84, 15, 40, 20, 97, 16, 53},
		{59, 97, 33, 82, 16, 10, 98, 19, 33, 13},
		{46, 96, 88, 14, 99, 19, 16, 46, 11, 70},
		{40, 79, 74, 91, 59, 40, 48, 69, 20, 15},
		{79, 55, 34, 14, 37, 34, 26, 87, 53, 62},
		{21, 74, 77, 25, 85, 34, 76, 40, 49, 11},
		{39, 29, 70, 10, 26, 89, 23, 68, 22, 71},
		{85, 40, 29, 65, 16, 45, 49, 92, 57, 64},
		{12, 84, 29, 99, 43, 92, 96, 48, 63, 55},
		{46, 22, 26, 95, 79, 38, 89, 74, 82, 82},
		{51, 37, 76, 32, 26, 53, 75, 10, 78, 67},
		{87, 97, 95, 99, 22, 57, 42, 40, 19, 47},
		{26, 27, 42, 43, 16, 40, 87, 42, 41, 57},
		{44, 79, 28, 56, 40, 34, 92, 77, 81, 55},
		{15, 92, 41, 19, 22, 79, 20, 93, 69, 51},
		{80, 57, 30, 92, 48, 31, 64, 17, 32, 31},
		{88, 33, 59, 15, 45, 41, 82, 45, 10, 78},
		{72, 17, 94, 83, 58, 57, 57, 27, 81, 67},
		{93, 59, 93, 30, 31, 37, 80, 35, 64, 86},
		{32, 24, 41, 58, 27, 80, 86, 91, 68, 89},
		{24, 27, 11, 39, 31, 19, 73, 55, 14, 66},
		{74, 92, 89, 96, 99, 79, 91, 76, 80, 70},
		{40, 57, 61, 61, 40, 57, 55, 17, 76, 12},
		{33, 85, 11, 93, 39, 45, 51, 70, 47, 52},
		{21, 90, 57, 72, 53, 10, 50, 98, 38, 81},
		{35, 42, 47, 77, 52, 65, 16, 64, 95, 24},
		{88, 79, 14, 33, 16, 23, 60, 69, 15, 39},
		{33, 88, 62, 88, 71, 60, 37, 67, 88, 74},
		{97, 17, 90, 88, 41, 60, 29, 73, 82, 67},
		{22, 85, 65, 59, 38, 28, 44, 89, 55, 80},
		{93, 71, 66, 22, 60, 76, 18, 75, 62, 80},
		{93, 41, 86, 27, 39, 70, 99, 63, 32, 27},
		{97, 75, 64, 48, 24, 50, 36, 76, 24, 21},
		{36, 94, 40, 88, 59, 64, 71, 69, 45, 59},
		{25, 65, 64, 34, 41, 47, 18, 86, 32, 73},
		{88, 58, 20, 61, 59, 48, 40, 40, 50, 48},
		{78, 72, 34, 46, 60, 28, 81, 11, 21, 37},
		{91, 29, 11, 85, 84, 72, 80, 76, 92, 71},
		{26, 56, 86, 14, 14, 47, 52, 19, 79, 91},
		{41, 65, 50, 49, 48, 34, 32, 70, 99, 73},
		{24, 56, 46, 44, 25, 50, 82, 69, 58, 43},
		{87, 27, 66, 19, 87, 48, 18, 17, 93, 50},
		{48, 60, 90, 82, 41, 27, 38, 43, 13, 16},
		{67, 23, 99, 88, 72, 85, 38, 20, 31, 18},
		{52, 31, 44, 22, 83, 23, 26, 85, 74, 60},
		{41, 28, 31, 23, 11, 75, 67, 54, 90, 86},
		{79, 93, 71, 36, 88, 13, 24, 56, 65, 97},
		{52, 29, 39, 48, 58, 99, 38, 69, 32, 81},
		{52, 18, 46, 44, 50, 67, 56, 61, 24, 39},
		{90, 78, 60, 35, 12, 99, 34, 38, 46, 82},
		{57, 88, 38, 61, 58, 78, 36, 31, 33, 64},
		{24, 91, 64, 39, 72, 76, 39, 44, 45, 25},
		{60, 22, 45, 91, 72, 25, 62, 40, 24, 26},
		{55, 60, 74, 36, 36, 99, 71, 57, 73, 31},
		{76, 36, 58, 88, 95, 49, 90, 81, 42, 42},
		{89, 64, 61, 54, 39, 88, 21, 53, 22, 10},
		{34, 96, 67, 75, 24, 87, 31, 55, 33, 56},
		{85, 29, 47, 98, 36, 81, 56, 62, 40, 64},
		{30, 67, 22, 38, 67, 25, 50, 85, 87, 22},
		{79, 18, 28, 19, 24, 61, 28, 88, 64, 52},
		{50, 90, 70, 57, 46, 19, 49, 28, 40, 56},
		{64, 61, 59, 58, 53, 96, 15, 68, 44, 71},
		{38, 46, 93, 95, 49, 88, 83, 89, 78, 95},
		{29, 49, 13, 75, 31, 80, 96, 59, 10, 98},
		{88, 82, 47, 42, 99, 72, 85, 28, 44, 36},
		{98, 34, 33, 40, 38, 64, 94, 26, 45, 91},
		{22, 62, 94, 49, 96, 17, 16, 64, 55, 80},
		{17, 38, 77, 45, 41, 54, 62, 90, 21, 49},
		{80, 22, 11, 73, 56, 24, 97, 14, 29, 73},
		{76, 33, 23, 79, 17, 21, 95, 49, 70, 90},
		{25, 42, 94, 77, 91, 98, 97, 47, 10, 19}
	},
	{
		{11, 38, 29, 84, 88, 26, 48, 39, 66, 32},
		{68, 90, 60, 21, 14, 74, 83, 21, 28, 24},
		{47, 11, 98, 54, 58, 76, 14, 21, 93, 14},
		{64, 13, 12, 74, 52, 31, 70, 79, 33, 96},
		{88, 12, 84, 87, 75, 29, 52, 83, 58, 53},
		{40, 34, 90, 93, 51, 24, 95, 67, 92, 79},
		{14, 58, 36, 85, 59, 27, 95, 31, 66, 40},
		{46, 99, 83, 81, 11, 52, 60, 98, 55, 59},
		{58, 75, 34, 44, 86, 54, 95, 19, 86, 57},
		{93, 77, 27, 65, 29, 94, 91, 46, 96, 75},
		{91, 46, 39, 26, 87, 44, 27, 96, 37, 80},
		{90, 82, 20, 91, 30, 98, 86, 27, 98, 30},
		{17, 80, 18, 82, 35, 75, 95, 71, 38, 49},
		{77, 71, 34, 99, 16, 34, 66, 80, 12, 11},
		{24, 81, 25, 13, 79, 19, 71, 46, 33, 59},
		{12, 43, 33, 71, 90, 26, 48, 86, 20, 40},
		{71, 51, 94, 46, 71, 35, 64, 54, 13, 26},
		{25, 92, 82, 82, 48, 60, 14, 69, 90, 11},
		{94, 50, 78, 17, 19, 46, 84, 18, 73, 67},
		{12, 30, 79, 63, 89, 94, 69, 76, 75, 82},
		{99, 49, 46, 33, 40, 82, 69, 73, 82, 21},
		{17, 97, 10, 85, 93, 50, 33, 68, 90, 86},
		{39, 51, 64, 44, 76, 85, 94, 49, 31, 75},
		{15, 14, 93, 15, 49, 23, 54, 82, 22, 59},
		{86, 45, 81, 25, 98, 76, 51, 64, 33, 43},
		{73, 40, 19, 88, 59, 78, 80, 79, 19, 27},
		{49, 57, 45, 18, 27, 54, 60, 27, 24, 90},
		{13, 92, 68, 73, 38, 88, 24, 26, 14, 94},
		{74, 96, 74, 47, 48, 15, 54, 19, 42, 41},
		{66, 62, 75, 51, 74, 14, 19, 40, 46, 54},
		{74, 28, 47, 92, 82, 84, 14, 75, 83, 14},
		{65, 13, 86, 27, 33, 24, 40, 29, 42, 63},
		{80, 44, 27, 82, 27, 24, 54, 72, 27, 60},
		{92, 99, 32, 19, 27, 47, 98, 62, 60, 79},
		{72, 76, 86, 31, 89, 98, 83, 90, 20, 55},
		{93, 40, 49, 74, 91, 96, 75, 63, 54, 75},
		{81, 75, 33, 89, 90, 53, 64, 31, 23, 58},
		{42, 71, 59, 86, 56, 61, 25, 73, 41, 96},
		{15, 37, 27, 64, 34, 64, 61, 72, 31, 16},
		{24, 51, 99, 72, 32, 25, 92, 93, 58, 17},
		{55, 35, 75, 22, 29, 41, 60, 36, 73, 63},
		{30, 99, 44, 73, 54, 81, 10, 52, 51, 46},
		{40, 71, 72, 57, 90, 15, 90, 36, 90, 20},
		{19, 53, 65, 30, 54, 34, 35, 68, 64, 95},
		{13, 92, 15, 95, 58, 85, 72, 63, 53, 54},
		{82, 93, 63, 26, 39, 84, 83, 34, 43, 39},
		{45, 50, 34, 47, 13, 29, 26, 95, 34, 98},
		{95, 66, 29, 94, 74, 30, 23, 61, 97, 48},
		{82, 44, 98, 93, 98, 64, 71, 20, 72, 77},
		{54, 13, 55, 14, 71, 32, 28, 14, 11, 39},
		{45, 63, 49, 47, 26, 79, 14, 35, 79, 14},
		{37, 51, 41, 90, 59, 60, 98, 60, 45, 77},
		{28, 48, 95, 35, 80, 44, 12, 73, 17, 34},
		{29, 65, 23, 36, 33, 86, 69, 73, 85, 96},
		{18, 40, 20, 73, 92, 25, 43, 47, 62, 63},
		{39, 23, 42, 37, 75, 80, 91, 52, 68, 40},
		{55, 34, 91, 91, 35, 86, 84, 91, 31, 51},
		{39, 46, 21, 90, 32, 56, 65, 62, 10, 78},
		{43, 51, 57, 86, 43, 51, 93, 73, 21, 94},
		{70, 82, 25, 69, 13, 42, 47, 44, 95, 87},
		{51, 50, 10, 95, 51, 25, 53, 16, 23, 51},
		{33, 60, 89, 63, 67, 48, 29, 89, 14, 40},
		{24, 39, 31, 84, 76, 16, 71, 83, 41, 25},
		{60, 47, 45, 68, 25, 63, 64, 19, 33, 79},
		{98, 51, 91, 80, 77, 88, 25, 51, 67, 78},
		{88, 58, 28, 15, 74, 25, 18, 72, 23, 55},
		{91, 32, 57, 84, 76, 56, 34, 41, 85, 96},
		{69, 66, 40, 99, 68, 45, 67, 46, 27, 87},
		{62, 79, 54, 86, 31, 23, 30, 16, 49, 94},
		{91, 37, 92, 96, 77, 64, 79, 67, 15, 37},
		{66, 37, 13, 12, 94, 55, 64, 33, 28, 48},
		{83, 66, 57, 99, 59, 40, 47, 91, 26, 16},
		{17, 81, 61, 11, 82, 26, 18, 37, 58, 97},
		{51, 79, 48, 64, 22, 71, 40, 41, 17, 66},
		{86, 38, 38, 86, 54, 22, 78, 79, 26, 63},
		{25, 62, 34, 70, 12, 48, 54, 50, 35, 33},
		{95, 71, 88, 98, 40, 61, 32, 46, 62, 37},
		{76, 11, 90, 16, 28, 65, 70, 14, 49, 68},
		{88, 29, 34, 98, 25, 15, 69, 21, 49, 11},
		{43, 50, 56, 11, 76, 60, 93, 18, 57, 51}
	},
	{
		{43, 64, 10, 79, 14, 18, 82, 82, 69, 18},
		{23, 23, 52, 87, 76, 50, 35, 99, 60, 66},
		{50, 96, 76, 45, 57, 88, 56, 27, 65, 92},
		{74, 15, 58, 51, 29, 47, 32, 34, 21, 17},
		{70, 66, 55, 38, 68, 26, 88, 56, 97, 49},
		{21, 81, 62, 14, 25, 13, 83, 74, 27, 75},
		{15, 51, 64, 51, 65, 96, 67, 40, 78, 69},
		{19, 62, 31, 57, 57, 36, 39, 15, 79, 79},
		{17, 40, 87, 43, 14, 13, 33, 46, 38, 29},
		{40, 95, 43, 26, 30, 83, 35, 48, 92, 72},
		{44, 64, 79, 59, 14, 55, 77, 37, 20, 53},
		{63, 89, 31, 44, 99, 92, 44, 24, 61, 87},
		{50, 39, 18, 77, 41, 44, 43, 40, 86, 14},
		{62, 46, 41, 47, 78, 77, 82, 73, 72, 31},
		{41, 87, 33, 49, 38, 98, 79, 92, 73, 77},
		{30, 40, 55, 21, 87, 13, 93, 46, 27, 31},
		{95, 86, 19, 52, 59, 69, 91, 38, 63, 93},
		{72, 16, 42, 70, 62, 37, 26, 66, 45, 75},
		{66, 93, 22, 65, 42, 34, 20, 84, 95, 74},
		{86, 17, 24, 46, 51, 24, 62, 32, 74, 50},
		{99, 86, 58, 64, 15, 69, 74, 13, 71, 52},
		{67, 71, 22, 59, 90, 30, 27, 30, 84, 94},
		{96, 57, 73, 22, 83, 44, 57, 18, 38, 28},
		{77, 13, 16, 55, 62, 37, 77, 36, 28, 52},
		{64, 11, 32, 60, 77, 19, 85, 94, 24, 16},
		{53, 28, 29, 69, 15, 49, 21, 44, 46, 82},
		{38, 71, 98, 69, 57, 44, 33, 53, 14, 26},
		{75, 29, 55, 15, 94, 37, 78, 32, 37, 52},
		{24, 49, 47, 39, 84, 40, 46, 44, 64, 36},
		{51, 45, 52, 14, 61, 45, 67, 76, 77, 96},
		{12, 74, 88, 53, 35, 48, 25, 83, 61, 23},
		{99, 98, 63, 48, 41, 97, 55, 48, 83, 18},
		{39, 63, 79, 48, 88, 26, 87, 67, 25, 58},
		{28, 95, 41, 24, 19, 71, 54, 64, 11, 88},
		{51, 22, 54, 84, 68, 75, 75, 45, 42, 17},
		{72, 99, 55, 95, 78, 57, 55, 43, 21, 40},
		{35, 92, 74, 81, 37, 56, 63, 79, 91, 25},
		{26, 47, 13, 24, 96, 70, 30, 88, 23, 95},
		{60, 69, 15, 74, 56, 88, 27, 13, 12, 69},
		{54, 88, 28, 11, 36, 55, 42, 97, 61, 34},
		{39, 88, 28, 27, 79, 43, 80, 64, 43, 52},
		{21, 80, 50, 58, 44, 96, 72, 89, 23, 64},
		{60, 17, 99, 50, 24, 69, 41, 13, 30, 23},
		{11, 27, 27, 80, 63, 75, 95, 80, 29, 92},
		{73, 41, 32, 23, 19, 39, 50, 14, 32, 43},
		{90, 69, 19, 72, 74, 51, 50, 14, 12, 41},
		{34, 18, 86, 14, 99, 69, 85, 22, 93, 96},
		{25, 25, 75, 85, 19, 60, 80, 28, 11, 22},
		{88, 14, 86, 94, 47, 92, 55, 77, 90, 11},
		{41, 68, 61, 34, 93, 35, 26, 25, 96, 57},
		{96, 82, 62, 83, 42, 74, 45, 95, 64, 82},
		{96, 81, 98, 48, 66, 26, 36, 53, 64, 92},
		{82, 61, 11, 51, 24, 41, 14, 11, 39, 89},
		{88, 10, 75, 87, 87, 99, 87, 19, 76, 79},
		{72, 89, 21, 24, 25, 61, 57, 82, 56, 93},
		{51, 66, 67, 90, 49, 68, 45, 29, 58, 77},
		{76, 14, 50, 51, 63, 11, 30, 34, 26, 48},
		{13, 37, 12, 34, 24, 93, 77, 41, 60, 88},
		{51, 62, 12, 67, 31, 76, 25, 79, 86, 12},
		{39, 47, 40, 29, 27, 37, 57, 11, 45, 72},
		{24, 35, 81, 30, 27, 24, 65, 44, 43, 73},
		{36, 62, 78, 56, 73, 57, 80, 97, 84, 99},
		{54, 26, 10, 74, 94, 92, 13, 91, 75, 68},
		{30, 89, 26, 80, 64, 57, 74, 61, 21, 38},
		{17, 72, 41, 89, 24, 51, 30, 99, 19, 85},
		{80, 98, 48, 57, 60, 81, 40, 70, 97, 77},
		{54, 33, 50, 37, 58, 15, 77, 77, 77, 44},
		{90, 41, 19, 89, 82, 89, 19, 54, 50, 41},
		{59, 21, 84, 23, 38, 58, 75, 98, 30, 78},
		{13, 86, 74, 67, 79, 11, 18, 79, 51, 81},
		{43, 73, 80, 35, 75, 88, 13, 86, 46, 73},
		{93, 54, 20, 24, 49, 77, 75, 33, 63, 51},
		{69, 77, 68, 12, 45, 28, 57, 27, 11, 83},
		{45, 80, 31, 48, 34, 45, 68, 28, 56, 30},
		{17, 98, 89, 69, 79, 49, 64, 49, 72, 35},
		{70, 36, 88, 53, 94, 56, 71, 72, 37, 16},
		{81, 96, 67, 14, 16, 46, 88, 89, 52, 30},
		{90, 22, 74, 80, 42, 47, 72, 40, 72, 29},
		{74, 57, 67, 17, 74, 52, 30, 17, 15, 41},
		{16, 85, 17, 62, 11, 96, 10, 25, 83, 54}
	},
	{
		{13, 46, 56, 62, 39, 57, 42, 99, 23, 28},
		{16, 55, 13, 11, 72, 72, 95, 56, 65, 66},
		{33, 55, 36, 77, 99, 25, 17, 11, 44, 41},
		{55, 20, 76, 72, 67, 84, 77, 75, 82, 67},
		{71, 37, 32, 45, 83, 14, 69, 94, 50, 24},
		{85, 12, 42, 91, 82, 66, 49, 91, 32, 60},
		{64, 38, 59, 63, 54, 54, 68, 20, 37, 84},
		{45, 90, 79, 46, 57, 97, 79, 64, 56, 63},
		{43, 63, 66, 55, 72, 33, 25, 60, 74, 87},
		{49, 35, 83, 93, 55, 94, 98, 70, 69, 32},
		{28, 79, 99, 55, 38, 98, 48, 88, 72, 87},
		{67, 95, 83, 43, 12, 25, 48, 22, 15, 47},
		{75, 19, 38, 31, 48, 46, 86, 20, 97, 28},
		{62, 37, 78, 76, 28, 11, 73, 88, 55, 46},
		{44, 98, 20, 40, 87, 46, 84, 37, 36, 11},
		{18, 54, 35, 76, 38, 30, 43, 22, 60, 93},
		{47, 69, 68, 64, 21, 37, 66, 27, 97, 67},
		{29, 84, 32, 14, 79, 81, 23, 51, 19, 45},
		{44, 90, 36, 66, 60, 55, 62, 50, 69, 25},
		{97, 68, 92, 57, 70, 14, 93, 20, 55, 90},
		{25, 30, 36, 70, 91, 75, 52, 70, 52, 53},
		{37, 99, 75, 31, 38, 88, 26, 62, 38, 64},
		{38, 21, 91, 27, 47, 18, 11, 99, 98, 87},
		{64, 13, 24, 32, 71, 32, 64, 83, 89, 28},
		{55, 35, 37, 51, 44, 39, 87, 11, 28, 99},
		{63, 78, 45, 31, 34, 40, 61, 82, 88, 39},
		{94, 80, 73, 11, 44, 26, 12, 47, 48, 57},
		{32, 66, 48, 21, 65, 37, 68, 22, 52, 37},
		{66, 33, 39, 53, 47, 81, 89, 93, 45, 43},
		{55, 60, 13, 78, 96, 70, 15, 66, 15, 44},
		{93, 13, 68, 80, 12, 83, 41, 52, 47, 44},
		{46, 19, 17, 37, 19, 99, 26, 64, 10, 40},
		{36, 58, 66, 17, 57, 90, 37, 73, 83, 98},
		{39, 93, 55, 42, 82, 69, 75, 12, 89, 22},
		{17, 32, 69, 45, 51, 43, 14, 68, 15, 23},
		{34, 61, 28, 22, 69, 10, 50, 55, 43, 99},
		{80, 33, 79, 98, 95, 22, 43, 33, 88, 94},
		{58, 72, 63, 16, 58, 73, 66, 23, 90, 90},
		{62, 60, 92, 46, 37, 43, 82, 44, 46, 71},
		{70, 46, 67, 19, 88, 57, 12, 45, 15, 51},
		{55, 74, 34, 62, 40, 80, 54, 64, 26, 69},
		{68, 53, 27, 30, 86, 79, 69, 86, 82, 69},
		{10, 71, 17, 36, 58, 84, 29, 49, 61, 51},
		{18, 58, 86, 93, 77, 62, 98, 64, 51, 84},
		{76, 57, 82, 64, 56, 94, 10, 75, 27, 65},
		{71, 20, 91, 27, 36, 10, 94, 80, 14, 97},
		{71, 69, 44, 26, 39, 67, 77, 67, 75, 34},
		{52, 90, 36, 27, 54, 71, 53, 81, 41, 79},
		{14, 21, 25, 59, 68, 92, 59, 98, 33, 89},
		{83, 88, 85, 47, 89, 16, 62, 91, 49, 91},
		{78, 29, 98, 57, 31, 88, 14, 30, 88, 35},
		{55, 32, 45, 44, 84, 25, 43, 26, 62, 32},
		{12, 40, 71, 61, 95, 70, 25, 93, 74, 97},
		{12, 20, 82, 45, 65, 64, 29, 36, 76, 47},
		{36, 57, 38, 49, 22, 99, 69, 28, 83, 30},
		{45, 96, 37, 88, 12, 86, 96, 56, 10, 18},
		{77, 78, 26, 74, 93, 59, 92, 95, 12, 84},
		{71, 26, 81, 66, 12, 42, 21, 77, 94, 55},
		{25, 11, 37, 51, 74, 66, 75, 65, 16, 64},
		{15, 60, 70, 39, 75, 65, 52, 40, 54, 14},
		{36, 88, 36, 81, 23, 25, 53, 90, 66, 83},
		{83, 97, 18, 67, 75, 56, 97, 62, 55, 35},
		{51, 90, 98, 41, 25, 39, 53, 79, 88, 66},
		{77, 68, 20, 88, 93, 31, 61, 79, 82, 50},
		{92, 32, 76, 30, 30, 86, 31, 64, 99, 36},
		{78, 13, 72, 80, 77, 32, 68, 45, 73, 22},
		{70, 10, 97, 62, 31, 87, 46, 12, 95, 19},
		{87, 95, 34, 39, 83, 99, 87, 76, 85, 51},
		{95, 30, 25, 61, 69, 71, 69, 30, 46, 43},
		{54, 70, 85, 88, 68, 75, 39, 57, 48, 69},
		{62, 59, 12, 70, 75, 88, 92, 48, 95, 30},
		{12, 12, 46, 44, 61, 28, 19, 19, 59, 35},
		{21, 10, 94, 44, 37, 28, 22, 93, 17, 80},
		{49, 17, 19, 10, 46, 82, 55, 65, 88, 27},
		{72, 52, 53, 44, 33, 50, 80, 99, 29, 24},
		{72, 44, 20, 83, 78, 98, 70, 57, 24, 80},
		{78, 18, 79, 66, 87, 57, 62, 58, 85, 68},
		{84, 31, 69, 92, 55, 42, 19, 82, 86, 88},
		{77, 97, 48, 24, 72, 56, 93, 69, 51, 25},
		{44, 65, 84, 97, 25, 23, 48, 33, 83, 39}
	},
	{
		{82, 25, 55, 49, 47, 55, 96, 43, 15, 82},
		{87, 51, 41, 19, 92, 80, 68, 87, 29, 42},
		{70, 70, 88, 49, 51, 62, 73, 12, 68, 31},
		{62, 55, 26, 69, 31, 29, 68, 84, 51, 23},
		{21, 24, 20, 70, 90, 60, 38, 57, 43, 40},
		{78, 31, 74, 38, 19, 79, 93, 71, 84, 76},
		{36, 39, 97, 77, 61, 71, 51, 30, 21, 68},
		{27, 12, 57, 90, 83, 83, 74, 78, 79, 86},
		{29, 95, 68, 21, 81, 89, 89, 73, 82, 12},
		{83, 81, 84, 61, 11, 22, 76, 76, 98, 96},
		{71, 89, 58, 58, 10, 77, 79, 84, 17, 95},
		{95, 87, 60, 22, 75, 96, 22, 77, 38, 36},
		{96, 37, 32, 37, 34, 34, 74, 53, 70, 78},
		{78, 36, 75, 11, 19, 54, 76, 31, 51, 94},
		{23, 90, 94, 80, 19, 44, 15, 98, 41, 67},
		{55, 94, 67, 60, 86, 17, 74, 40, 68, 67},
		{53, 48, 67, 42, 51, 43, 93, 43, 69, 68},
		{17, 53, 94, 14, 88, 69, 85, 75, 25, 78},
		{47, 21, 23, 68, 16, 56, 68, 11, 84, 22},
		{75, 52, 74, 91, 28, 36, 63, 57, 75, 84},
		{42, 73, 56, 62, 92, 12, 15, 48, 53, 55},
		{85, 71, 35, 60, 10, 43, 83, 11, 30, 89},
		{67, 13, 39, 70, 10, 43, 85, 59, 75, 14},
		{61, 91, 59, 80, 59, 33, 37, 57, 69, 95},
		{56, 34, 81, 69, 15, 13, 33, 70, 47, 61},
		{75, 43, 82, 35, 60, 74, 78, 91, 87, 53},
		{41, 69, 88, 60, 69, 36, 27, 97, 20, 99},
		{75, 99, 92, 55, 74, 22, 66, 35, 44, 83},
		{93, 23, 51, 88, 74, 11, 28, 51, 57, 70},
		{71, 92, 83, 22, 59, 23, 49, 95, 68, 44},
		{91, 73, 15, 40, 71, 66, 61, 86, 12, 15},
		{37, 78, 42, 39, 74, 69, 53, 52, 21, 23},
		{87, 50, 16, 82, 28, 83, 84, 22, 30, 90},
		{58, 85, 91, 74, 53, 88, 41, 38, 90, 73},
		{81, 81, 96, 36, 10, 42, 68, 68, 93, 77},
		{73, 74, 27, 97, 40, 16, 14, 86, 81, 32},
		{22, 37, 80, 20, 64, 59, 85, 82, 93, 79},
		{14, 94, 83, 58, 67, 86, 72, 50, 62, 66},
		{22, 93, 48, 82, 36, 55, 58, 87, 54, 29},
		{87, 64, 88, 30, 41, 10, 21, 96, 35, 54},
		{63, 16, 81, 65, 54, 88, 90, 56, 75, 30},
		{24, 17, 30, 49, 56, 54, 10, 19, 79, 83},
		{62, 82, 89, 80, 98, 25, 22, 50, 99, 43},
		{41, 84, 79, 49, 89, 69, 44, 17, 30, 66},
		{85, 82, 91, 50, 24, 57, 83, 65, 57, 76},
		{76, 10, 49, 37, 18, 67, 88, 59, 61, 54},
		{34, 93, 23, 32, 14, 42, 26, 12, 42, 58},
		{91, 25, 99, 85, 94, 40, 86, 30, 19, 55},
		{53, 36, 15, 88, 65, 38, 99, 58, 89, 81},
		{16, 98, 37, 51, 79, 72, 11, 99, 69, 12},
		{12, 88, 42, 34, 24, 80, 62, 90, 45, 14},
		{80, 54, 89, 73, 71, 75, 31, 81, 85, 86},
		{65, 42, 12, 49, 83, 32, 76, 51, 41, 94},
		{71, 23, 38, 51, 24, 94, 72, 67, 15, 11},
		{97, 99, 21, 60, 77, 90, 46, 73, 50, 87},
		{90, 95, 57, 13, 69, 95, 83, 51, 77, 69},
		{46, 74, 19, 87, 24, 16, 40, 93, 92, 66},
		{39, 56, 70, 78, 94, 37, 16, 99, 27, 80},
		{35, 30, 36, 15, 74, 48, 48, 12, 37, 98},
		{47, 82, 53, 32, 67, 11, 43, 86, 37, 33},
		{43, 82, 62, 32, 95, 19, 94, 71, 49, 34},
		{93, 60, 17, 63, 93, 92, 27, 29, 41, 37},
		{99, 51, 90, 69, 83, 22, 28, 13, 33, 54},
		{72, 57, 80, 16, 28, 88, 24, 90, 52, 85},
		{99, 56, 25, 81, 40, 96, 84, 65, 54, 63},
		{45, 80, 68, 22, 41, 93, 38, 65, 46, 84},
		{46, 56, 96, 23, 45, 86, 97, 58, 60, 27},
		{79, 98, 43, 54, 46, 31, 31, 61, 56, 33},
		{42, 48, 39, 33, 98, 41, 51, 34, 41, 37},
		{42, 73, 90, 77, 42, 86, 81, 30, 66, 69},
		{70, 93, 56, 61, 39, 96, 91, 21, 36, 19},
		{78, 83, 41, 50, 97, 86, 97, 90, 18, 36},
		{20, 78, 84, 21, 52, 76, 21, 16, 92, 32},
		{99, 34, 44, 57, 32, 60, 74, 35, 53, 88},
		{70, 23, 22, 48, 31, 37, 13, 21, 75, 25},
		{98, 87, 13, 46, 98, 55, 42, 16, 70, 71},
		{57, 99, 49, 14, 88, 26, 78, 43, 75, 26},
		{98, 33, 61, 43, 31, 56, 37, 68, 42, 45},
		{63, 75, 53, 61, 57, 94, 58, 52, 31, 18},
		{76, 75, 62, 49, 14, 90, 52, 94, 53, 30}
	},
	{
		{46, 39, 45, 45, 94, 59, 49, 30, 71, 60},
		{99, 20, 91, 11, 28, 55, 65, 70, 26, 11},
		{78, 94, 29, 34, 59, 76, 54, 55, 64, 66},
		{88, 80, 27, 37, 30, 70, 56, 79, 75, 62},
		{49, 75, 55, 45, 56, 64, 27, 52, 65, 40},
		{77, 35, 21, 79, 17, 18, 57, 22, 20, 21},
		{65, 45, 70, 78, 20, 46, 41, 30, 74, 76},
		{69, 81, 91, 54, 55, 94, 86, 78, 77, 26},
		{62, 61, 10, 42, 59, 95, 99, 63, 17, 76},
		{39, 34, 72, 69, 69, 54, 71, 12, 13, 38},
		{30, 37, 93, 57, 32, 99, 74, 80, 85, 35},
		{37, 84, 72, 83, 62, 37, 71, 67, 62, 97},
		{94, 98, 82, 51, 69, 60, 31, 14, 77, 26},
		{92, 51, 35, 51, 29, 73, 33, 88, 47, 31},
		{79, 72, 48, 59, 77, 43, 45, 12, 67, 14},
		{90, 90, 88, 44, 99, 81, 96, 21, 30, 51},
		{28, 93, 23, 47, 26, 21, 89, 55, 86, 59},
		{30, 29, 24, 66, 79, 70, 22, 39, 62, 63},
		{32, 71, 10, 11, 42, 82, 61, 22, 52, 17},
		{43, 59, 47, 31, 57, 73, 39, 71, 76, 61},
		{84, 11, 20, 40, 22, 56, 87, 69, 12, 23},
		{26, 15, 80, 88, 67, 66, 56, 87, 40, 25},
		{72, 24, 39, 61, 10, 64, 15, 31, 53, 18},
		{49, 39, 88, 40, 73, 77, 39, 49, 70, 30},
		{78, 19, 75, 48, 28, 33, 94, 33, 29, 89},
		{30, 57, 92, 80, 24, 75, 61, 75, 78, 25},
		{75, 36, 63, 43, 26, 47, 28, 81, 38, 64},
		{35, 48, 27, 77, 97, 17, 59, 46, 98, 55},
		{96, 24, 86, 94, 22, 29, 35, 87, 51, 17},
		{57, 91, 70, 92, 39, 37, 72, 26, 21, 59},
		{35, 17, 88, 51, 32, 33, 73, 87, 87, 96},
		{15, 47, 21, 28, 70, 87, 44, 63, 27, 35},
		{46, 81, 82, 74, 27, 34, 85, 69, 61, 68},
		{51, 92, 80, 94, 26, 82, 52, 51, 51, 57},
		{89, 16, 60, 99, 26, 63, 64, 40, 88, 29},
		{87, 67, 27, 81, 85, 33, 92, 33, 88, 84},
		{76, 90, 40, 33, 67, 75, 43, 40, 55, 33},
		{66, 33, 60, 97, 11, 89, 51, 91, 86, 80},
		{69, 81, 72, 43, 48, 76, 80, 98, 65, 71},
		{65, 90, 52, 36, 75, 30, 31, 27, 16, 82},
		{94, 77, 17, 70, 14, 71, 48, 20, 53, 78},
		{33, 10, 23, 91, 66, 34, 55, 13, 76, 69},
		{55, 60, 90, 28, 56, 78, 71, 32, 16, 77},
		{56, 60, 49, 65, 79, 67, 78, 75, 77, 32},
		{83, 55, 65, 39, 60, 66, 80, 54, 90, 10},
		{56, 59, 26, 26, 45, 16, 83, 98, 26, 19},
		{61, 91, 53, 37, 67, 27, 69, 26, 63, 72},
		{11, 47, 85, 83, 74, 70, 37, 12, 65, 97},
		{76, 64, 67, 33, 12, 43, 34, 74, 49, 43},
		{19, 31, 62, 90, 42, 72, 65, 19, 66, 79},
		{57, 13, 20, 66, 53, 48, 98, 28, 28, 61},
		{51, 27, 26, 93, 24, 55, 33, 41, 35, 93},
		{67, 69, 81, 50, 84, 57, 80, 24, 51, 98},
		{68, 19, 28, 33, 69, 41, 14, 31, 47, 67},
		{41, 24, 65, 45, 28, 42, 63, 40, 20, 70},
		{39, 65, 61, 98, 48, 33, 85, 56, 62, 20},
		{52, 48, 56, 31, 99, 73, 79, 38, 26, 29},
		{17, 53, 73, 19, 88, 32, 33, 50, 79, 40},
		{36, 32, 29, 83, 65, 29, 54, 30, 29, 31},
		{88, 38, 24, 13, 96, 78, 80, 34, 90, 17},
		{42, 10, 52, 86, 28, 21, 10, 60, 91, 73},
		{41, 10, 20, 75, 40, 45, 69, 13, 87, 24},
		{34, 87, 96, 61, 43, 76, 25, 62, 79, 93},
		{94, 12, 16, 86, 52, 64, 15, 86, 61, 79},
		{64, 73, 28, 99, 80, 36, 51, 39, 82, 29},
		{79, 74, 70, 80, 67, 68, 78, 71, 89, 38},
		{88, 71, 84, 42, 96, 58, 94, 83, 10, 57},
		{78, 87, 81, 10, 88, 29, 70, 25, 11, 82},
		{51, 45, 94, 73, 59, 51, 96, 20, 18, 88},
		{88, 52, 50, 41, 10, 46, 22, 93, 84, 15},
		{20, 19, 66, 18, 10, 47, 41, 72, 81, 96},
		{85, 35, 14, 67, 20, 49, 21, 90, 37, 17},
		{89, 97, 26, 90, 95, 86, 66, 82, 75, 99},
		{74, 46, 12, 31, 18, 44, 31, 86, 40, 40},
		{88, 61, 55, 28, 32, 15, 44, 56, 48, 50},
		{18, 50, 35, 46, 87, 73, 27, 73, 21, 53},
		{80, 86, 90, 34, 23, 48, 15, 58, 14, 89},
		{58, 12, 45, 54, 25, 11, 77, 92, 11, 40},
		{30, 32, 85, 91, 58, 47, 98, 62, 48, 92},
		{29, 18, 84, 44, 47, 61, 69, 84, 63, 60}
	},
	{
		{52, 38, 22, 38, 85, 81, 49, 33, 51, 71},
		{18, 12, 51, 71, 72, 51, 38, 28, 27, 31},
		{48, 24, 69, 90, 27, 16, 28, 39, 96, 94},
		{84, 90, 77, 46, 94, 46, 37, 68, 80, 54},
		{26, 73, 81, 34, 67, 72, 77, 52, 50, 27},
		{56, 90, 85, 82, 56, 28, 37, 56, 94, 53},
		{13, 11, 34, 29, 46, 49, 73, 96, 12, 98},
		{31, 22, 96, 53, 41, 84, 10, 95, 81, 47},
		{38, 66, 84, 69, 85, 84, 73, 19, 79, 83},
		{45, 66, 19, 79, 43, 17, 62, 65, 76, 77},
		{17, 71, 88, 95, 14, 98, 97, 86, 74, 83},
		{34, 63, 77, 38, 31, 94, 54, 19, 41, 97},
		{23, 26, 89, 60, 73, 74, 42, 17, 95, 70},
		{20, 10, 88, 67, 39, 33, 38, 21, 90, 80},
		{37, 77, 68, 71, 18, 35, 75, 58, 55, 18},
		{78, 80, 38, 94, 98, 72, 91, 24, 21, 91},
		{78, 43, 16, 59, 25, 75, 62, 85, 39, 36},
		{63, 16, 37, 32, 91, 64, 50, 40, 92, 33},
		{34, 10, 70, 62, 81, 46, 30, 10, 90, 53},
		{70, 25, 66, 51, 47, 44, 10, 61, 15, 73},
		{44, 16, 64, 36, 77, 38, 31, 73, 11, 86},
		{99, 57, 70, 42, 48, 43, 49, 31, 29, 20},
		{72, 69, 10, 90, 49, 90, 71, 84, 10, 90},
		{37, 69, 84, 69, 22, 86, 33, 13, 86, 79},
		{48, 85, 35, 68, 15, 57, 39, 37, 81, 26},
		{86, 18, 38, 72, 40, 33, 97, 54, 64, 95},
		{70, 19, 36, 42, 26, 86, 57, 89, 23, 40},
		{34, 89, 49, 67, 66, 74, 54, 39, 29, 78},
		{66, 56, 21, 24, 41, 62, 40, 15, 56, 52},
		{83, 29, 12, 44, 26, 42, 79, 85, 65, 28},
		{30, 83, 16, 54, 96, 96, 22, 95, 22, 34},
		{80, 31, 12, 99, 72, 58, 78, 95, 73, 78},
		{55, 36, 53, 56, 62, 28, 98, 72, 38, 11},
		{77, 46, 10, 63, 12, 45, 50, 82, 39, 74},
		{42, 36, 22, 17, 33, 86, 90, 81, 87, 45},
		{58, 68, 38, 31, 77, 42, 74, 65, 69, 30},
		{38, 82, 23, 72, 59, 35, 86, 64, 72, 15},
		{51, 91, 62, 74, 35, 87, 46, 29, 78, 41},
		{75, 29, 71, 38, 67, 21, 33, 77, 10, 12},
		{59, 22, 16, 54, 41, 77, 59, 31, 64, 25},
		{74, 50, 49, 80, 68, 47, 91, 18, 84, 78},
		{84, 96, 24, 98, 60, 94, 45, 60, 26, 86},
		{73, 36, 86, 64, 10, 16, 87, 43, 17, 75},
		{94, 62, 10, 72, 43, 66, 51, 29, 29, 59},
		{96, 23, 26, 98, 10, 53, 53, 94, 20, 82},
		{72, 84, 19, 98, 29, 66, 49, 80, 13, 77},
		{12, 44, 88, 78, 31, 17, 86, 64, 58, 23},
		{91, 26, 89, 98, 31, 83, 33, 88, 42, 63},
		{79, 91, 90, 62, 84, 92, 46, 83, 91, 66},
		{37, 86, 59, 49, 34, 39, 66, 57, 74, 21},
		{38, 49, 37, 49, 72, 74, 44, 36, 36, 77},
		{94, 30, 43, 56, 96, 37, 71, 80, 59, 86},
		{29, 80, 78, 10, 73, 72, 49, 62, 78, 87},
		{79, 82, 47, 14, 99, 67, 17, 19, 60, 29},
		{70, 88, 23, 35, 80, 92, 12, 13, 55, 28},
		{66, 51, 83, 83, 33, 14, 56, 71, 83, 14},
		{61, 52, 74, 59, 19, 13, 32, 13, 37, 82},
		{38, 61, 27, 35, 96, 95, 76, 14, 80, 65},
		{99, 30, 68, 30, 34, 54, 93, 35, 27, 41},
		{41, 73, 72, 94, 61, 26, 29, 88, 22, 51},
		{99, 27, 38, 72, 19, 18, 74, 49, 87, 22},
		{15, 19, 11, 89, 50, 23, 87, 92, 84, 45},
		{41, 15, 60, 55, 19, 23, 41, 95, 61, 33},
		{77, 63, 96, 75, 75, 25, 51, 85, 19, 68},
		{49, 17, 68, 42, 21, 58, 37, 85, 35, 70},
		{12, 65, 94, 70, 97, 71, 31, 27, 55, 78},
		{42, 94, 53, 84, 15, 39, 50, 62, 10, 45},
		{74, 80, 28, 50, 79, 33, 21, 80, 69, 63},
		{85, 59, 24, 38, 19, 92, 78, 22, 58, 60},
		{64, 45, 73, 83, 58, 48, 78, 62, 97, 47},
		{98, 87, 54, 72, 49, 86, 64, 38, 19, 29},
		{93, 80, 57, 73, 68, 72, 15, 93, 36, 85},
		{23, 48, 77, 19, 86, 89, 55, 66, 98, 45},
		{34, 76, 29, 14, 46, 55, 35, 37, 89, 81},
		{70, 13, 68, 38, 79, 58, 92, 95, 65, 10},
		{58, 17, 43, 55, 71, 42, 72, 28, 51, 60},
		{86, 64, 19, 48, 26, 32, 11, 34, 36, 92},
		{29, 64, 33, 27, 58, 64, 44, 93, 74, 12},
		{97, 41, 66, 10, 81, 49, 77, 41, 16, 59},
		{36, 87, 18, 12, 39, 82, 15, 53, 30, 75}
	},
	{
		{13, 47, 40, 22, 17, 71, 88, 18, 35, 20},
		{29, 59, 24, 58, 48, 25, 15, 58, 43, 86},
		{93, 20, 12, 96, 54, 53, 96, 97, 31, 26},
		{38, 24, 28, 14, 33, 24, 13, 72, 62, 66},
		{15, 48, 94, 32, 64, 61, 72, 39, 24, 70},
		{29, 20, 33, 97, 99, 30, 37, 43, 35, 47},
		{10, 56, 86, 19, 74, 90, 87, 14, 78, 52},
		{39, 11, 34, 10, 43, 35, 94, 28, 79, 60},
		{55, 35, 41, 11, 94, 84, 26, 69, 36, 46},
		{30, 27, 86, 59, 51, 93, 53, 75, 24, 73},
		{85, 25, 20, 51, 98, 11, 19, 38, 12, 73},
		{12, 32, 98, 31, 61, 61, 53, 99, 11, 87},
		{18, 44, 92, 19, 57, 51, 82, 17, 31, 95},
		{18, 72, 84, 39, 59, 44, 45, 14, 36, 50},
		{77, 74, 62, 33, 81, 33, 35, 68, 87, 28},
		{39, 98, 54, 85, 53, 90, 68, 60, 28, 25},
		{30, 86, 43, 86, 55, 30, 27, 42, 55, 81},
		{32, 72, 77, 69, 40, 23, 25, 86, 54, 10},
		{20, 69, 55, 30, 60, 83, 34, 74, 10, 96},
		{30, 70, 68, 16, 36, 87, 91, 84, 52, 36},
		{77, 78, 82, 93, 30, 30, 22, 41, 50, 14},
		{45, 60, 48, 65, 72, 67, 49, 51, 30, 57},
		{63, 32, 88, 91, 60, 53, 93, 44, 89, 63},
		{89, 43, 26, 38, 45, 88, 76, 51, 15, 15},
		{18, 34, 96, 21, 95, 60, 67, 95, 52, 28},
		{30, 24, 27, 50, 50, 16, 11, 57, 51, 57},
		{65, 23, 56, 58, 37, 13, 48, 65, 74, 29},
		{28, 94, 10, 52, 79, 44, 51, 67, 80, 85},
		{19, 87, 73, 65, 78, 26, 52, 24, 65, 69},
		{11, 87, 65, 66, 87, 47, 61, 41, 12, 87},
		{35, 32, 36, 99, 98, 11, 60, 71, 20, 97},
		{43, 48, 65, 27, 64, 40, 56, 48, 94, 28},
		{20, 90, 54, 68, 83, 58, 53, 33, 81, 17},
		{22, 46, 83, 36, 41, 41, 98, 23, 65, 97},
		{33, 86, 76, 76, 47, 95, 23, 68, 39, 28},
		{62, 93, 28, 32, 65, 53, 20, 36, 17, 46},
		{34, 80, 56, 59, 30, 59, 51, 85, 43, 32},
		{27, 91, 37, 12, 74, 96, 92, 49, 77, 59},
		{33, 21, 24, 49, 85, 51, 52, 65, 90, 97},
		{82, 94, 94, 52, 99, 93, 82, 61, 57, 86},
		{29, 57, 24, 42, 99, 48, 13, 76, 29, 26},
		{52, 35, 72, 59, 76, 24, 47, 93, 96, 35},
		{89, 10, 27, 19, 68, 61, 53, 99, 38, 86},
		{28, 74, 64, 61, 75, 38, 22, 25, 18, 89},
		{77, 53, 94, 99, 46, 79, 20, 34, 44, 98},
		{90, 78, 77, 31, 69, 15, 16, 73, 66, 68},
		{69, 54, 13, 39, 68, 54, 88, 73, 75, 54},
		{89, 74, 18, 26, 67, 78, 75, 12, 85, 87},
		{49, 26, 77, 77, 43, 47, 30, 81, 95, 49},
		{50, 55, 32, 70, 58, 90, 53, 18, 72, 39},
		{49, 18, 86, 24, 99, 32, 67, 22, 29, 47},
		{84, 27, 68, 34, 72, 93, 81, 36, 28, 62},
		{43, 50, 95, 88, 41, 99, 14, 80, 60, 88},
		{71, 34, 67, 43, 15, 69, 54, 85, 10, 67},
		{14, 26, 77, 58, 82, 12, 66, 73, 99, 14},
		{20, 71, 81, 59, 89, 22, 84, 86, 56, 82},
		{58, 70, 97, 17, 97, 97, 93, 98, 25, 49},
		{30, 74, 41, 62, 84, 58, 33, 45, 95, 69},
		{90, 87, 44, 49, 97, 72, 12, 43, 57, 84},
		{39, 85, 49, 79, 26, 10, 64, 98, 37, 60},
		{16, 40, 10, 10, 34, 97, 18, 45, 95, 12},
		{34, 49, 49, 92, 60, 39, 32, 74, 34, 86},
		{14, 79, 59, 74, 96, 11, 54, 27, 55, 26},
		{35, 40, 51, 20, 86, 91, 95, 89, 33, 79},
		{31, 86, 60, 94, 33, 43, 43, 80, 91, 14},
		{48, 41, 21, 66, 78, 17, 68, 95, 51, 72},
		{97, 63, 75, 26, 15, 24, 25, 67, 67, 92},
		{45, 79, 81, 13, 66, 66, 56, 33, 88, 14},
		{45, 86, 70, 88, 15, 27, 52, 62, 39, 29},
		{10, 67, 55, 35, 19, 38, 93, 80, 82, 71},
		{11, 88, 78, 65, 44, 67, 35, 51, 54, 72},
		{37, 33, 20, 51, 15, 53, 85, 52, 32, 50},
		{72, 55, 25, 54, 16, 12, 32, 79, 59, 66},
		{51, 78, 84, 71, 97, 88, 61, 56, 34, 89},
		{37, 36, 88, 32, 25, 38, 64, 93, 18, 74},
		{74, 14, 86, 33, 41, 62, 58, 84, 79, 99},
		{62, 59, 21, 11, 88, 62, 35, 77, 11, 20},
		{65, 12, 97, 18, 48, 75, 29, 97, 28, 65},
		{44, 34, 84, 59, 93, 92, 13, 98, 43, 68},
		{90, 35, 55, 28, 71, 70, 38, 78, 80, 42}
	}
}